Source,Location ID,City,State,Country,Latitude,Longitude,Time Zone,Elevation,Local Time Zone,Clearsky DHI Units,Clearsky DNI Units,Clearsky GHI Units,Dew Point Units,DHI Units,DNI Units,GHI Units,Solar Zenith Angle Units,Temperature Units,Pressure Units,Relative Humidity Units,Precipitable Water Units,Wind Direction Units,Wind Speed Units,Cloud Type -15,Cloud Type 0,Cloud Type 1,Cloud Type 2,Cloud Type 3,Cloud Type 4,Cloud Type 5,Cloud Type 6,Cloud Type 7,Cloud Type 8,Cloud Type 9,Cloud Type 10,Cloud Type 11,Cloud Type 12,Fill Flag 0,Fill Flag 1,Fill Flag 2,Fill Flag 3,Fill Flag 4,Fill Flag 5,Surface Albedo Units,Version
NSRDB,2758210,-,-,-,35.22,-97.45,0,360,-6,w/m2,w/m2,w/m2,c,w/m2,w/m2,w/m2,Degree,c,mbar,%,cm,Degrees,m/s,N/A,Clear,Probably Clear,Fog,Water,Super-Cooled Water,Mixed,Opaque Ice,Cirrus,Overlapping,Overshooting,Unknown,Dust,Smoke,N/A,Missing Image,Low Irradiance,Exceeds Clearsky,Missing CLoud Properties,Rayleigh Violation,N/A,4.0.1
Year,Month,Day,Hour,Minute,Temperature,Clearsky GHI,GHI,Cloud Type,Dew Point,Relative Humidity,Solar Zenith Angle,Precipitable Water,Wind Speed,Wind Direction
2023,1,1,0,0,9.9,0,0,3,4.6000000000000005,69.8,96.77,1.3,1.4000000000000001,208
2023,1,1,1,0,9.600000000000001,0,0,1,4.3,69.69,108.3,1.3,1.4000000000000001,191
2023,1,1,2,0,9.600000000000001,0,0,0,4.4,70.14,120.28,1.2000000000000002,1.4000000000000001,177
2023,1,1,3,0,8.9,0,0,0,4.6000000000000005,74.59,132.48,1.2000000000000002,1.4000000000000001,168
2023,1,1,4,0,7.6000000000000005,0,0,0,5,83.35000000000001,144.68,1.3,1.5,170
2023,1,1,5,0,7,0,0,0,5.4,89.57000000000001,156.39000000000001,1.3,1.6,177
2023,1,1,6,0,6.7,0,0,7,5.800000000000001,93.86,165.83,1.4000000000000001,1.7000000000000002,183
2023,1,1,7,0,6.6000000000000005,0,0,7,6,95.84,166.47,1.5,1.8,186
2023,1,1,8,0,6.5,0,0,7,6,96.71000000000001,157.53,1.5,2.1,189
2023,1,1,9,0,6.5,0,0,7,6,96.79,145.92000000000002,1.5,2.3000000000000003,196
2023,1,1,10,0,6.5,0,0,7,6,96.3,133.74,1.5,2.3000000000000003,200
2023,1,1,11,0,6.4,0,0,6,5.800000000000001,96.19,121.52,1.6,2.2,202
2023,1,1,12,0,6.5,0,0,0,5.7,94.94,109.51,1.6,2.4000000000000004,205
2023,1,1,13,0,6.1000000000000005,0,0,8,5.7,97.09,97.92,1.5,2.3000000000000003,208
2023,1,1,14,0,7.2,39,25,7,5.7,90.39,86.77,1.4000000000000001,3.3000000000000003,213
2023,1,1,15,0,9.3,202,101,7,6,79.88,76.99,1.4000000000000001,3.4000000000000004,215
2023,1,1,16,0,12.200000000000001,361,253,7,6.5,68.19,68.57000000000001,1.4000000000000001,3.1,217
2023,1,1,17,0,15.3,481,481,1,6.800000000000001,56.79,62.230000000000004,1.4000000000000001,3.4000000000000004,229
2023,1,1,18,0,17.7,544,414,7,7.4,50.82,58.71,1.4000000000000001,3.6,234
2023,1,1,19,0,19.3,545,545,0,7.7,46.94,58.51,1.5,3.6,239
2023,1,1,20,0,19.900000000000002,488,488,0,7.800000000000001,45.71,61.68,1.5,3.3000000000000003,247
2023,1,1,21,0,19.6,375,328,7,9.4,51.7,67.73,1.5,2,250
2023,1,1,22,0,17.5,220,190,7,10.9,65.02,75.95,1.5,0.9,232
2023,1,1,23,0,15.8,54,34,7,7.7,58.410000000000004,85.63,1.5,0.9,184
2023,1,2,0,0,14.4,0,0,7,7.7,64.22,96.64,1.6,1.3,156
2023,1,2,1,0,12.8,0,0,7,8.6,75.46000000000001,108.17,1.6,1.5,151
2023,1,2,2,0,12.3,0,0,7,9.8,84.97,120.14,1.7000000000000002,1.7000000000000002,155
2023,1,2,3,0,11.9,0,0,7,11.3,95.8,132.35,1.8,1.9000000000000001,163
2023,1,2,4,0,11.5,0,0,6,11.5,100,144.54,1.8,2.2,170
2023,1,2,5,0,10.9,0,0,7,10.9,100,156.25,1.8,2.4000000000000004,173
2023,1,2,6,0,10.600000000000001,0,0,7,10.600000000000001,100,165.71,1.9000000000000001,2.5,173
2023,1,2,7,0,11.3,0,0,7,11.3,100,166.44,1.9000000000000001,3.2,180
2023,1,2,8,0,11.5,0,0,7,11.5,100,157.56,2,3,185
2023,1,2,9,0,11.200000000000001,0,0,8,11.200000000000001,100,145.97,2,2.3000000000000003,180
2023,1,2,10,0,11.100000000000001,0,0,8,11.100000000000001,100,133.8,2,2.2,172
2023,1,2,11,0,11.200000000000001,0,0,8,11.200000000000001,100,121.58,2.1,2.4000000000000004,167
2023,1,2,12,0,11.700000000000001,0,0,3,11.700000000000001,100,109.56,2.2,3,163
2023,1,2,13,0,12.5,0,0,3,12.5,100,97.96000000000001,2.4000000000000004,3.7,159
2023,1,2,14,0,13.9,29,10,3,13.9,100,86.8,2.6,4.5,152
2023,1,2,15,0,15.5,173,79,8,14.8,95.51,77,2.8000000000000003,4.800000000000001,153
2023,1,2,16,0,17.1,320,13,5,15.8,91.93,68.55,3,4.7,156
2023,1,2,17,0,18.8,432,12,8,16.8,87.9,62.190000000000005,3.1,5.7,171
2023,1,2,18,0,19.700000000000003,494,129,6,17.1,84.86,58.64,3.2,6.1000000000000005,179
2023,1,2,19,0,20.1,507,23,6,17.400000000000002,84.33,58.410000000000004,3.1,5.800000000000001,186
2023,1,2,20,0,20.6,461,94,6,17.400000000000002,82.06,61.56,3,5.5,194
2023,1,2,21,0,20.400000000000002,355,227,7,17.1,81.24,67.6,2.8000000000000003,4.7,199
2023,1,2,22,0,19.200000000000003,209,42,6,16.400000000000002,83.91,75.81,2.5,3.6,202
2023,1,2,23,0,16.6,52,35,8,15.600000000000001,93.58,85.49,2.2,2.3000000000000003,206
2023,1,3,0,0,14.700000000000001,0,0,3,14.700000000000001,100,96.5,2.1,2.1,212
2023,1,3,1,0,13.9,0,0,0,13.8,99.16,108.03,2,2.2,221
2023,1,3,2,0,14.8,0,0,0,12.5,86.34,120,2.1,3.3000000000000003,233
2023,1,3,3,0,15,0,0,3,10.8,76.19,132.21,1.9000000000000001,3.9000000000000004,242
2023,1,3,4,0,13.9,0,0,4,8.9,71.93,144.4,1.4000000000000001,3.9000000000000004,249
2023,1,3,5,0,12.3,0,0,4,6.4,67.03,156.11,1,3.8000000000000003,255
2023,1,3,6,0,10.4,0,0,3,3.7,63.38,165.57,0.9,3,254
2023,1,3,7,0,9.1,0,0,8,2.1,61.410000000000004,166.39000000000001,0.8,2.6,246
2023,1,3,8,0,8.5,0,0,7,1.1,59.54,157.58,0.7000000000000001,2.9000000000000004,237
2023,1,3,9,0,7.9,0,0,3,0.4,59.13,146.02,0.8,3.5,237
2023,1,3,10,0,6.6000000000000005,0,0,0,0.2,63.45,133.85,0.7000000000000001,3.3000000000000003,244
2023,1,3,11,0,5.2,0,0,0,0,69.04,121.63,0.7000000000000001,2.7,255
2023,1,3,12,0,4,0,0,0,-0.2,74.33,109.60000000000001,0.7000000000000001,2,267
2023,1,3,13,0,3.2,0,0,0,-0.30000000000000004,77.76,97.99000000000001,0.7000000000000001,1.6,279
2023,1,3,14,0,5.4,39,39,0,0,68.27,86.81,0.7000000000000001,2.4000000000000004,291
2023,1,3,15,0,7.800000000000001,206,206,0,-0.9,54.15,77,0.8,3.3000000000000003,305
2023,1,3,16,0,9.3,370,370,0,-2,45.03,68.53,0.8,3.8000000000000003,314
2023,1,3,17,0,9.8,493,493,0,-2.2,42.86,62.14,0.8,3.5,306
2023,1,3,18,0,10.3,558,465,2,-2.2,41.6,58.56,0.9,3.4000000000000004,299
2023,1,3,19,0,11,561,561,0,-2,40.17,58.31,1,3.7,283
2023,1,3,20,0,11.4,503,326,7,-1.9000000000000001,39.480000000000004,61.43,1,3.9000000000000004,281
2023,1,3,21,0,11.100000000000001,388,312,8,-2,40.13,67.46000000000001,1,3.8000000000000003,285
2023,1,3,22,0,9.600000000000001,230,167,3,-1.2000000000000002,46.93,75.67,1,2.6,293
2023,1,3,23,0,5.7,60,24,7,-0.4,65.07000000000001,85.35000000000001,0.9,1.5,306
2023,1,4,0,0,4.5,0,0,0,-1.1,67.23,96.35000000000001,0.9,1.6,317
2023,1,4,1,0,3.7,0,0,0,-1.6,68.36,107.89,0.9,1.7000000000000002,327
2023,1,4,2,0,3.1,0,0,0,-2,68.98,119.86,0.9,1.7000000000000002,334
2023,1,4,3,0,2.4000000000000004,0,0,0,-2.4000000000000004,70.73,132.07,0.9,1.8,337
2023,1,4,4,0,1.7000000000000002,0,0,0,-2.6,73.13,144.26,0.9,1.7000000000000002,337
2023,1,4,5,0,1.2000000000000002,0,0,0,-2.8000000000000003,74.7,155.96,1,1.6,336
2023,1,4,6,0,0.7000000000000001,0,0,0,-3,76.23,165.44,1,1.5,335
2023,1,4,7,0,0.30000000000000004,0,0,0,-3.2,77.42,166.34,1,1.6,336
2023,1,4,8,0,0.1,0,0,0,-3.3000000000000003,77.87,157.6,1,1.6,339
2023,1,4,9,0,0,0,0,5,-3.3000000000000003,78.36,146.06,1.1,1.6,344
2023,1,4,10,0,-0.6000000000000001,0,0,0,-3.5,80.84,133.9,1.1,1.4000000000000001,350
2023,1,4,11,0,-1.2000000000000002,0,0,0,-3.6,83.48,121.67,1,1.2000000000000002,352
2023,1,4,12,0,-1.5,0,0,4,-3.7,84.82000000000001,109.64,1,1.1,348
2023,1,4,13,0,-1.8,0,0,8,-3.8000000000000003,86.33,98.02,1,1.1,334
2023,1,4,14,0,0.6000000000000001,39,22,4,-3.2,75.78,86.82000000000001,1,1.7000000000000002,317
2023,1,4,15,0,3.5,206,206,0,-3.6,59.85,76.99,0.9,1.7000000000000002,312
2023,1,4,16,0,5.9,369,369,0,-3.7,49.99,68.5,0.9,1.4000000000000001,286
2023,1,4,17,0,7.7,491,491,0,-3.4000000000000004,45.22,62.08,0.9,1.8,263
2023,1,4,18,0,9.200000000000001,559,559,0,-3.1,42.03,58.47,0.9,2.2,257
2023,1,4,19,0,10.4,564,564,0,-2.7,39.87,58.19,0.9,2.6,257
2023,1,4,20,0,11,506,506,0,-2.3000000000000003,39.39,61.300000000000004,0.9,2.7,256
2023,1,4,21,0,11,391,391,0,-1.9000000000000001,40.54,67.31,0.9,2.8000000000000003,259
2023,1,4,22,0,9.3,231,231,0,0.1,52.67,75.52,1,1.9000000000000001,263
2023,1,4,23,0,5.4,61,61,0,-0.1,67.64,85.2,1,1.4000000000000001,268
2023,1,5,0,0,4.4,0,0,0,-0.7000000000000001,69.52,96.21000000000001,0.9,1.5,275
2023,1,5,1,0,3.9000000000000004,0,0,0,-1,70.43,107.74000000000001,0.9,1.6,281
2023,1,5,2,0,3.5,0,0,0,-1.3,70.86,119.72,0.8,1.8,289
2023,1,5,3,0,3.2,0,0,0,-1.7000000000000002,70.49,131.93,0.8,2.3000000000000003,308
2023,1,5,4,0,2.5,0,0,0,-2.2,71.05,144.12,0.7000000000000001,2.5,327
2023,1,5,5,0,1.3,0,0,0,-2.9000000000000004,73.62,155.82,0.7000000000000001,2.4000000000000004,334
2023,1,5,6,0,0.30000000000000004,0,0,0,-3.4000000000000004,75.94,165.29,0.6000000000000001,2.1,333
2023,1,5,7,0,-0.30000000000000004,0,0,0,-3.8000000000000003,77.38,166.28,0.6000000000000001,2.1,326
2023,1,5,8,0,-0.8,0,0,0,-4,79.14,157.62,0.6000000000000001,2.1,317
2023,1,5,9,0,-1.1,0,0,0,-4,80.61,146.1,0.6000000000000001,2.3000000000000003,308
2023,1,5,10,0,-1.2000000000000002,0,0,0,-4.1000000000000005,80.76,133.94,0.5,2.7,306
2023,1,5,11,0,-1.5,0,0,0,-4.4,80.79,121.71000000000001,0.5,2.7,306
2023,1,5,12,0,-1.8,0,0,0,-4.9,79.62,109.67,0.5,2.7,307
2023,1,5,13,0,-2,0,0,0,-5.4,77.77,98.04,0.5,2.8000000000000003,309
2023,1,5,14,0,-0.1,41,41,0,-5.4,67.67,86.82000000000001,0.5,3.8000000000000003,309
2023,1,5,15,0,2.5,213,213,0,-4.9,58.17,76.98,0.5,3.4000000000000004,306
2023,1,5,16,0,6.300000000000001,380,380,0,-4.800000000000001,45,68.47,0.5,3.5,316
2023,1,5,17,0,9.4,506,506,0,-5.9,33.38,62.02,0.5,4,331
2023,1,5,18,0,11,575,464,7,-5.800000000000001,30.23,58.370000000000005,0.5,3.5,321
2023,1,5,19,0,12,576,576,0,-5.7,28.63,58.07,0.6000000000000001,3.1,306
2023,1,5,20,0,12.4,519,519,0,-5.6000000000000005,28.09,61.160000000000004,0.6000000000000001,2.8000000000000003,294
2023,1,5,21,0,12.200000000000001,400,400,0,-5.2,29.19,67.16,0.7000000000000001,2.3000000000000003,286
2023,1,5,22,0,10,239,239,0,0.2,50.46,75.37,0.8,0.9,276
2023,1,5,23,0,8.3,65,65,0,-3.8000000000000003,42.300000000000004,85.05,0.8,0.8,255
2023,1,6,0,0,8,0,0,8,-4.7,40.26,96.06,0.9,0.7000000000000001,225
2023,1,6,1,0,7.300000000000001,0,0,0,-4.9,41.59,107.60000000000001,0.9,1,207
2023,1,6,2,0,5.800000000000001,0,0,7,-4.6000000000000005,47.19,119.58,0.9,1.3,199
2023,1,6,3,0,4.2,0,0,0,-4.2,54.31,131.79,0.9,1.4000000000000001,190
2023,1,6,4,0,2.9000000000000004,0,0,0,-4,60.35,143.98,0.9,1.5,183
2023,1,6,5,0,2.1,0,0,0,-3.8000000000000003,64.81,155.67000000000002,0.9,1.5,179
2023,1,6,6,0,1.7000000000000002,0,0,0,-3.8000000000000003,66.87,165.14000000000001,1,1.7000000000000002,175
2023,1,6,7,0,1.8,0,0,0,-3.6,67.6,166.21,1,1.9000000000000001,172
2023,1,6,8,0,1.6,0,0,1,-3.6,68.41,157.62,1,2.2,169
2023,1,6,9,0,1.6,0,0,7,-3.5,69.10000000000001,146.13,1.1,2.6,166
2023,1,6,10,0,1.6,0,0,6,-3.1,70.76,133.98,1.1,2.9000000000000004,167
2023,1,6,11,0,1.6,0,0,6,-2.7,73.16,121.75,1.2000000000000002,3,169
2023,1,6,12,0,2.1,0,0,6,-2,74.07000000000001,109.7,1.3,3.3000000000000003,171
2023,1,6,13,0,2.9000000000000004,0,0,6,-1.2000000000000002,74.33,98.06,1.4000000000000001,3.9000000000000004,176
2023,1,6,14,0,4.1000000000000005,36,11,7,-0.2,73.43,86.83,1.6,4.6000000000000005,177
2023,1,6,15,0,5.9,196,88,7,0.9,70.03,76.97,1.6,5,168
2023,1,6,16,0,9.200000000000001,358,253,7,2.2,61.620000000000005,68.42,1.5,5.800000000000001,168
2023,1,6,17,0,12.3,478,348,7,3.9000000000000004,56.49,61.95,1.6,6.800000000000001,178
2023,1,6,18,0,14.200000000000001,549,549,0,5.5,55.64,58.27,1.6,6.7,185
2023,1,6,19,0,15.5,553,368,7,6.800000000000001,56.160000000000004,57.94,1.7000000000000002,6.5,192
2023,1,6,20,0,15.9,495,391,8,8,59.24,61.01,1.8,5.9,197
2023,1,6,21,0,15.8,384,327,7,8.8,63.33,67.01,1.8,5.4,195
2023,1,6,22,0,14.700000000000001,230,230,1,9.600000000000001,71.54,75.22,1.7000000000000002,4.3,193
2023,1,6,23,0,11.700000000000001,63,40,3,10,89.43,84.91,1.7000000000000002,2.9000000000000004,194
2023,1,7,0,0,10.3,0,0,0,10.3,100,95.91,1.5,2.5,193
2023,1,7,1,0,9.700000000000001,0,0,3,9.700000000000001,100,107.45,1.4000000000000001,2.5,192
2023,1,7,2,0,9.8,0,0,8,9.8,100,119.43,1.3,2.8000000000000003,188
2023,1,7,3,0,10.4,0,0,8,10.4,100,131.64000000000001,1.3,3.5,194
2023,1,7,4,0,10.5,0,0,0,10.5,100,143.83,1.2000000000000002,3.8000000000000003,214
2023,1,7,5,0,10,0,0,0,10,100,155.51,1.1,3.8000000000000003,239
2023,1,7,6,0,8.5,0,0,0,8.5,100,164.99,0.9,3.8000000000000003,274
2023,1,7,7,0,6.5,0,0,0,5.5,93.12,166.14000000000001,0.8,4.2,306
2023,1,7,8,0,5,0,0,0,2.2,82.36,157.62,0.8,4.4,325
2023,1,7,9,0,4.2,0,0,0,1.1,80.24,146.15,0.8,4.7,334
2023,1,7,10,0,3.5,0,0,0,0.7000000000000001,81.9,134.01,0.8,4.800000000000001,338
2023,1,7,11,0,2.7,0,0,0,0.2,83.42,121.77,0.8,4.800000000000001,340
2023,1,7,12,0,1.6,0,0,0,-0.4,86.61,109.72,0.8,4.800000000000001,341
2023,1,7,13,0,0.8,0,0,0,-0.7000000000000001,89.47,98.07000000000001,0.9,4.9,343
2023,1,7,14,0,1.4000000000000001,38,38,0,-0.7000000000000001,85.67,86.82000000000001,0.9,5.300000000000001,345
2023,1,7,15,0,3.3000000000000003,206,206,1,-0.4,76.67,76.94,0.9,5.4,346
2023,1,7,16,0,5.800000000000001,369,369,0,0.1,66.94,68.37,1,5.300000000000001,347
2023,1,7,17,0,8,493,493,0,0.9,60.72,61.870000000000005,1,5.300000000000001,348
2023,1,7,18,0,9.8,563,563,1,1.6,56.53,58.160000000000004,1,5.2,348
2023,1,7,19,0,10.9,569,569,1,1.8,53.46,57.81,1,5,347
2023,1,7,20,0,11.4,512,431,8,1.8,51.6,60.86,1,4.800000000000001,346
2023,1,7,21,0,11.100000000000001,398,311,2,1.6,52.15,66.85,1,4.5,346
2023,1,7,22,0,9.9,240,165,3,2,57.800000000000004,75.05,1,3.2,349
2023,1,7,23,0,6.6000000000000005,67,44,7,2.2,73.36,84.75,1,1.7000000000000002,352
2023,1,8,0,0,5.5,0,0,7,1.7000000000000002,76.60000000000001,95.75,1,1.8,356
2023,1,8,1,0,4.5,0,0,7,1.2000000000000002,79.34,107.3,0.9,1.9000000000000001,1
2023,1,8,2,0,3.5,0,0,0,0.8,82.44,119.28,0.8,1.9000000000000001,6
2023,1,8,3,0,2.6,0,0,7,0.4,85.48,131.49,0.8,1.9000000000000001,11
2023,1,8,4,0,1.7000000000000002,0,0,7,0,88.39,143.68,0.8,1.7000000000000002,15
2023,1,8,5,0,0.8,0,0,7,-0.5,91.10000000000001,155.36,0.8,1.5,16
2023,1,8,6,0,0.1,0,0,7,-0.9,92.85000000000001,164.83,0.8,1.5,15
2023,1,8,7,0,-0.4,0,0,0,-1.3,93.64,166.05,0.8,1.5,11
2023,1,8,8,0,-0.9,0,0,0,-1.6,94.89,157.62,0.8,1.5,7
2023,1,8,9,0,-1.3,0,0,0,-1.9000000000000001,95.76,146.17000000000002,0.8,1.5,7
2023,1,8,10,0,-1.7000000000000002,0,0,0,-2.1,96.86,134.03,0.7000000000000001,1.5,7
2023,1,8,11,0,-2,0,0,0,-2.3000000000000003,97.47,121.8,0.7000000000000001,1.5,6
2023,1,8,12,0,-2.4000000000000004,0,0,0,-2.5,98.94,109.74000000000001,0.7000000000000001,1.5,4
2023,1,8,13,0,-2.6,0,0,0,-2.7,99.07000000000001,98.07000000000001,0.7000000000000001,1.4000000000000001,1
2023,1,8,14,0,0.1,40,40,0,-2.6,82.07000000000001,86.81,0.7000000000000001,2.3000000000000003,355
2023,1,8,15,0,2.6,211,211,0,-2.1,71.05,76.91,0.7000000000000001,1.9000000000000001,346
2023,1,8,16,0,6.1000000000000005,378,378,0,-1.6,57.59,68.32000000000001,0.7000000000000001,1,343
2023,1,8,17,0,9.200000000000001,504,504,0,-1.7000000000000002,46.57,61.78,0.7000000000000001,0.4,332
2023,1,8,18,0,11.3,574,574,0,-1.6,40.54,58.050000000000004,0.7000000000000001,0.6000000000000001,199
2023,1,8,19,0,13.5,581,581,0,-1.6,35.32,57.660000000000004,0.7000000000000001,1,216
2023,1,8,20,0,14.4,524,524,0,-0.9,34.87,60.7,0.7000000000000001,1.4000000000000001,206
2023,1,8,21,0,14.100000000000001,409,409,0,-0.30000000000000004,37.21,66.69,0.7000000000000001,1.7000000000000002,199
2023,1,8,22,0,11.600000000000001,248,248,0,4,59.46,74.89,0.7000000000000001,1,192
2023,1,8,23,0,7.5,72,72,0,1.3,64.9,84.59,0.7000000000000001,1.4000000000000001,188
2023,1,9,0,0,6,0,0,0,0.8,69.2,95.59,0.7000000000000001,1.5,188
2023,1,9,1,0,5.300000000000001,0,0,0,0.6000000000000001,71.82000000000001,107.14,0.7000000000000001,1.7000000000000002,191
2023,1,9,2,0,4.7,0,0,0,0.5,74.10000000000001,119.13,0.6000000000000001,1.9000000000000001,196
2023,1,9,3,0,4.2,0,0,0,0.30000000000000004,75.8,131.34,0.6000000000000001,2,199
2023,1,9,4,0,3.8000000000000003,0,0,0,0.1,76.81,143.53,0.6000000000000001,2.2,199
2023,1,9,5,0,3.5,0,0,0,0,77.63,155.20000000000002,0.6000000000000001,2.4000000000000004,196
2023,1,9,6,0,3.3000000000000003,0,0,0,-0.1,78.29,164.66,0.5,2.7,192
2023,1,9,7,0,3.1,0,0,0,-0.1,79.33,165.95000000000002,0.6000000000000001,2.9000000000000004,189
2023,1,9,8,0,2.8000000000000003,0,0,0,-0.2,80.91,157.6,0.6000000000000001,3,186
2023,1,9,9,0,2.6,0,0,0,-0.2,81.99,146.19,0.6000000000000001,3,186
2023,1,9,10,0,2.7,0,0,8,-0.1,81.87,134.05,0.6000000000000001,3.2,188
2023,1,9,11,0,2.9000000000000004,0,0,8,0,81.5,121.82000000000001,0.7000000000000001,3.5,190
2023,1,9,12,0,3.1,0,0,0,0.2,81.35000000000001,109.75,0.7000000000000001,3.6,190
2023,1,9,13,0,3.4000000000000004,0,0,0,0.4,80.93,98.07000000000001,0.8,3.9000000000000004,190
2023,1,9,14,0,4.5,38,20,7,0.8,77.06,86.8,0.8,4.6000000000000005,188
2023,1,9,15,0,7,205,146,3,1.5,67.94,76.88,0.9,5,183
2023,1,9,16,0,10.700000000000001,370,370,0,2.2,55.83,68.26,1,6.2,186
2023,1,9,17,0,13.8,496,496,0,2.8000000000000003,47.34,61.690000000000005,1,7,194
2023,1,9,18,0,15.9,568,568,0,3.3000000000000003,42.83,57.92,1,6.9,202
2023,1,9,19,0,17.1,576,576,0,3.7,40.82,57.52,1,6.5,208
2023,1,9,20,0,17.7,520,520,0,3.9000000000000004,40.06,60.54,1,5.7,214
2023,1,9,21,0,17.5,406,406,0,4.3,41.54,66.52,1,4.6000000000000005,221
2023,1,9,22,0,14.8,248,248,0,5.7,54.550000000000004,74.72,1,2.3000000000000003,229
2023,1,9,23,0,10.4,74,74,0,4.5,66.67,84.43,0.9,1.6,243
2023,1,10,0,0,8.9,0,0,0,3.2,67.57000000000001,95.43,0.7000000000000001,1.5,261
2023,1,10,1,0,8.1,0,0,0,2,65.3,106.99000000000001,0.7000000000000001,1.5,276
2023,1,10,2,0,7.9,0,0,7,0.8,60.800000000000004,118.98,0.6000000000000001,1.5,285
2023,1,10,3,0,8.3,0,0,7,-0.30000000000000004,54.54,131.19,0.6000000000000001,1.4000000000000001,280
2023,1,10,4,0,8.5,0,0,0,-1,51.18,143.37,0.6000000000000001,1.3,275
2023,1,10,5,0,8.6,0,0,0,-1.4000000000000001,49.27,155.03,0.7000000000000001,1,272
2023,1,10,6,0,8.4,0,0,0,-1.6,49.25,164.49,0.8,1,244
2023,1,10,7,0,8.1,0,0,0,-1.6,50.370000000000005,165.85,0.9,1.2000000000000002,220
2023,1,10,8,0,7.6000000000000005,0,0,0,-1.3,53.44,157.58,0.9,1.3,203
2023,1,10,9,0,7.2,0,0,0,-0.7000000000000001,57.33,146.19,1,1.4000000000000001,187
2023,1,10,10,0,5.9,0,0,0,0.2,67.05,134.07,1,1.5,174
2023,1,10,11,0,4.3,0,0,0,1.6,82.89,121.83,1,1.5,171
2023,1,10,12,0,3.4000000000000004,0,0,0,3.4000000000000004,99.95,109.76,1,1.6,176
2023,1,10,13,0,3.3000000000000003,0,0,0,3.3000000000000003,100,98.07000000000001,1.1,1.8,186
2023,1,10,14,0,6.5,38,24,7,5.4,92.62,86.78,1.2000000000000002,2.8000000000000003,197
2023,1,10,15,0,9.3,205,155,7,5.5,77.26,76.83,1.2000000000000002,3.9000000000000004,202
2023,1,10,16,0,12.100000000000001,371,290,8,5.7,65.05,68.19,1.2000000000000002,3.7,203
2023,1,10,17,0,15.700000000000001,497,497,0,4.5,47.34,61.59,1.2000000000000002,4.6000000000000005,215
2023,1,10,18,0,18,567,447,7,4,39.32,57.79,1.2000000000000002,5,220
2023,1,10,19,0,19.5,577,577,1,3.9000000000000004,35.7,57.36,1.1,5.2,225
2023,1,10,20,0,20.1,522,387,7,4,34.51,60.370000000000005,1.1,5.2,232
2023,1,10,21,0,19.3,409,183,6,5,39.06,66.34,1.1,4.1000000000000005,233
2023,1,10,22,0,16.400000000000002,251,206,7,6.4,51.54,74.55,1.1,2.6,225
2023,1,10,23,0,13.100000000000001,77,52,8,5.4,59.58,84.27,1.1,2.5,218
2023,1,11,0,0,12.100000000000001,0,0,7,4.800000000000001,60.980000000000004,95.27,1,2.6,220
2023,1,11,1,0,11.600000000000001,0,0,7,4.2,60.53,106.83,1,2.7,228
2023,1,11,2,0,10.9,0,0,7,3.5,60.2,118.82000000000001,1,2.5,237
2023,1,11,3,0,10.200000000000001,0,0,7,2.8000000000000003,59.9,131.04,0.9,2.5,246
2023,1,11,4,0,9.600000000000001,0,0,0,2.1,59.72,143.22,0.8,2.6,253
2023,1,11,5,0,9,0,0,0,1.7000000000000002,60.32,154.87,0.8,2.6,259
2023,1,11,6,0,8.5,0,0,7,1.6,62.01,164.31,0.7000000000000001,2.5,267
2023,1,11,7,0,7.7,0,0,7,1.6,65.09,165.74,0.7000000000000001,2.4000000000000004,277
2023,1,11,8,0,6.7,0,0,7,1.4000000000000001,68.82000000000001,157.55,0.7000000000000001,2.2,285
2023,1,11,9,0,5.9,0,0,7,1.1,71.47,146.19,0.7000000000000001,2.3000000000000003,294
2023,1,11,10,0,5.4,0,0,0,0.8,72.21000000000001,134.08,0.7000000000000001,2.7,302
2023,1,11,11,0,4.800000000000001,0,0,0,0.4,72.93,121.84,0.7000000000000001,2.7,312
2023,1,11,12,0,3.6,0,0,7,-0.2,76.47,109.76,0.7000000000000001,1.9000000000000001,323
2023,1,11,13,0,2.8000000000000003,0,0,7,-0.6000000000000001,78.54,98.06,0.6000000000000001,1.5,327
2023,1,11,14,0,5.5,41,26,8,0.30000000000000004,69.08,86.76,0.6000000000000001,1.7000000000000002,323
2023,1,11,15,0,7.9,213,23,7,0,57.550000000000004,76.78,0.7000000000000001,1.4000000000000001,290
2023,1,11,16,0,10.200000000000001,379,379,1,1.2000000000000002,53.65,68.11,0.8,1.7000000000000002,220
2023,1,11,17,0,13.5,503,503,0,2.5,47.18,61.49,0.9,2.7,202
2023,1,11,18,0,16.900000000000002,570,277,7,3.1,39.7,57.660000000000004,1,3.5,200
2023,1,11,19,0,19.200000000000003,579,400,7,3.9000000000000004,36.410000000000004,57.2,1,4,198
2023,1,11,20,0,20,525,192,7,4.4,35.800000000000004,60.19,1,4.4,199
2023,1,11,21,0,19.1,410,143,7,5.9,42,66.16,1.1,3.7,200
2023,1,11,22,0,16.900000000000002,253,150,8,6.7,51.1,74.37,1.1,2.9000000000000004,212
2023,1,11,23,0,13.4,76,38,8,6,60.68,84.10000000000001,1.3,2.4000000000000004,233
2023,1,12,0,0,13.200000000000001,0,0,0,5.300000000000001,58.620000000000005,95.10000000000001,1.2000000000000002,3.1,267
2023,1,12,1,0,13.5,0,0,8,2.6,47.57,106.67,0.8,4.7,279
2023,1,12,2,0,12.100000000000001,0,0,8,-0.8,40.92,118.67,0.5,4.9,272
2023,1,12,3,0,10.600000000000001,0,0,0,-2.7,39.31,130.88,0.7000000000000001,5.7,278
2023,1,12,4,0,9.1,0,0,0,-2,45.81,143.06,0.9,5.800000000000001,292
2023,1,12,5,0,7.9,0,0,0,0.5,59.32,154.70000000000002,1,6.800000000000001,295
2023,1,12,6,0,5.7,0,0,0,1,71.73,164.13,1.1,8.200000000000001,303
2023,1,12,7,0,3.7,0,0,0,0.2,77.65,165.62,1.1,9.1,318
2023,1,12,8,0,2.9000000000000004,0,0,0,-0.8,76.61,157.52,1.1,9,324
2023,1,12,9,0,2.7,0,0,3,-1.1,76.05,146.19,1.2000000000000002,8.5,328
2023,1,12,10,0,2.9000000000000004,0,0,4,-1.1,74.83,134.08,1.2000000000000002,8.1,332
2023,1,12,11,0,2.7,0,0,4,-1.2000000000000002,75.74,121.84,1.1,7.5,333
2023,1,12,12,0,2.4000000000000004,0,0,4,-1.3,76.45,109.75,1.2000000000000002,7.1000000000000005,333
2023,1,12,13,0,2.1,0,0,4,-1.6,76.27,98.04,1.1,6.800000000000001,337
2023,1,12,14,0,2.8000000000000003,38,20,4,-1.9000000000000001,71.03,86.72,1.1,7,342
2023,1,12,15,0,3.9000000000000004,206,58,4,-2.5,63.160000000000004,76.73,1,7.6000000000000005,348
2023,1,12,16,0,5.1000000000000005,377,115,4,-2.9000000000000004,56.45,68.03,0.9,7.5,348
2023,1,12,17,0,6.300000000000001,510,510,0,-3.1,50.94,61.370000000000005,0.7000000000000001,7.4,346
2023,1,12,18,0,7.2,585,585,0,-3.4000000000000004,46.74,57.51,0.6000000000000001,7.300000000000001,345
2023,1,12,19,0,8,593,593,0,-3.9000000000000004,42.84,57.03,0.6000000000000001,7,347
2023,1,12,20,0,8.5,537,537,0,-4.4,39.74,60.01,0.6000000000000001,6.5,349
2023,1,12,21,0,8.6,425,425,0,-4.800000000000001,38.28,65.97,0.6000000000000001,6.1000000000000005,348
2023,1,12,22,0,7.800000000000001,264,264,0,-4.7,40.76,74.19,0.6000000000000001,4.9,348
2023,1,12,23,0,4.4,84,84,0,-3.5,56.5,83.92,0.6000000000000001,2.4000000000000004,348
2023,1,13,0,0,2.8000000000000003,0,0,0,-3.4000000000000004,63.72,94.93,0.5,2,348
2023,1,13,1,0,2.2,0,0,0,-3.6,65.61,106.51,0.5,2.1,351
2023,1,13,2,0,1.5,0,0,0,-3.8000000000000003,68.06,118.51,0.5,2,358
2023,1,13,3,0,0.8,0,0,0,-3.9000000000000004,70.60000000000001,130.73,0.4,2,3
2023,1,13,4,0,0.2,0,0,0,-4.1000000000000005,72.74,142.9,0.5,2,6
2023,1,13,5,0,-0.5,0,0,0,-4.3,75.45,154.53,0.5,2,8
2023,1,13,6,0,-1.2000000000000002,0,0,0,-4.5,78.4,163.94,0.5,1.8,3
2023,1,13,7,0,-1.8,0,0,0,-4.6000000000000005,80.99,165.49,0.5,1.7000000000000002,1
2023,1,13,8,0,-2.2,0,0,0,-4.7,82.98,157.47,0.5,1.8,1
2023,1,13,9,0,-2.4000000000000004,0,0,0,-4.7,84.05,146.18,0.6000000000000001,2,1
2023,1,13,10,0,-2.9000000000000004,0,0,0,-4.800000000000001,86.9,134.08,0.6000000000000001,1.9000000000000001,2
2023,1,13,11,0,-3.4000000000000004,0,0,0,-4.800000000000001,89.87,121.84,0.6000000000000001,1.7000000000000002,2
2023,1,13,12,0,-3.8000000000000003,0,0,0,-4.9,92.38,109.74000000000001,0.7000000000000001,1.5,0
2023,1,13,13,0,-3.9000000000000004,0,0,0,-4.9,93,98.02,0.7000000000000001,1.5,357
2023,1,13,14,0,-1.4000000000000001,41,41,0,-4.6000000000000005,78.61,86.68,0.7000000000000001,2.6,350
2023,1,13,15,0,1.2000000000000002,213,213,0,-4.2,67.17,76.66,0.8,2.1,339
2023,1,13,16,0,4.5,381,381,0,-4.4,52.58,67.94,0.8,1.8,340
2023,1,13,17,0,6.6000000000000005,507,507,0,-3.9000000000000004,46.94,61.25,0.9,1.7000000000000002,311
2023,1,13,18,0,8.6,579,579,0,-3.5,42.230000000000004,57.36,0.9,2,298
2023,1,13,19,0,10.3,589,589,0,-3.1,38.76,56.85,0.9,2.1,303
2023,1,13,20,0,11.100000000000001,534,534,0,-2.8000000000000003,37.81,59.82,0.9,1.7000000000000002,307
2023,1,13,21,0,11.100000000000001,421,421,0,-2.4000000000000004,38.72,65.79,0.9,1.1,311
2023,1,13,22,0,10,262,262,0,-0.2,49.120000000000005,74.01,0.9,0.4,350
2023,1,13,23,0,7,84,84,0,-1.7000000000000002,54,83.75,0.9,0.9,105
2023,1,14,0,0,4.800000000000001,0,0,0,-1.9000000000000001,61.940000000000005,94.76,1,1.3,115
2023,1,14,1,0,3.3000000000000003,0,0,0,-2,68.28,106.34,1,1.4000000000000001,120
2023,1,14,2,0,2.3000000000000003,0,0,0,-2.2,72.19,118.35000000000001,1,1.6,126
2023,1,14,3,0,1.6,0,0,0,-2.4000000000000004,74.75,130.57,1,1.8,127
2023,1,14,4,0,1.1,0,0,0,-2.6,76.41,142.74,0.9,2.1,130
2023,1,14,5,0,0.6000000000000001,0,0,0,-2.7,78.60000000000001,154.36,0.9,2.4000000000000004,137
2023,1,14,6,0,0.1,0,0,0,-2.8000000000000003,81.14,163.75,0.9,2.5,145
2023,1,14,7,0,-0.4,0,0,0,-2.7,84.29,165.35,0.9,2.4000000000000004,153
2023,1,14,8,0,-0.9,0,0,0,-2.7,87.87,157.42000000000002,0.9,2.3000000000000003,159
2023,1,14,9,0,-1.3,0,0,0,-2.6,91.02,146.16,0.9,2.3000000000000003,164
2023,1,14,10,0,-1.6,0,0,0,-2.5,93.86,134.07,0.9,2.4000000000000004,167
2023,1,14,11,0,-1.6,0,0,0,-2.3000000000000003,94.65,121.83,0.9,2.8000000000000003,167
2023,1,14,12,0,-1.6,0,0,7,-2.2,95.35000000000001,109.73,0.9,3.2,168
2023,1,14,13,0,-1.5,0,0,7,-2.2,95.2,97.99000000000001,0.9,3.7,170
2023,1,14,14,0,0.2,39,29,7,-2,85.28,86.63,0.9,4.6000000000000005,171
2023,1,14,15,0,3.2,209,173,7,-1.4000000000000001,71.61,76.60000000000001,0.8,4.7,169
2023,1,14,16,0,7.2,378,292,7,-0.9,56.51,67.84,0.8,5.9,174
2023,1,14,17,0,10.4,507,397,7,-0.2,47.84,61.120000000000005,0.8,6.7,180
2023,1,14,18,0,12.8,581,460,7,-0.2,40.81,57.2,0.8,7.2,185
2023,1,14,19,0,14.100000000000001,588,466,7,-0.4,37.07,56.67,0.9,7.4,185
2023,1,14,20,0,14.600000000000001,532,421,7,-0.30000000000000004,35.92,59.63,1,7.5,183
2023,1,14,21,0,14.3,418,346,7,-0.1,37.15,65.59,1.1,7.2,179
2023,1,14,22,0,12.9,261,223,8,0.30000000000000004,42.19,73.82000000000001,1.1,6.6000000000000005,174
2023,1,14,23,0,10.8,86,63,7,0.9,50.38,83.57000000000001,1.1,6.2,170
2023,1,15,0,0,9.4,0,0,1,1.3,56.85,94.59,1.1,6.300000000000001,169
2023,1,15,1,0,8.6,0,0,0,1.4000000000000001,60.5,106.18,1.1,6.300000000000001,170
2023,1,15,2,0,8.200000000000001,0,0,0,1.2000000000000002,61.33,118.19,1.1,6.5,172
2023,1,15,3,0,7.9,0,0,7,0.9,61.49,130.41,1.1,6.9,176
2023,1,15,4,0,7.800000000000001,0,0,7,0.8,61.08,142.57,1.1,7.1000000000000005,179
2023,1,15,5,0,7.7,0,0,7,0.7000000000000001,61.050000000000004,154.18,1.1,7.2,182
2023,1,15,6,0,7.300000000000001,0,0,7,0.9,63.67,163.55,1.1,7,186
2023,1,15,7,0,6.5,0,0,0,1.2000000000000002,69.11,165.20000000000002,1.1,6.5,185
2023,1,15,8,0,6,0,0,0,1.6,73.19,157.36,1.2000000000000002,6.4,187
2023,1,15,9,0,5.6000000000000005,0,0,0,1.8,76.7,146.13,1.2000000000000002,6.4,190
2023,1,15,10,0,5.300000000000001,0,0,7,2,79.31,134.06,1.2000000000000002,6.4,188
2023,1,15,11,0,5.5,0,0,7,2.1,78.47,121.81,1.2000000000000002,6.5,187
2023,1,15,12,0,5.7,0,0,7,2.4000000000000004,79.16,109.7,1.2000000000000002,6.5,184
2023,1,15,13,0,5.5,0,0,7,3.2,84.91,97.95,1.2000000000000002,6.2,176
2023,1,15,14,0,6,39,10,6,4.4,89.54,86.59,1.3,6.6000000000000005,172
2023,1,15,15,0,7.6000000000000005,201,147,7,5.6000000000000005,86.99,76.52,1.4000000000000001,7.2,174
2023,1,15,16,0,9.3,358,180,6,6.4,81.83,67.74,1.7000000000000002,7.9,179
2023,1,15,17,0,11.200000000000001,472,284,7,6.800000000000001,74.41,60.99,1.9000000000000001,7.9,185
2023,1,15,18,0,12.5,545,266,7,7,69.22,57.03,2,7.6000000000000005,190
2023,1,15,19,0,14.3,552,280,7,7.2,62.36,56.480000000000004,2.1,7.800000000000001,191
2023,1,15,20,0,15.4,493,476,8,7.4,58.86,59.43,2.1,8,190
2023,1,15,21,0,15,399,27,6,7.800000000000001,62.08,65.39,2.2,7,184
2023,1,15,22,0,14.700000000000001,248,213,8,8.6,66.84,73.63,2.2,6.4,183
2023,1,15,23,0,14.100000000000001,80,46,7,9.1,72.11,83.39,2.2,6.1000000000000005,179
2023,1,16,0,0,14,0,0,6,9.600000000000001,74.8,94.42,2.2,6.5,180
2023,1,16,1,0,14.3,0,0,6,9.9,75.03,106.01,2.1,7.300000000000001,180
2023,1,16,2,0,14.5,0,0,9,10.100000000000001,75.08,118.03,2,7.800000000000001,183
2023,1,16,3,0,14.5,0,0,9,10.200000000000001,75.36,130.25,1.9000000000000001,8,189
2023,1,16,4,0,14.4,0,0,6,10,74.86,142.41,1.8,8.1,195
2023,1,16,5,0,14.100000000000001,0,0,6,9.5,73.77,154,1.7000000000000002,7.800000000000001,204
2023,1,16,6,0,13.4,0,0,7,8.5,72.15,163.35,1.7000000000000002,7.1000000000000005,213
2023,1,16,7,0,13,0,0,7,6.800000000000001,65.94,165.05,1.8,6.6000000000000005,220
2023,1,16,8,0,12.600000000000001,0,0,7,5,59.64,157.29,1.7000000000000002,6.2,222
2023,1,16,9,0,12.100000000000001,0,0,7,3.7,56.63,146.1,1.6,5.6000000000000005,223
2023,1,16,10,0,11.5,0,0,8,3,56.07,134.04,1.4000000000000001,5.300000000000001,229
2023,1,16,11,0,10.600000000000001,0,0,7,2.8000000000000003,58.69,121.79,1.4000000000000001,4.6000000000000005,235
2023,1,16,12,0,9.4,0,0,4,2.9000000000000004,63.85,109.68,1.3,3.6,235
2023,1,16,13,0,8.4,0,0,5,2.9000000000000004,68.38,97.91,1.3,3.3000000000000003,234
2023,1,16,14,0,10.200000000000001,42,42,1,3.2,61.76,86.54,1.3,4.1000000000000005,234
2023,1,16,15,0,12.600000000000001,212,212,0,3.5,54.06,76.44,1.3,4.1000000000000005,237
2023,1,16,16,0,15.4,379,379,0,2.8000000000000003,42.74,67.63,1.3,4.4,261
2023,1,16,17,0,17,507,507,0,2.3000000000000003,37.22,60.85,1.3,3.8000000000000003,265
2023,1,16,18,0,17.900000000000002,579,579,0,2.2,34.96,56.86,1.3,3.7,254
2023,1,16,19,0,18.5,587,587,0,2.1,33.5,56.29,1.4000000000000001,4,253
2023,1,16,20,0,18.2,535,535,0,2.1,34.18,59.22,1.4000000000000001,3.6,251
2023,1,16,21,0,17.900000000000002,425,425,0,2.8000000000000003,36.480000000000004,65.19,1.3,3,252
2023,1,16,22,0,15.600000000000001,268,268,0,6.5,54.82,73.43,1.3,1.3,260
2023,1,16,23,0,13.100000000000001,91,91,0,4.7,56.82,83.21000000000001,1.3,1.2000000000000002,277
2023,1,17,0,0,13,0,0,0,3.4000000000000004,52,94.24,1.2000000000000002,1.1,301
2023,1,17,1,0,12.5,0,0,0,2.4000000000000004,50.25,105.84,1.2000000000000002,0.9,324
2023,1,17,2,0,12,0,0,3,2,50.29,117.86,1.1,0.7000000000000001,351
2023,1,17,3,0,11.5,0,0,3,1.5,50.08,130.08,1.1,0.7000000000000001,22
2023,1,17,4,0,11.100000000000001,0,0,3,1.1,50.27,142.24,1.1,0.7000000000000001,56
2023,1,17,5,0,10.8,0,0,7,1,50.75,153.82,1.1,0.8,87
2023,1,17,6,0,10.200000000000001,0,0,8,0.6000000000000001,51.370000000000005,163.14000000000001,1.1,0.8,108
2023,1,17,7,0,9.700000000000001,0,0,8,0.4,52.300000000000004,164.89000000000001,1,0.9,132
2023,1,17,8,0,9.200000000000001,0,0,8,0.30000000000000004,53.58,157.22,1,0.9,161
2023,1,17,9,0,8.5,0,0,0,0.2,55.82,146.07,1,0.9,187
2023,1,17,10,0,7.800000000000001,0,0,0,0.2,58.54,134.01,1,0.8,194
2023,1,17,11,0,7.1000000000000005,0,0,8,0.2,61.7,121.77,1.1,0.8,198
2023,1,17,12,0,6.4,0,0,4,0.4,65.52,109.64,1.1,0.6000000000000001,164
2023,1,17,13,0,5.4,0,0,8,0.7000000000000001,71.63,97.87,1.1,0.6000000000000001,80
2023,1,17,14,0,7,42,28,7,2.2,71.74,86.48,1.2000000000000002,1.1,79
2023,1,17,15,0,9.200000000000001,213,151,7,2.4000000000000004,62.63,76.36,1.2000000000000002,1.6,93
2023,1,17,16,0,12.100000000000001,381,197,7,3.5,55.67,67.51,1.3,1.7000000000000002,116
2023,1,17,17,0,15.100000000000001,507,309,7,4,47.37,60.7,1.4000000000000001,2,148
2023,1,17,18,0,17,579,325,7,4.3,42.980000000000004,56.68,1.5,2.3000000000000003,183
2023,1,17,19,0,17.6,587,130,6,4.4,41.730000000000004,56.08,1.6,2.3000000000000003,206
2023,1,17,20,0,16.7,533,74,6,7,52.660000000000004,59.01,1.7000000000000002,1.4000000000000001,214
2023,1,17,21,0,15.5,422,83,7,9.4,67.1,64.98,1.7000000000000002,0.9,207
2023,1,17,22,0,13.8,266,28,7,8.200000000000001,69.01,73.23,1.7000000000000002,0.9,195
2023,1,17,23,0,12.100000000000001,91,38,7,6.7,69.63,83.02,1.8,1.1,187
2023,1,18,0,0,11.4,0,0,7,6.4,71.17,94.06,1.8,1.2000000000000002,184
2023,1,18,1,0,11.100000000000001,0,0,7,6.2,71.72,105.67,1.8,1.2000000000000002,180
2023,1,18,2,0,10.9,0,0,6,6.1000000000000005,72.12,117.7,1.9000000000000001,1.2000000000000002,172
2023,1,18,3,0,10.9,0,0,7,6,71.52,129.92000000000002,1.9000000000000001,1.2000000000000002,161
2023,1,18,4,0,10.5,0,0,7,5.800000000000001,72.46000000000001,142.07,2,1.3,147
2023,1,18,5,0,10,0,0,7,6,76.3,153.63,2.1,1.5,138
2023,1,18,6,0,10,0,0,5,6.5,79.01,162.93,2.2,1.9000000000000001,135
2023,1,18,7,0,10.200000000000001,0,0,7,7.300000000000001,82.09,164.72,2.3000000000000003,2.5,133
2023,1,18,8,0,10.600000000000001,0,0,7,8.4,86.2,157.14000000000001,2.6,3.3000000000000003,137
2023,1,18,9,0,11.100000000000001,0,0,7,10.100000000000001,93.38,146.02,2.8000000000000003,4.1000000000000005,156
2023,1,18,10,0,12,0,0,7,11.9,99.02,133.98,2.7,4.6000000000000005,190
2023,1,18,11,0,12,0,0,4,11.8,98.67,121.73,2.5,4.800000000000001,232
2023,1,18,12,0,10.700000000000001,0,0,7,10.100000000000001,96.29,109.60000000000001,2.3000000000000003,3.9000000000000004,257
2023,1,18,13,0,9.4,0,0,7,9,97.43,97.81,2.1,2,250
2023,1,18,14,0,10,37,8,7,9,93.68,86.41,1.9000000000000001,2.4000000000000004,210
2023,1,18,15,0,11.100000000000001,209,43,7,9.200000000000001,88.07000000000001,76.26,1.4000000000000001,4,190
2023,1,18,16,0,13.4,393,232,8,7.9,69.35000000000001,67.39,0.8,5.2,218
2023,1,18,17,0,15.5,530,530,0,4.2,46.730000000000004,60.54,0.6000000000000001,6.5,245
2023,1,18,18,0,16.5,609,609,0,1.3,35.92,56.5,0.5,6.5,253
2023,1,18,19,0,16.900000000000002,620,620,0,-0.6000000000000001,30.52,55.88,0.5,6.4,252
2023,1,18,20,0,16.900000000000002,566,566,0,-1.8,27.93,58.800000000000004,0.5,6.300000000000001,248
2023,1,18,21,0,16.400000000000002,453,453,0,-2.5,27.39,64.77,0.5,6.1000000000000005,243
2023,1,18,22,0,14.9,290,290,0,-2.1,30.88,73.03,0.5,4.9,239
2023,1,18,23,0,11.200000000000001,104,104,0,-1.4000000000000001,41.43,82.83,0.5,3.6,235
2023,1,19,0,0,10,0,0,0,-1.9000000000000001,43.28,93.88,0.5,4,236
2023,1,19,1,0,9,0,0,0,-2,45.910000000000004,105.5,0.6000000000000001,3.9000000000000004,242
2023,1,19,2,0,8,0,0,0,-1.7000000000000002,50.2,117.53,0.7000000000000001,3.8000000000000003,262
2023,1,19,3,0,7,0,0,0,-1.6,54.25,129.76,0.7000000000000001,4.1000000000000005,301
2023,1,19,4,0,5.4,0,0,0,-1.8,59.78,141.9,0.8,3.7,319
2023,1,19,5,0,3.8000000000000003,0,0,0,-2.2,64.69,153.45000000000002,0.8,3,315
2023,1,19,6,0,3.2,0,0,0,-3.4000000000000004,61.800000000000004,162.72,0.7000000000000001,3.8000000000000003,300
2023,1,19,7,0,2.6,0,0,0,-4.5,59.300000000000004,164.54,0.7000000000000001,4.6000000000000005,298
2023,1,19,8,0,2.1,0,0,0,-5.4,57.57,157.04,0.7000000000000001,5,296
2023,1,19,9,0,1.7000000000000002,0,0,0,-5.9,57.050000000000004,145.97,0.7000000000000001,5.1000000000000005,294
2023,1,19,10,0,1.6,0,0,0,-6.2,56.02,133.94,0.7000000000000001,5.800000000000001,299
2023,1,19,11,0,1.1,0,0,0,-6.2,58.4,121.7,0.6000000000000001,5.5,302
2023,1,19,12,0,0.5,0,0,0,-6,61.52,109.56,0.6000000000000001,4.800000000000001,304
2023,1,19,13,0,0,0,0,0,-5.800000000000001,64.9,97.76,0.6000000000000001,4,299
2023,1,19,14,0,1.2000000000000002,47,47,0,-5.300000000000001,61.78,86.33,0.6000000000000001,4.4,292
2023,1,19,15,0,3.6,226,226,0,-5.300000000000001,52.24,76.16,0.6000000000000001,5.7,310
2023,1,19,16,0,5.6000000000000005,400,400,0,-5.1000000000000005,46.03,67.26,0.6000000000000001,5.800000000000001,319
2023,1,19,17,0,7.300000000000001,532,532,0,-4.6000000000000005,42.64,60.38,0.6000000000000001,5.4,321
2023,1,19,18,0,8.6,606,606,0,-4,40.89,56.300000000000004,0.6000000000000001,5,321
2023,1,19,19,0,9.8,618,618,0,-3.5,39.1,55.660000000000004,0.6000000000000001,4.5,322
2023,1,19,20,0,10.4,566,566,0,-3.2,38.31,58.57,0.6000000000000001,4,322
2023,1,19,21,0,10.4,454,383,8,-3.1,38.51,64.55,0.6000000000000001,3.4000000000000004,321
2023,1,19,22,0,9.3,291,244,8,-1.1,48.04,72.82000000000001,0.6000000000000001,1.8,321
2023,1,19,23,0,6.800000000000001,106,76,8,-0.1,61.34,82.64,0.6000000000000001,1,322
2023,1,20,0,0,7,0,0,8,-1.7000000000000002,53.870000000000005,93.7,0.6000000000000001,0.8,310
2023,1,20,1,0,7.6000000000000005,0,0,7,-2.4000000000000004,49.28,105.32000000000001,0.6000000000000001,0.6000000000000001,267
2023,1,20,2,0,7.1000000000000005,0,0,7,-2.1,52.050000000000004,117.36,0.6000000000000001,0.8,219
2023,1,20,3,0,6.4,0,0,7,-2,54.83,129.59,0.6000000000000001,1,214
2023,1,20,4,0,5.4,0,0,7,-2.3000000000000003,57.6,141.73,0.7000000000000001,1.2000000000000002,219
2023,1,20,5,0,4.9,0,0,8,-2.3000000000000003,59.67,153.26,0.7000000000000001,1.2000000000000002,224
2023,1,20,6,0,4.5,0,0,7,-2.5,60.31,162.5,0.7000000000000001,1.2000000000000002,230
2023,1,20,7,0,4.3,0,0,8,-2.7,60.410000000000004,164.35,0.7000000000000001,1.1,242
2023,1,20,8,0,4.1000000000000005,0,0,4,-2.7,61.410000000000004,156.95000000000002,0.7000000000000001,1,268
2023,1,20,9,0,3.3000000000000003,0,0,0,-2.6,65.19,145.91,0.7000000000000001,1,307
2023,1,20,10,0,2.3000000000000003,0,0,7,-2.5,70.43,133.89000000000001,0.7000000000000001,1.1,345
2023,1,20,11,0,1,0,0,0,-2.5,77.46000000000001,121.65,0.7000000000000001,1.2000000000000002,8
2023,1,20,12,0,0.2,0,0,0,-2.5,82.21000000000001,109.51,0.8,1.2000000000000002,23
2023,1,20,13,0,-0.2,0,0,0,-2.6,83.89,97.69,0.8,1.2000000000000002,38
2023,1,20,14,0,2.6,46,46,0,-2,71.7,86.25,0.8,1.8,56
2023,1,20,15,0,4.800000000000001,222,222,0,-1.8,62.15,76.06,0.9,2.1,72
2023,1,20,16,0,8.4,394,394,0,-1.3,50.42,67.13,0.9,2,100
2023,1,20,17,0,11.700000000000001,526,526,0,-1.8,39.160000000000004,60.21,0.9,2.2,125
2023,1,20,18,0,13.200000000000001,601,601,0,-1.8,35.46,56.1,0.9,2.1,129
2023,1,20,19,0,14.100000000000001,613,613,0,-1.8,33.43,55.44,0.9,2.2,127
2023,1,20,20,0,14.3,560,560,0,-1.7000000000000002,33.17,58.35,0.9,2.5,124
2023,1,20,21,0,13.9,446,446,0,-1.6,34.37,64.33,0.9,2.9000000000000004,122
2023,1,20,22,0,12.100000000000001,286,286,0,0.7000000000000001,45.44,72.61,0.9,2.1,121
2023,1,20,23,0,7.800000000000001,104,104,0,1,62,82.45,0.9,1.8,119
2023,1,21,0,0,6.5,0,0,4,0.6000000000000001,65.85,93.51,0.9,2.1,118
2023,1,21,1,0,5.7,0,0,4,0.6000000000000001,69.83,105.15,0.9,2.2,118
2023,1,21,2,0,4.800000000000001,0,0,4,0.6000000000000001,74.27,117.19,0.9,2.1,119
2023,1,21,3,0,4.2,0,0,1,0.6000000000000001,77.31,129.42000000000002,0.9,2,125
2023,1,21,4,0,4,0,0,3,0.7000000000000001,79.16,141.56,0.9,2.1,133
2023,1,21,5,0,3.6,0,0,0,0.9,82.26,153.07,1,2.2,134
2023,1,21,6,0,3.3000000000000003,0,0,3,1.1,85.2,162.27,1,2.4000000000000004,133
2023,1,21,7,0,3.1,0,0,0,1.3,87.92,164.16,1,2.7,133
2023,1,21,8,0,2.9000000000000004,0,0,4,1.5,90.74,156.84,1,3,137
2023,1,21,9,0,2.8000000000000003,0,0,4,1.8,92.85000000000001,145.85,1.1,3.1,144
2023,1,21,10,0,3.2,0,0,4,2,92.06,133.84,1.2000000000000002,3.4000000000000004,156
2023,1,21,11,0,3.5,0,0,4,2.3000000000000003,91.88,121.60000000000001,1.3,3.6,161
2023,1,21,12,0,3.7,0,0,4,2.6,92.7,109.45,1.4000000000000001,3.2,161
2023,1,21,13,0,4.1000000000000005,0,0,4,3,92.86,97.62,1.6,2.9000000000000004,160
2023,1,21,14,0,5.1000000000000005,38,9,4,3.6,90.26,86.17,1.7000000000000002,3.4000000000000004,162
2023,1,21,15,0,6.300000000000001,198,7,4,4.4,87.67,75.94,1.7000000000000002,4.1000000000000005,164
2023,1,21,16,0,7.5,364,73,4,5,84.38,66.98,1.6,5,167
2023,1,21,17,0,8.9,500,63,4,5.300000000000001,78.27,60.04,1.4000000000000001,5.5,175
2023,1,21,18,0,10.600000000000001,588,282,3,5.300000000000001,69.58,55.9,1.2000000000000002,5.6000000000000005,185
2023,1,21,19,0,12.100000000000001,608,608,0,4.9,61.52,55.21,1,5.300000000000001,195
2023,1,21,20,0,13.4,561,561,0,4,52.78,58.120000000000005,0.9,4.9,206
2023,1,21,21,0,13.9,452,452,0,2,44.39,64.11,0.8,4.3,219
2023,1,21,22,0,12.200000000000001,292,292,0,1.7000000000000002,48.71,72.4,0.8,2.7,233
2023,1,21,23,0,7.7,108,108,0,1,62.68,82.25,0.8,1.9000000000000001,249
2023,1,22,0,0,6.2,0,0,0,0.4,66.21000000000001,93.33,0.8,2.3000000000000003,270
2023,1,22,1,0,6,0,0,0,0.8,69.32000000000001,104.97,0.9,4,301
2023,1,22,2,0,4.7,0,0,0,2.1,83.10000000000001,117.02,0.9,6,320
2023,1,22,3,0,3.8000000000000003,0,0,0,2.7,92.22,129.25,0.9,6.6000000000000005,324
2023,1,22,4,0,3.4000000000000004,0,0,0,1.9000000000000001,89.66,141.38,0.8,6.2,322
2023,1,22,5,0,2.7,0,0,0,0.7000000000000001,86.89,152.87,0.8,5.300000000000001,320
2023,1,22,6,0,2.2,0,0,4,0.2,86.52,162.04,0.8,5.1000000000000005,319
2023,1,22,7,0,1.8,0,0,4,-0.2,86.39,163.96,0.9,5,321
2023,1,22,8,0,1.4000000000000001,0,0,4,-0.6000000000000001,86.76,156.72,0.9,4.800000000000001,321
2023,1,22,9,0,0.9,0,0,4,-1,87.27,145.78,0.9,4.6000000000000005,320
2023,1,22,10,0,0.6000000000000001,0,0,4,-1.4000000000000001,86.65,133.79,0.9,4.3,319
2023,1,22,11,0,0.2,0,0,4,-1.7000000000000002,87.19,121.55,0.9,4,316
2023,1,22,12,0,-0.2,0,0,4,-1.9000000000000001,88.53,109.39,0.9,3.5,314
2023,1,22,13,0,-0.7000000000000001,0,0,4,-2,90.79,97.55,0.9,3.2,313
2023,1,22,14,0,0.8,45,7,4,-2,81.77,86.07000000000001,0.9,3.9000000000000004,314
2023,1,22,15,0,2.9000000000000004,219,26,4,-1.9000000000000001,70.73,75.83,0.9,4.6000000000000005,328
2023,1,22,16,0,4.2,391,69,4,-2.2,63.28,66.84,0.9,4.6000000000000005,328
2023,1,22,17,0,5.1000000000000005,525,155,4,-2.4000000000000004,58.25,59.85,0.9,4.7,324
2023,1,22,18,0,5.800000000000001,604,331,4,-2.8000000000000003,53.99,55.68,0.9,4.800000000000001,323
2023,1,22,19,0,6.5,621,621,0,-3.2,49.86,54.980000000000004,0.8,4.9,323
2023,1,22,20,0,7,570,570,0,-3.6,46.92,57.88,0.8,4.7,326
2023,1,22,21,0,7.1000000000000005,460,460,0,-3.8000000000000003,45.67,63.88,0.7000000000000001,4.3,328
2023,1,22,22,0,6.5,300,300,0,-3.8000000000000003,47.89,72.19,0.7000000000000001,3.4000000000000004,331
2023,1,22,23,0,2.9000000000000004,116,116,0,-2.5,67.64,82.05,0.6000000000000001,1.3,344
2023,1,23,0,0,1.4000000000000001,0,0,0,-3.1,71.91,93.14,0.6000000000000001,1.2000000000000002,3
2023,1,23,1,0,0.8,0,0,0,-3.5,72.89,104.79,0.6000000000000001,1.2000000000000002,20
2023,1,23,2,0,0.2,0,0,0,-3.7,75,116.85000000000001,0.5,1.2000000000000002,36
2023,1,23,3,0,-0.2,0,0,0,-3.7,77.47,129.08,0.5,1.2000000000000002,51
2023,1,23,4,0,-0.1,0,0,0,-3.6,77.5,141.21,0.5,1.1,66
2023,1,23,5,0,0.2,0,0,0,-3.5,76.38,152.67000000000002,0.5,0.9,85
2023,1,23,6,0,0,0,0,0,-3.4000000000000004,78,161.81,0.5,0.7000000000000001,112
2023,1,23,7,0,-0.5,0,0,0,-3.3000000000000003,81.28,163.75,0.5,0.8,143
2023,1,23,8,0,-1.3,0,0,0,-3.2,86.68,156.6,0.5,1,158
2023,1,23,9,0,-1.7000000000000002,0,0,0,-3.1,89.87,145.70000000000002,0.5,1,160
2023,1,23,10,0,-1.6,0,0,0,-3,89.92,133.72,0.5,0.8,151
2023,1,23,11,0,-1.6,0,0,0,-2.9000000000000004,90.58,121.48,0.5,0.6000000000000001,125
2023,1,23,12,0,-1.9000000000000001,0,0,0,-2.9000000000000004,92.98,109.32000000000001,0.5,0.7000000000000001,100
2023,1,23,13,0,-2,0,0,0,-2.8000000000000003,94.05,97.47,0.5,0.6000000000000001,86
2023,1,23,14,0,-0.30000000000000004,53,53,0,-2.6,84.68,85.97,0.5,0.6000000000000001,69
2023,1,23,15,0,2.3000000000000003,236,236,0,-2.3000000000000003,71.79,75.7,0.5,0.30000000000000004,105
2023,1,23,16,0,6,414,299,3,-3.3000000000000003,51.43,66.68,0.5,0.7000000000000001,134
2023,1,23,17,0,7.5,549,427,2,-3.4000000000000004,46.01,59.67,0.5,0.6000000000000001,109
2023,1,23,18,0,8.5,627,627,0,-3.3000000000000003,43.11,55.46,0.5,0.5,85
2023,1,23,19,0,9.1,636,636,0,-3.4000000000000004,41.160000000000004,54.74,0.6000000000000001,0.7000000000000001,67
2023,1,23,20,0,9.3,583,583,0,-3.5,40.29,57.64,0.6000000000000001,1.2000000000000002,68
2023,1,23,21,0,9.1,469,469,0,-3.7,40.300000000000004,63.65,0.6000000000000001,1.8,71
2023,1,23,22,0,8.1,307,307,0,-2.2,48.11,71.97,0.6000000000000001,1.7000000000000002,74
2023,1,23,23,0,4.2,120,84,7,-1.7000000000000002,65.55,81.85000000000001,0.6000000000000001,1.2000000000000002,80
2023,1,24,0,0,2.7,0,0,7,-2.5,68.51,92.95,0.6000000000000001,1.4000000000000001,86
2023,1,24,1,0,2.4000000000000004,0,0,7,-2.3000000000000003,70.98,104.62,0.6000000000000001,1.4000000000000001,92
2023,1,24,2,0,2,0,0,8,-2.2,73.69,116.68,0.7000000000000001,1.4000000000000001,99
2023,1,24,3,0,1.2000000000000002,0,0,7,-2.4000000000000004,77.04,128.91,0.8,1.4000000000000001,108
2023,1,24,4,0,0.6000000000000001,0,0,4,-2.3000000000000003,80.91,141.03,0.9,1.4000000000000001,117
2023,1,24,5,0,0.7000000000000001,0,0,4,-2,81.95,152.47,0.9,1.5,117
2023,1,24,6,0,1,0,0,4,-1.8,81.74,161.57,1,1.6,111
2023,1,24,7,0,1.3,0,0,0,-1.5,81.73,163.53,1,1.7000000000000002,106
2023,1,24,8,0,1.1,0,0,5,-1.3,83.97,156.47,1,1.6,102
2023,1,24,9,0,0.4,0,0,4,-1.2000000000000002,88.9,145.61,1.1,1.5,92
2023,1,24,10,0,0.1,0,0,7,-1.2000000000000002,91.08,133.65,1.2000000000000002,1.2000000000000002,91
2023,1,24,11,0,0.6000000000000001,0,0,7,-0.9,89.8,121.42,1.4000000000000001,1,105
2023,1,24,12,0,0.6000000000000001,0,0,6,-0.4,92.78,109.25,1.5,1.6,101
2023,1,24,13,0,0.9,0,0,6,0,93.88,97.38,1.7000000000000002,2.2,96
2023,1,24,14,0,1.8,42,5,6,0.6000000000000001,91.51,85.87,1.7000000000000002,2.9000000000000004,82
2023,1,24,15,0,1.9000000000000001,204,6,7,1,93.44,75.57000000000001,1.7000000000000002,2.6,90
2023,1,24,16,0,1.4000000000000001,374,29,6,0.7000000000000001,95.13,66.52,1.7000000000000002,2.6,77
2023,1,24,17,0,1.3,507,79,7,0.6000000000000001,95.17,59.47,1.7000000000000002,2.8000000000000003,67
2023,1,24,18,0,1.4000000000000001,586,50,7,0.6000000000000001,94.3,55.24,1.6,2.8000000000000003,54
2023,1,24,19,0,1.3,601,16,7,0.5,94.57000000000001,54.5,1.6,3,37
2023,1,24,20,0,1.3,552,46,7,0.5,94.43,57.39,1.6,3.3000000000000003,19
2023,1,24,21,0,1.3,443,90,8,0.5,94.52,63.410000000000004,1.5,3.6,14
2023,1,24,22,0,1.2000000000000002,285,17,7,0.5,95.09,71.75,1.5,3.9000000000000004,19
2023,1,24,23,0,0.7000000000000001,108,16,7,0.30000000000000004,97.10000000000001,81.65,1.4000000000000001,3.7,15
2023,1,25,0,0,0.5,0,0,7,0.1,97.3,92.76,1.4000000000000001,3.7,358
2023,1,25,1,0,0.5,0,0,7,0.1,96.92,104.44,1.3,3.8000000000000003,345
2023,1,25,2,0,0.5,0,0,7,0,96.44,116.51,1.3,3.7,339
2023,1,25,3,0,0.4,0,0,7,-0.1,96.65,128.74,1.2000000000000002,3.6,333
2023,1,25,4,0,0.30000000000000004,0,0,9,-0.2,96.71000000000001,140.85,1.2000000000000002,3.6,331
2023,1,25,5,0,0.1,0,0,9,-0.30000000000000004,96.92,152.27,1.2000000000000002,3.6,332
2023,1,25,6,0,-0.5,0,0,8,-0.8,98.12,161.33,1.1,3.5,332
2023,1,25,7,0,-1,0,0,8,-1.2000000000000002,98.52,163.31,1.1,3.6,328
2023,1,25,8,0,-1.4000000000000001,0,0,4,-1.6,98.82000000000001,156.33,1.1,3.6,319
2023,1,25,9,0,-1.3,0,0,4,-1.7000000000000002,97.07000000000001,145.52,1.1,3.5,309
2023,1,25,10,0,-1.7000000000000002,0,0,4,-2,97.67,133.58,1,3.2,299
2023,1,25,11,0,-2.2,0,0,4,-2.5,97.51,121.34,1,3.1,296
2023,1,25,12,0,-2.6,0,0,4,-3,97.03,109.16,1,3.1,301
2023,1,25,13,0,-3,0,0,4,-3.5,96.22,97.28,1,3,306
2023,1,25,14,0,-1.5,49,17,4,-2.7,91.34,85.76,1.1,3.5,312
2023,1,25,15,0,0.5,226,50,4,-1.7000000000000002,85.27,75.43,1.1,3.9000000000000004,323
2023,1,25,16,0,1.7000000000000002,405,256,4,-1.2000000000000002,81.25,66.35,1,3.7,329
2023,1,25,17,0,2.5,544,159,4,-0.9,78.37,59.27,1,3.7,328
2023,1,25,18,0,3.1,627,288,5,-0.8,75.60000000000001,55.01,0.9,3.7,328
2023,1,25,19,0,3.9000000000000004,643,492,5,-0.9,70.93,54.25,0.9,3.8000000000000003,330
2023,1,25,20,0,4.7,592,507,8,-1.1,65.92,57.14,0.9,3.9000000000000004,331
2023,1,25,21,0,5.2,478,478,0,-1.4000000000000001,62.620000000000005,63.17,0.8,3.9000000000000004,331
2023,1,25,22,0,4.6000000000000005,313,313,0,-1,66.97,71.53,0.8,3,331
2023,1,25,23,0,1.1,123,123,0,-1.6,82.09,81.45,0.8,1.8,330
2023,1,26,0,0,-0.6000000000000001,0,0,0,-2.9000000000000004,84.34,92.57000000000001,0.8,1.8,326
2023,1,26,1,0,-1.2000000000000002,0,0,0,-3.4000000000000004,84.86,104.26,0.8,1.8,321
2023,1,26,2,0,-1.5,0,0,0,-3.7,85.13,116.34,0.7000000000000001,1.9000000000000001,319
2023,1,26,3,0,-1.8,0,0,0,-3.9000000000000004,85.58,128.57,0.7000000000000001,2.2,323
2023,1,26,4,0,-2.3000000000000003,0,0,0,-4.2,86.81,140.67000000000002,0.7000000000000001,2.6,331
2023,1,26,5,0,-3.3000000000000003,0,0,0,-4.7,90.28,152.07,0.7000000000000001,2.5,336
2023,1,26,6,0,-4.5,0,0,0,-5.2,94.77,161.09,0.7000000000000001,2.1,336
2023,1,26,7,0,-5.4,0,0,0,-5.6000000000000005,98.18,163.08,0.6000000000000001,1.8,331
2023,1,26,8,0,-5.800000000000001,0,0,0,-5.9,99.10000000000001,156.18,0.6000000000000001,1.7000000000000002,321
2023,1,26,9,0,-5.9,0,0,0,-6,98.96000000000001,145.42000000000002,0.6000000000000001,1.8,312
2023,1,26,10,0,-5.9,0,0,0,-6.1000000000000005,98.59,133.49,0.6000000000000001,1.8,306
2023,1,26,11,0,-5.800000000000001,0,0,0,-6.1000000000000005,97.63,121.26,0.6000000000000001,1.8,298
2023,1,26,12,0,-5.7,0,0,0,-6.1000000000000005,97,109.08,0.6000000000000001,1.7000000000000002,285
2023,1,26,13,0,-5.300000000000001,0,0,0,-6,94.60000000000001,97.19,0.7000000000000001,2.1,270
2023,1,26,14,0,-2.6,55,55,1,-4.7,85.26,85.65,0.7000000000000001,3.3000000000000003,261
2023,1,26,15,0,0.4,239,239,0,-3.2,76.76,75.29,0.7000000000000001,3.4000000000000004,253
2023,1,26,16,0,3.7,416,416,0,-2.6,63.690000000000005,66.18,0.7000000000000001,3.8000000000000003,276
2023,1,26,17,0,5.9,551,551,0,-2.2,56.21,59.06,0.7000000000000001,4.3,291
2023,1,26,18,0,7.300000000000001,628,628,0,-2.1,51.300000000000004,54.77,0.7000000000000001,4.7,292
2023,1,26,19,0,8,642,642,0,-2.5,47.51,54,0.7000000000000001,5,290
2023,1,26,20,0,8.3,590,590,0,-3,44.83,56.89,0.7000000000000001,5,288
2023,1,26,21,0,8.1,478,478,0,-3.3000000000000003,44.46,62.93,0.7000000000000001,4.7,288
2023,1,26,22,0,6.800000000000001,316,316,0,-2.1,53.17,71.31,0.7000000000000001,3.1,289
2023,1,26,23,0,2.5,128,128,0,-1.7000000000000002,73.7,81.24,0.7000000000000001,1.6,286
2023,1,27,0,0,0.9,0,0,0,-3,75.41,92.38,0.6000000000000001,1.6,281
2023,1,27,1,0,0.2,0,0,0,-3.5,76.15,104.08,0.6000000000000001,1.6,273
2023,1,27,2,0,-0.4,0,0,0,-4,76.74,116.16,0.6000000000000001,1.7000000000000002,262
2023,1,27,3,0,-0.7000000000000001,0,0,0,-4.4,76.14,128.4,0.5,2,250
2023,1,27,4,0,-0.5,0,0,0,-4.800000000000001,72.72,140.49,0.5,2.7,241
2023,1,27,5,0,-0.4,0,0,0,-5.300000000000001,69.74,151.86,0.4,3.4000000000000004,236
2023,1,27,6,0,-0.7000000000000001,0,0,0,-5.6000000000000005,69.51,160.84,0.4,3.8000000000000003,233
2023,1,27,7,0,-1.1,0,0,0,-5.800000000000001,70.63,162.84,0.4,4,232
2023,1,27,8,0,-1.5,0,0,0,-5.800000000000001,72.34,156.03,0.5,4.2,232
2023,1,27,9,0,-1.8,0,0,0,-5.9,73.81,145.31,0.5,4.2,232
2023,1,27,10,0,-2,0,0,0,-5.9,74.88,133.4,0.5,4.3,230
2023,1,27,11,0,-2.1,0,0,0,-5.9,75.25,121.18,0.6000000000000001,4.3,228
2023,1,27,12,0,-2.3000000000000003,0,0,0,-5.9,76.14,108.99000000000001,0.6000000000000001,4.4,227
2023,1,27,13,0,-2.4000000000000004,0,0,0,-5.9,76.77,97.08,0.6000000000000001,4.3,226
2023,1,27,14,0,-0.5,59,59,1,-5.1000000000000005,71.10000000000001,85.53,0.6000000000000001,4.800000000000001,226
2023,1,27,15,0,2.4000000000000004,243,243,0,-4,62.77,75.14,0.7000000000000001,4.800000000000001,228
2023,1,27,16,0,5.6000000000000005,420,420,0,-3.5,51.92,66,0.7000000000000001,5.5,233
2023,1,27,17,0,8.4,555,555,0,-3.2,43.93,58.85,0.7000000000000001,5.7,236
2023,1,27,18,0,10.600000000000001,633,633,0,-3.1,38.25,54.53,0.7000000000000001,5.9,237
2023,1,27,19,0,12.100000000000001,647,647,0,-3.6,33.3,53.74,0.7000000000000001,5.9,236
2023,1,27,20,0,12.600000000000001,596,596,0,-3.9000000000000004,31.470000000000002,56.63,0.7000000000000001,5.6000000000000005,230
2023,1,27,21,0,12.4,484,484,0,-3.7,32.4,62.690000000000005,0.7000000000000001,5.1000000000000005,224
2023,1,27,22,0,10.600000000000001,322,322,0,-1.5,42.82,71.08,0.7000000000000001,3.4000000000000004,215
2023,1,27,23,0,6.300000000000001,132,132,0,-0.6000000000000001,61.53,81.04,0.7000000000000001,2.4000000000000004,205
2023,1,28,0,0,5.2,0,0,0,-0.7000000000000001,65.71000000000001,92.19,0.7000000000000001,3,196
2023,1,28,1,0,5.4,0,0,0,-0.2,67.34,103.9,0.7000000000000001,4.1000000000000005,191
2023,1,28,2,0,5.300000000000001,0,0,0,0.5,71.18,115.99000000000001,0.8,5,189
2023,1,28,3,0,5,0,0,0,1,75.61,128.22,0.8,5.5,189
2023,1,28,4,0,4.6000000000000005,0,0,0,1.4000000000000001,79.68,140.31,0.9,5.4,188
2023,1,28,5,0,3.9000000000000004,0,0,0,1.6,84.75,151.66,0.9,4.7,183
2023,1,28,6,0,3.5,0,0,0,1.8,88.59,160.58,0.9,5,180
2023,1,28,7,0,3.1,0,0,0,2.2,93.53,162.6,1,5.300000000000001,181
2023,1,28,8,0,2.8000000000000003,0,0,0,2.6,98.3,155.87,1,5.4,184
2023,1,28,9,0,2.9000000000000004,0,0,0,2.9000000000000004,99.82000000000001,145.19,1,5.6000000000000005,186
2023,1,28,10,0,3.1,0,0,0,3.1,100,133.31,1,5.800000000000001,186
2023,1,28,11,0,3.3000000000000003,0,0,8,3.3000000000000003,99.91,121.08,1,6,186
2023,1,28,12,0,3.4000000000000004,0,0,0,3.4000000000000004,99.73,108.89,1,6,187
2023,1,28,13,0,3.5,0,0,4,3.4000000000000004,99.44,96.97,1,6,188
2023,1,28,14,0,4.4,55,55,0,4,97.24000000000001,85.41,0.9,6.300000000000001,194
2023,1,28,15,0,5.7,234,160,7,4.800000000000001,94.07000000000001,74.99,0.9,6.2,195
2023,1,28,16,0,7.9,412,412,1,5.6000000000000005,85.46000000000001,65.81,0.9,6.5,199
2023,1,28,17,0,10.600000000000001,552,552,0,5.800000000000001,72.04,58.63,0.8,6.7,202
2023,1,28,18,0,12.700000000000001,635,635,0,5.5,61.53,54.28,0.8,6.6000000000000005,203
2023,1,28,19,0,14.100000000000001,650,650,0,5.2,55.18,53.47,0.8,6.6000000000000005,205
2023,1,28,20,0,14.700000000000001,595,595,0,5.1000000000000005,52.44,56.370000000000005,0.9,6.4,207
2023,1,28,21,0,14.5,482,482,0,5.2,53.51,62.440000000000005,0.9,5.800000000000001,208
2023,1,28,22,0,13.3,318,318,0,5.9,60.95,70.86,1,4.2,206
2023,1,28,23,0,10.8,130,130,0,6.300000000000001,73.98,80.83,1,2.8000000000000003,204
2023,1,29,0,0,9.4,0,0,0,6.300000000000001,80.76,91.99,1,2.4000000000000004,203
2023,1,29,1,0,9.1,0,0,8,6.4,83.45,103.72,1,2.4000000000000004,201
2023,1,29,2,0,9.1,0,0,0,6.800000000000001,85.44,115.81,1.1,2.2,200
2023,1,29,3,0,8.5,0,0,0,7,90.45,128.05,1.1,1.9000000000000001,208
2023,1,29,4,0,7,0,0,8,6.5,96.83,140.12,1,2,242
2023,1,29,5,0,5.1000000000000005,0,0,8,4.6000000000000005,96.31,151.45000000000002,1,3.4000000000000004,316
2023,1,29,6,0,2.5,0,0,0,1.1,90.23,160.33,0.9,5.6000000000000005,344
2023,1,29,7,0,-0.1,0,0,3,-2.5,83.76,162.34,0.8,6.2,353
2023,1,29,8,0,-1.7000000000000002,0,0,4,-4.9,78.49,155.70000000000002,0.7000000000000001,6.4,355
2023,1,29,9,0,-2.8000000000000003,0,0,4,-7,72.65,145.07,0.7000000000000001,6.9,358
2023,1,29,10,0,-4,0,0,1,-8.9,68.74,133.2,0.7000000000000001,6.800000000000001,2
2023,1,29,11,0,-5,0,0,1,-10.200000000000001,66.84,120.98,0.7000000000000001,6.5,6
2023,1,29,12,0,-5.7,0,0,0,-10.8,67.02,108.78,0.7000000000000001,6.1000000000000005,8
2023,1,29,13,0,-5.9,0,0,8,-11.200000000000001,66.08,96.85000000000001,0.7000000000000001,6,5
2023,1,29,14,0,-5,59,22,7,-11.600000000000001,59.74,85.27,0.7000000000000001,6.6000000000000005,4
2023,1,29,15,0,-3.7,245,55,8,-11.700000000000001,53.800000000000004,74.83,0.7000000000000001,6.6000000000000005,3
2023,1,29,16,0,-2.5,425,119,7,-11.5,49.94,65.62,0.7000000000000001,6.300000000000001,3
2023,1,29,17,0,-1.4000000000000001,562,179,7,-11.200000000000001,47.31,58.4,0.7000000000000001,5.9,2
2023,1,29,18,0,-0.5,642,67,7,-10.8,45.69,54.02,0.7000000000000001,5.6000000000000005,1
2023,1,29,19,0,0.4,657,76,4,-10.4,44.22,53.2,0.7000000000000001,5.5,0
2023,1,29,20,0,0.9,602,602,0,-10,43.81,56.1,0.8,5.6000000000000005,0
2023,1,29,21,0,0.8,490,59,4,-9.700000000000001,45.26,62.190000000000005,0.8,5.4,1
2023,1,29,22,0,-0.2,327,93,7,-9.4,49.800000000000004,70.62,0.8,4.9,4
2023,1,29,23,0,-2.1,137,137,0,-9.1,58.53,80.62,0.8,3.6,11
2023,1,30,0,0,-3.7,0,0,1,-9,66.88,91.8,0.7000000000000001,3.2,16
2023,1,30,1,0,-4.800000000000001,0,0,0,-9,72.14,103.53,0.7000000000000001,3.3000000000000003,12
2023,1,30,2,0,-5.7,0,0,0,-9.3,75.77,115.64,0.6000000000000001,3.5,6
2023,1,30,3,0,-6.1000000000000005,0,0,1,-9.600000000000001,76.05,127.88000000000001,0.6000000000000001,4,2
2023,1,30,4,0,-6.1000000000000005,0,0,1,-10.3,72.45,139.94,0.5,4.800000000000001,8
2023,1,30,5,0,-6.2,0,0,1,-10.9,69.22,151.23,0.5,5.2,13
2023,1,30,6,0,-6.4,0,0,4,-11.5,67.36,160.07,0.6000000000000001,5.300000000000001,16
2023,1,30,7,0,-6.4,0,0,1,-11.9,65.22,162.09,0.8,5.1000000000000005,14
2023,1,30,8,0,-6.300000000000001,0,0,4,-12.200000000000001,62.9,155.52,1,5,8
2023,1,30,9,0,-6.300000000000001,0,0,4,-12.5,61.46,144.94,1.1,5.2,5
2023,1,30,10,0,-6.4,0,0,4,-12.700000000000001,60.96,133.1,1.3,5.6000000000000005,6
2023,1,30,11,0,-6.5,0,0,0,-12.8,60.81,120.88,1.4000000000000001,5.7,8
2023,1,30,12,0,-6.7,0,0,4,-12.8,61.730000000000004,108.67,1.4000000000000001,5.6000000000000005,11
2023,1,30,13,0,-6.6000000000000005,0,0,1,-12.600000000000001,62.160000000000004,96.73,1.5,5.5,13
2023,1,30,14,0,-5.9,56,16,4,-12.3,60.78,85.13,1.6,5.300000000000001,14
2023,1,30,15,0,-5,228,5,7,-11.8,58.980000000000004,74.66,1.7000000000000002,4.800000000000001,14
2023,1,30,16,0,-4.2,398,398,0,-11.3,57.78,65.42,1.7000000000000002,4.4,14
2023,1,30,17,0,-3.1,532,23,4,-10.8,55.33,58.17,1.7000000000000002,4.2,13
2023,1,30,18,0,-2.1,612,220,7,-10.4,52.94,53.76,1.6,4,9
2023,1,30,19,0,-1.4000000000000001,630,56,5,-10.200000000000001,51.230000000000004,52.93,1.5,3.8000000000000003,7
2023,1,30,20,0,-1.1,585,88,4,-10.100000000000001,50.45,55.83,1.4000000000000001,3.8000000000000003,7
2023,1,30,21,0,-1.4000000000000001,480,50,4,-10.200000000000001,51.18,61.93,1.2000000000000002,4,10
2023,1,30,22,0,-2.2,323,75,7,-10.4,53.33,70.39,1.1,4,13
2023,1,30,23,0,-3.3000000000000003,138,138,0,-10.600000000000001,56.88,80.41,1,3.7,18
2023,1,31,0,0,-4.1000000000000005,0,0,4,-10.8,59.74,91.61,0.9,3.7,21
2023,1,31,1,0,-4.6000000000000005,0,0,0,-11.100000000000001,60.22,103.35000000000001,0.8,4.1000000000000005,22
2023,1,31,2,0,-5.1000000000000005,0,0,1,-11.5,60.74,115.46000000000001,0.7000000000000001,4.4,21
2023,1,31,3,0,-5.300000000000001,0,0,0,-11.700000000000001,60.79,127.7,0.7000000000000001,4.6000000000000005,22
2023,1,31,4,0,-5.2,0,0,4,-11.700000000000001,60.120000000000005,139.75,0.7000000000000001,4.7,23
2023,1,31,5,0,-5.2,0,0,8,-11.700000000000001,60.09,151.02,0.8,4.7,25
2023,1,31,6,0,-5.2,0,0,7,-11.700000000000001,60.11,159.8,0.9,4.800000000000001,26
2023,1,31,7,0,-5.2,0,0,0,-11.8,59.83,161.82,0.9,4.800000000000001,25
2023,1,31,8,0,-5.2,0,0,1,-11.9,59.1,155.33,0.9,4.800000000000001,24
2023,1,31,9,0,-5.4,0,0,0,-12.100000000000001,59.2,144.81,0.9,4.6000000000000005,20
2023,1,31,10,0,-5.4,0,0,1,-12.3,58.53,132.98,1,4.6000000000000005,16
2023,1,31,11,0,-5.300000000000001,0,0,8,-12.4,57.35,120.77,1.1,4.5,12
2023,1,31,12,0,-5.2,0,0,0,-12.600000000000001,56.24,108.56,1.2000000000000002,4.6000000000000005,9
2023,1,31,13,0,-5.2,0,0,8,-12.700000000000001,55.54,96.60000000000001,1.4000000000000001,4.7,9
2023,1,31,14,0,-4.9,58,20,7,-12.8,53.88,84.99,1.5,4.7,7
2023,1,31,15,0,-4.5,235,44,5,-12.8,52.34,74.49,1.6,4.4,8
2023,1,31,16,0,-4.3,410,36,7,-12.700000000000001,52.08,65.22,1.5,4,9
2023,1,31,17,0,-3.9000000000000004,547,135,7,-12.700000000000001,50.63,57.94,1.4000000000000001,3.8000000000000003,7
2023,1,31,18,0,-3.5,630,58,8,-12.700000000000001,49.07,53.5,1.3,3.6,359
2023,1,31,19,0,-3.1,648,183,8,-12.700000000000001,47.57,52.65,1.2000000000000002,3.6,352
2023,1,31,20,0,-3,599,258,7,-12.700000000000001,47.19,55.550000000000004,1.2000000000000002,3.6,350
2023,1,31,21,0,-3,490,200,6,-12.700000000000001,47.17,61.68,1.1,3.4000000000000004,353
2023,1,31,22,0,-3.1,331,96,7,-12.600000000000001,47.79,70.16,1,3.1,360
2023,1,31,23,0,-3.5,145,96,7,-12.600000000000001,49.49,80.2,0.8,2.6,4
2023,2,1,0,0,-3.7,0,0,7,-12.4,50.74,91.41,0.7000000000000001,2.4000000000000004,9
2023,2,1,1,0,-3.8000000000000003,0,0,7,-12.4,51.4,103.17,0.7000000000000001,2.2,10
2023,2,1,2,0,-3.9000000000000004,0,0,7,-12.3,52.06,115.29,0.6000000000000001,2.1,9
2023,2,1,3,0,-4,0,0,8,-12.3,52.46,127.52,0.6000000000000001,1.9000000000000001,7
2023,2,1,4,0,-4,0,0,8,-12.4,52.17,139.56,0.7000000000000001,1.8,8
2023,2,1,5,0,-4.1000000000000005,0,0,0,-12.4,52.480000000000004,150.8,0.7000000000000001,1.7000000000000002,9
2023,2,1,6,0,-4.2,0,0,0,-12.4,52.96,159.54,0.7000000000000001,1.6,10
2023,2,1,7,0,-4.4,0,0,7,-12.200000000000001,54.480000000000004,161.56,0.7000000000000001,1.7000000000000002,13
2023,2,1,8,0,-4.7,0,0,7,-11.5,58.94,155.14000000000001,0.7000000000000001,1.6,11
2023,2,1,9,0,-4.6000000000000005,0,0,7,-11.600000000000001,58.120000000000005,144.66,0.7000000000000001,1.9000000000000001,11
2023,2,1,10,0,-4.5,0,0,7,-11.8,56.730000000000004,132.86,0.6000000000000001,1.9000000000000001,15
2023,2,1,11,0,-4.4,0,0,8,-11.700000000000001,56.95,120.65,0.7000000000000001,1.6,14
2023,2,1,12,0,-4.4,0,0,8,-11.3,58.38,108.44,0.7000000000000001,1.4000000000000001,23
2023,2,1,13,0,-4.4,0,0,5,-11.200000000000001,58.97,96.47,0.8,1.6,32
2023,2,1,14,0,-3.9000000000000004,67,27,6,-11.5,55.71,84.84,0.8,1.8,33
2023,2,1,15,0,-3,255,83,7,-11.700000000000001,51.26,74.31,0.9,1.9000000000000001,47
2023,2,1,16,0,-1.7000000000000002,435,92,6,-11.600000000000001,46.69,65.01,0.9,1.5,49
2023,2,1,17,0,-0.4,572,118,7,-11.3,43.43,57.69,0.9,1.2000000000000002,67
2023,2,1,18,0,0,649,190,7,-10.9,43.85,53.230000000000004,1,1.4000000000000001,100
2023,2,1,19,0,-0.1,661,153,7,-10.600000000000001,45.06,52.36,1.1,0.8,103
2023,2,1,20,0,-0.2,610,267,4,-10.4,46.1,55.27,1.1,0.2,288
2023,2,1,21,0,-0.4,496,91,6,-10.3,47.36,61.42,1.2000000000000002,0.2,308
2023,2,1,22,0,-0.6000000000000001,335,25,6,-10,48.97,69.92,1.2000000000000002,0.4,346
2023,2,1,23,0,-1.2000000000000002,146,49,6,-8,59.69,79.99,1.3,0.4,358
2023,2,2,0,0,-1.7000000000000002,0,0,8,-7.2,66.03,91.22,1.3,0.5,19
2023,2,2,1,0,-1.7000000000000002,0,0,8,-7,67.23,102.99000000000001,1.4000000000000001,0.4,20
2023,2,2,2,0,-1.6,0,0,7,-8.3,60.11,115.11,1.4000000000000001,0.2,343
2023,2,2,3,0,-1.6,0,0,7,-8.6,58.81,127.35000000000001,1.5,0.2,255
2023,2,2,4,0,-1.8,0,0,4,-7.4,65.76,139.38,1.6,0.30000000000000004,174
2023,2,2,5,0,-2,0,0,4,-6.7,70.26,150.58,1.6,0.4,222
2023,2,2,6,0,-2.1,0,0,5,-6.5,72.03,159.27,1.7000000000000002,0.8,257
2023,2,2,7,0,-2,0,0,5,-7.5,66.04,161.28,1.7000000000000002,1,284
2023,2,2,8,0,-2,0,0,4,-7.300000000000001,67.17,154.94,1.7000000000000002,0.7000000000000001,329
2023,2,2,9,0,-2.2,0,0,4,-7,69.82000000000001,144.51,1.6,0.4,333
2023,2,2,10,0,-2.3000000000000003,0,0,7,-6.6000000000000005,72.2,132.73,1.6,0.6000000000000001,313
2023,2,2,11,0,-2.5,0,0,4,-6.7,72.72,120.53,1.6,1,324
2023,2,2,12,0,-2.5,0,0,7,-7.2,70.08,108.31,1.5,1.3,329
2023,2,2,13,0,-2.2,0,0,8,-7.4,67.79,96.33,1.5,1.3,345
2023,2,2,14,0,-0.9,65,18,8,-8.3,57.46,84.68,1.5,1.7000000000000002,8
2023,2,2,15,0,0.2,248,166,8,-8.5,52.22,74.13,1.5,1.8,12
2023,2,2,16,0,1.1,426,162,4,-8,50.84,64.8,1.4000000000000001,1.8,5
2023,2,2,17,0,2.1,561,234,4,-7.4,49.36,57.45,1.4000000000000001,1.8,358
2023,2,2,18,0,3.2,644,214,5,-7,47.14,52.95,1.3,2,350
2023,2,2,19,0,4.4,662,420,8,-6.5,44.87,52.07,1.2000000000000002,2.3000000000000003,345
2023,2,2,20,0,5.4,614,351,5,-6.2,42.94,54.99,1.1,2.8000000000000003,345
2023,2,2,21,0,5.7,505,456,8,-5.9,43.06,61.160000000000004,0.9,3.1,348
2023,2,2,22,0,4.4,348,348,0,-3.3000000000000003,57.18,69.69,0.7000000000000001,1.7000000000000002,353
2023,2,2,23,0,0.7000000000000001,157,157,0,-5.2,64.76,79.78,0.6000000000000001,1.4000000000000001,2
2023,2,3,0,0,0,0,0,0,-6.6000000000000005,60.93,91.02,0.5,1.5,5
2023,2,3,1,0,-0.1,0,0,0,-6.7,61.31,102.8,0.6000000000000001,1.5,3
2023,2,3,2,0,-0.7000000000000001,0,0,0,-6.300000000000001,65.72,114.94,0.6000000000000001,1.5,357
2023,2,3,3,0,-0.9,0,0,0,-5.7,70.09,127.17,0.7000000000000001,1.9000000000000001,356
2023,2,3,4,0,-0.6000000000000001,0,0,0,-4.800000000000001,72.99,139.19,0.7000000000000001,3,1
2023,2,3,5,0,-0.9,0,0,0,-4.2,78.51,150.36,0.7000000000000001,3.9000000000000004,3
2023,2,3,6,0,-1.7000000000000002,0,0,0,-4,84.22,158.99,0.7000000000000001,4.1000000000000005,7
2023,2,3,7,0,-2.5,0,0,0,-4.4,86.55,161,0.7000000000000001,3.7,10
2023,2,3,8,0,-3,0,0,0,-5.1000000000000005,85.31,154.73,0.7000000000000001,3.4000000000000004,10
2023,2,3,9,0,-3.3000000000000003,0,0,0,-5.800000000000001,82.60000000000001,144.35,0.7000000000000001,3.3000000000000003,9
2023,2,3,10,0,-3.6,0,0,0,-6.4,80.82000000000001,132.59,0.7000000000000001,3.2,10
2023,2,3,11,0,-3.9000000000000004,0,0,0,-6.800000000000001,79.96000000000001,120.4,0.7000000000000001,3.1,12
2023,2,3,12,0,-4.2,0,0,0,-7.1000000000000005,79.97,108.17,0.7000000000000001,2.8000000000000003,16
2023,2,3,13,0,-4.2,0,0,0,-7.300000000000001,78.78,96.18,0.7000000000000001,2.6,20
2023,2,3,14,0,-2.6,74,74,0,-7.800000000000001,67.26,84.52,0.7000000000000001,2.8000000000000003,35
2023,2,3,15,0,-0.5,267,267,0,-7.7,58.15,73.94,0.7000000000000001,2.1,46
2023,2,3,16,0,1.6,448,448,0,-6.9,53.44,64.58,0.7000000000000001,1.1,65
2023,2,3,17,0,3.7,587,587,0,-5.800000000000001,49.980000000000004,57.19,0.7000000000000001,0.6000000000000001,152
2023,2,3,18,0,5.7,667,667,0,-4.6000000000000005,47.68,52.67,0.7000000000000001,1.7000000000000002,202
2023,2,3,19,0,7.2,683,683,0,-3.5,46.56,51.78,0.7000000000000001,2.6,207
2023,2,3,20,0,8.3,631,631,0,-2.6,46.04,54.71,0.7000000000000001,3.2,207
2023,2,3,21,0,8.4,517,517,0,-1.9000000000000001,48.410000000000004,60.89,0.7000000000000001,3.3000000000000003,202
2023,2,3,22,0,6.300000000000001,352,352,0,-0.30000000000000004,62.56,69.45,0.7000000000000001,2.2,200
2023,2,3,23,0,1.8,160,160,0,-1.6,78.08,79.56,0.6000000000000001,2,201
2023,2,4,0,0,0.6000000000000001,0,0,0,-2,82.48,90.2,0.6000000000000001,2.2,201
2023,2,4,1,0,0.6000000000000001,0,0,0,-2,82.43,102.62,0.6000000000000001,2.5,200
2023,2,4,2,0,0.8,0,0,0,-2.1,80.85000000000001,114.76,0.6000000000000001,2.8000000000000003,200
2023,2,4,3,0,1.1,0,0,0,-2.1,79.03,126.99000000000001,0.6000000000000001,3.3000000000000003,201
2023,2,4,4,0,1.2000000000000002,0,0,0,-2.1,78.41,139,0.5,3.8000000000000003,200
2023,2,4,5,0,1,0,0,7,-2.2,79.06,150.14000000000001,0.5,4,198
2023,2,4,6,0,0.6000000000000001,0,0,0,-2.3000000000000003,80.79,158.72,0.5,4.2,197
2023,2,4,7,0,0.7000000000000001,0,0,7,-2.3000000000000003,80.33,160.71,0.5,4.4,199
2023,2,4,8,0,0.8,0,0,7,-2.3000000000000003,79.93,154.51,0.5,4.4,200
2023,2,4,9,0,0.7000000000000001,0,0,7,-2.2,80.67,144.19,0.6000000000000001,4.3,201
2023,2,4,10,0,0.6000000000000001,0,0,7,-2.2,81.23,132.45,0.6000000000000001,4.2,201
2023,2,4,11,0,0.5,0,0,7,-2.2,81.88,120.26,0.6000000000000001,4.2,196
2023,2,4,12,0,0.4,0,0,6,-2.2,82.69,108.04,0.6000000000000001,4.3,191
2023,2,4,13,0,0.5,0,0,7,-2.1,82.91,96.03,0.7000000000000001,4.4,187
2023,2,4,14,0,1.4000000000000001,73,20,6,-1.7000000000000002,79.97,84.36,0.7000000000000001,4.800000000000001,186
2023,2,4,15,0,3.1,263,190,7,-0.9,74.88,73.75,0.8,5.1000000000000005,184
2023,2,4,16,0,5.9,445,338,7,-0.1,65.43,64.35,0.8,6.300000000000001,190
2023,2,4,17,0,9,584,584,0,0.4,54.69,56.93,0.8,7.6000000000000005,198
2023,2,4,18,0,11.4,669,669,0,0.9,48.56,52.38,0.8,7.800000000000001,202
2023,2,4,19,0,12.8,684,684,0,1.4000000000000001,45.9,51.480000000000004,0.8,8.1,204
2023,2,4,20,0,13.600000000000001,633,633,0,1.8,44.71,54.42,0.8,8.1,204
2023,2,4,21,0,13.5,517,517,0,2.1,46.08,60.63,0.9,7.5,203
2023,2,4,22,0,12.100000000000001,352,262,2,2.8000000000000003,52.81,69.21000000000001,0.9,5.9,202
2023,2,4,23,0,9.700000000000001,157,131,7,3.1,63.51,79.35000000000001,1,4.800000000000001,201
2023,2,5,0,0,8.5,0,0,0,3.2,69.34,90.06,1,4.800000000000001,199
2023,2,5,1,0,7.6000000000000005,0,0,0,3.3000000000000003,74.4,102.44,1,4.7,196
2023,2,5,2,0,6.7,0,0,0,3.5,80.14,114.58,1,4.2,198
2023,2,5,3,0,5.5,0,0,0,3.7,88.31,126.81,1,3.4000000000000004,209
2023,2,5,4,0,4.5,0,0,0,3.8000000000000003,95.21000000000001,138.8,1,2.8000000000000003,220
2023,2,5,5,0,3.2,0,0,0,3.2,100,149.91,0.9,2.3000000000000003,228
2023,2,5,6,0,2.2,0,0,0,2.2,100,158.43,0.7000000000000001,2,230
2023,2,5,7,0,1.5,0,0,0,1.5,100,160.42000000000002,0.7000000000000001,1.8,231
2023,2,5,8,0,0.9,0,0,0,0.9,100,154.29,0.7000000000000001,1.7000000000000002,236
2023,2,5,9,0,0.4,0,0,0,0.4,100,144.02,0.7000000000000001,1.5,244
2023,2,5,10,0,0,0,0,0,0,100,132.3,0.7000000000000001,1.3,253
2023,2,5,11,0,0.1,0,0,0,0.1,100,120.12,0.7000000000000001,1.2000000000000002,266
2023,2,5,12,0,0,0,0,0,0,100,107.89,0.7000000000000001,1.1,301
2023,2,5,13,0,-0.2,0,0,0,-0.30000000000000004,99.16,95.88,0.7000000000000001,1.1,337
2023,2,5,14,0,2.3000000000000003,78,78,0,0.1,85.69,84.19,0.7000000000000001,1.9000000000000001,0
2023,2,5,15,0,4.6000000000000005,273,273,0,1.1,78.2,73.55,0.7000000000000001,1.7000000000000002,17
2023,2,5,16,0,8.5,454,454,0,2.5,65.97,64.12,0.8,1.3,45
2023,2,5,17,0,12.200000000000001,593,593,0,3.3000000000000003,54.550000000000004,56.67,0.8,1.6,76
2023,2,5,18,0,15,674,674,0,3.7,46.800000000000004,52.09,0.8,2.3000000000000003,99
2023,2,5,19,0,16.6,690,690,0,4.2,43.660000000000004,51.18,0.8,3.1,112
2023,2,5,20,0,17.3,639,639,0,4.9,43.89,54.13,0.8,3.5,122
2023,2,5,21,0,17.2,520,520,0,5.7,46.72,60.36,0.9,3.7,134
2023,2,5,22,0,15.8,355,355,0,7.4,57.410000000000004,68.97,0.9,2.7,144
2023,2,5,23,0,11.3,160,160,0,7.7,78.38,79.14,1,1.8,151
2023,2,6,0,0,9.4,0,0,0,7.9,90.62,89.9,1.1,2.1,155
2023,2,6,1,0,9.1,0,0,0,8.5,95.92,102.25,1.1,2.3000000000000003,158
2023,2,6,2,0,8.8,0,0,0,8.8,100,114.41,1.1,2.7,160
2023,2,6,3,0,8.700000000000001,0,0,0,8.700000000000001,100,126.64,1.1,3.4000000000000004,160
2023,2,6,4,0,8.4,0,0,0,8.4,100,138.61,1.1,3.8000000000000003,159
2023,2,6,5,0,7.800000000000001,0,0,0,7.800000000000001,100,149.69,1.1,4,157
2023,2,6,6,0,7.9,0,0,0,7.9,100,158.15,1.1,4.5,159
2023,2,6,7,0,7.9,0,0,0,7.9,100,160.12,1.1,4.7,162
2023,2,6,8,0,7.800000000000001,0,0,0,7.800000000000001,100,154.06,1.1,4.800000000000001,166
2023,2,6,9,0,8,0,0,0,8,100,143.84,1.1,5,172
2023,2,6,10,0,8.1,0,0,0,8.1,100,132.15,1.1,4.9,177
2023,2,6,11,0,8,0,0,0,8,100,119.98,1.1,4.6000000000000005,180
2023,2,6,12,0,7.7,0,0,3,7.7,100,107.74000000000001,1,4.6000000000000005,178
2023,2,6,13,0,7.9,0,0,0,7.800000000000001,99.01,95.71000000000001,1.1,4.9,177
2023,2,6,14,0,9.5,75,75,1,8.700000000000001,95.01,84.02,1.1,5.5,179
2023,2,6,15,0,12,261,261,0,10.200000000000001,88.60000000000001,73.35000000000001,1.3,6.2,182
2023,2,6,16,0,14.8,438,438,0,11.5,80.52,63.89,1.4000000000000001,7.1000000000000005,187
2023,2,6,17,0,17.1,576,576,0,12,71.98,56.4,1.4000000000000001,7.7,192
2023,2,6,18,0,18.8,659,659,0,11.8,63.79,51.79,1.5,7.800000000000001,195
2023,2,6,19,0,20,672,552,8,11.3,57.13,50.870000000000005,1.6,7.6000000000000005,197
2023,2,6,20,0,20.5,621,494,2,10.8,53.6,53.83,1.6,7.2,198
2023,2,6,21,0,20.400000000000002,508,12,6,10.700000000000001,53.61,60.09,1.7000000000000002,6.5,196
2023,2,6,22,0,19.400000000000002,345,239,7,11.100000000000001,58.72,68.73,1.8,5.1000000000000005,193
2023,2,6,23,0,17.1,155,155,0,11.600000000000001,70.10000000000001,78.93,1.9000000000000001,3.7,186
2023,2,7,0,0,16,0,0,0,12,77.05,89.75,2,3.7,181
2023,2,7,1,0,15.4,0,0,8,12.5,82.77,102.07000000000001,2.1,3.5,178
2023,2,7,2,0,14.5,0,0,0,13,90.61,114.23,2.2,2.9000000000000004,176
2023,2,7,3,0,13.4,0,0,0,13.100000000000001,98.19,126.46000000000001,2.3000000000000003,1.8,176
2023,2,7,4,0,12.9,0,0,6,12.600000000000001,97.74000000000001,138.42000000000002,2.5,1.4000000000000001,204
2023,2,7,5,0,12.200000000000001,0,0,6,10.600000000000001,90.17,149.46,2.5,2.5,348
2023,2,7,6,0,11.200000000000001,0,0,7,8.1,81.27,157.86,2.4000000000000004,4.4,359
2023,2,7,7,0,9.4,0,0,6,5.9,79.01,159.82,2.3000000000000003,4.6000000000000005,4
2023,2,7,8,0,8.3,0,0,7,4.5,76.76,153.82,2.2,5,6
2023,2,7,9,0,7.7,0,0,7,3.3000000000000003,73.89,143.65,2.1,5.4,7
2023,2,7,10,0,7.4,0,0,5,2.6,71.47,131.99,2,5.6000000000000005,13
2023,2,7,11,0,7,0,0,4,2.3000000000000003,71.87,119.82000000000001,2.1,5.5,19
2023,2,7,12,0,6.6000000000000005,0,0,7,2.3000000000000003,74.01,107.59,2.1,5.5,25
2023,2,7,13,0,6.300000000000001,0,0,7,2.6,77.01,95.55,2.1,5.6000000000000005,29
2023,2,7,14,0,6.5,68,17,7,3,78.16,83.84,2.1,5.300000000000001,32
2023,2,7,15,0,7.1000000000000005,246,17,7,3.2,76.47,73.13,2.1,5.9,36
2023,2,7,16,0,7.800000000000001,422,14,6,3.4000000000000004,73.75,63.65,2.2,6.4,40
2023,2,7,17,0,8.4,560,45,9,3.2,69.79,56.120000000000005,2.2,6.2,39
2023,2,7,18,0,8.5,646,45,9,2.8000000000000003,67.29,51.49,2.1,5.6000000000000005,36
2023,2,7,19,0,8.3,663,24,9,2.2,65.48,50.56,2.1,5.7,30
2023,2,7,20,0,7.800000000000001,612,15,6,1.6,65.1,53.53,2.2,5.800000000000001,19
2023,2,7,21,0,6.300000000000001,501,82,6,1.9000000000000001,73.23,59.82,2.3000000000000003,5.1000000000000005,1
2023,2,7,22,0,4.1000000000000005,344,18,6,1.8,84.81,68.49,2.2,5.1000000000000005,17
2023,2,7,23,0,3.3000000000000003,161,62,7,1.4000000000000001,87.08,78.71000000000001,2,5.1000000000000005,32
2023,2,8,0,0,3.2,0,0,6,1.4000000000000001,87.81,89.55,2,3.9000000000000004,25
2023,2,8,1,0,3.2,0,0,7,1.4000000000000001,87.67,101.89,1.9000000000000001,4.1000000000000005,27
2023,2,8,2,0,3.2,0,0,7,1.4000000000000001,87.93,114.05,1.9000000000000001,4,25
2023,2,8,3,0,3.2,0,0,7,1.4000000000000001,87.97,126.28,1.8,3.7,19
2023,2,8,4,0,3,0,0,7,1.3,88.69,138.22,1.9000000000000001,3.4000000000000004,18
2023,2,8,5,0,3.1,0,0,4,1.2000000000000002,87.48,149.23,2,3.6,26
2023,2,8,6,0,3.2,0,0,4,1.3,87.11,157.57,2.1,3.7,27
2023,2,8,7,0,3.3000000000000003,0,0,1,1.3,86.44,159.51,2.1,4,24
2023,2,8,8,0,3.3000000000000003,0,0,1,1.3,86.62,153.58,2.1,3.9000000000000004,20
2023,2,8,9,0,3.1,0,0,1,1.3,87.73,143.46,2.1,4,25
2023,2,8,10,0,3.1,0,0,1,1.2000000000000002,87.41,131.82,2.1,4.1000000000000005,24
2023,2,8,11,0,2.9000000000000004,0,0,4,1.1,87.79,119.67,2.1,4.6000000000000005,13
2023,2,8,12,0,2.5,0,0,6,0.7000000000000001,88.21000000000001,107.42,2.1,4.800000000000001,7
2023,2,8,13,0,2.4000000000000004,0,0,7,0.6000000000000001,87.67,95.38,2.1,4,20
2023,2,8,14,0,3.5,74,11,9,0.9,82.92,83.65,2.2,4.1000000000000005,17
2023,2,8,15,0,4,255,56,6,1.3,82.5,72.92,2.2,3.8000000000000003,6
2023,2,8,16,0,4.6000000000000005,433,113,9,1.6,81.13,63.4,2.1,5,351
2023,2,8,17,0,6.800000000000001,569,26,4,2.3000000000000003,73.17,55.84,2,5.2,355
2023,2,8,18,0,8.200000000000001,649,30,4,3.1,70.01,51.18,1.9000000000000001,4.6000000000000005,359
2023,2,8,19,0,8.700000000000001,666,182,4,3.6,70.22,50.24,1.8,4,360
2023,2,8,20,0,8.6,613,121,5,3.9000000000000004,72.22,53.230000000000004,1.9000000000000001,3.4000000000000004,351
2023,2,8,21,0,7.9,498,56,4,4,76.48,59.550000000000004,1.9000000000000001,2.6,329
2023,2,8,22,0,6.9,340,340,1,4.1000000000000005,82.53,68.25,1.8,2.4000000000000004,311
2023,2,8,23,0,5.800000000000001,157,6,3,3.9000000000000004,87.52,78.49,1.5,3.2,294
2023,2,9,0,0,4.5,0,0,4,3.3000000000000003,91.86,89.39,1.4000000000000001,4.5,284
2023,2,9,1,0,3.4000000000000004,0,0,4,2.6,94.63,101.7,1.4000000000000001,5.1000000000000005,282
2023,2,9,2,0,2.7,0,0,5,2.1,95.96000000000001,113.88,1.4000000000000001,5.4,280
2023,2,9,3,0,2.5,0,0,8,1.9000000000000001,95.87,126.10000000000001,1.4000000000000001,5.1000000000000005,281
2023,2,9,4,0,2.5,0,0,4,2,96.47,138.02,1.2000000000000002,3.9000000000000004,277
2023,2,9,5,0,2,0,0,0,1.9000000000000001,99.61,148.99,1,3.2,267
2023,2,9,6,0,1.7000000000000002,0,0,0,1.7000000000000002,100,157.28,0.8,3.7,262
2023,2,9,7,0,1.7000000000000002,0,0,0,1.4000000000000001,97.92,159.20000000000002,0.8,3.8000000000000003,264
2023,2,9,8,0,1.4000000000000001,0,0,0,1.1,97.59,153.33,0.8,3.1,265
2023,2,9,9,0,0.7000000000000001,0,0,0,0.7000000000000001,99.8,143.27,0.7000000000000001,3,259
2023,2,9,10,0,0.7000000000000001,0,0,0,0.5,98.58,131.65,0.7000000000000001,3.4000000000000004,253
2023,2,9,11,0,0.4,0,0,0,0.4,99.66,119.5,0.7000000000000001,2.9000000000000004,250
2023,2,9,12,0,0.4,0,0,0,0.2,98.3,107.26,0.7000000000000001,3.1,249
2023,2,9,13,0,0.5,0,0,0,0.1,97.3,95.2,0.7000000000000001,3,253
2023,2,9,14,0,1.7000000000000002,89,89,0,0.5,92.03,83.46000000000001,0.8,3.2,262
2023,2,9,15,0,4.1000000000000005,288,288,0,1,80.01,72.7,0.8,3.2,274
2023,2,9,16,0,6.9,472,472,0,1,66.19,63.15,0.8,3.2,289
2023,2,9,17,0,9.200000000000001,609,609,0,0.9,56.300000000000004,55.56,0.9,3.4000000000000004,310
2023,2,9,18,0,10.9,690,690,0,0.8,49.7,50.870000000000005,0.9,3.9000000000000004,329
2023,2,9,19,0,12,703,703,0,0.5,45.22,49.92,1,4.3,342
2023,2,9,20,0,12.3,652,652,0,0.2,43.44,52.93,1,4.7,351
2023,2,9,21,0,12,538,538,0,0.1,44.01,59.27,1,4.800000000000001,356
2023,2,9,22,0,11,372,372,0,0.4,47.88,68,1,4.7,355
2023,2,9,23,0,8.4,176,176,0,1.3,61.09,78.28,1.1,3.6,352
2023,2,10,0,0,6.4,0,0,0,1.6,71.46000000000001,89.22,1.1,3.6,348
2023,2,10,1,0,6.2,0,0,0,1.9000000000000001,73.88,101.52,1.2000000000000002,4.6000000000000005,346
2023,2,10,2,0,5.800000000000001,0,0,0,2.3000000000000003,77.95,113.7,1.3,5.300000000000001,349
2023,2,10,3,0,5.4,0,0,1,2.6,81.9,125.91,1.3,5.7,351
2023,2,10,4,0,4.800000000000001,0,0,4,2.6,85.8,137.83,1.3,5.9,351
2023,2,10,5,0,3.9000000000000004,0,0,4,2.1,88.31,148.76,1.3,5.9,351
2023,2,10,6,0,2.9000000000000004,0,0,4,1,87.44,156.98,1.2000000000000002,5.9,353
2023,2,10,7,0,2.1,0,0,4,0,85.76,158.88,1.1,5.4,353
2023,2,10,8,0,1.6,0,0,4,-0.8,84.24,153.07,1.1,5,352
2023,2,10,9,0,1.3,0,0,4,-1.3,82.96000000000001,143.06,1.1,4.7,350
2023,2,10,10,0,1.1,0,0,8,-1.8,81.12,131.47,1.1,4.6000000000000005,348
2023,2,10,11,0,0.6000000000000001,0,0,8,-2.3000000000000003,80.92,119.33,1,4.3,345
2023,2,10,12,0,0.1,0,0,8,-2.8000000000000003,81.10000000000001,107.09,1,4.2,341
2023,2,10,13,0,-0.30000000000000004,0,0,4,-3.3000000000000003,80.18,95.02,1,4.3,337
2023,2,10,14,0,0.30000000000000004,89,27,7,-4.6000000000000005,69.60000000000001,83.26,1,5.300000000000001,344
2023,2,10,15,0,1.5,286,52,8,-6,57.660000000000004,72.48,1,5.5,352
2023,2,10,16,0,2.7,471,177,5,-6.6000000000000005,50.32,62.89,0.9,5.2,350
2023,2,10,17,0,3.8000000000000003,612,225,4,-6.9,45.62,55.27,0.9,5.300000000000001,348
2023,2,10,18,0,4.9,693,245,4,-7,41.76,50.550000000000004,0.9,5.5,347
2023,2,10,19,0,5.6000000000000005,709,367,4,-7.1000000000000005,39.43,49.6,0.9,5.5,351
2023,2,10,20,0,5.9,658,658,0,-7.300000000000001,38.28,52.620000000000005,0.9,5.2,356
2023,2,10,21,0,6,542,542,0,-7.5,37.4,58.99,0.9,4.9,360
2023,2,10,22,0,5.7,380,380,0,-7.7,37.42,67.76,0.8,4.6000000000000005,2
2023,2,10,23,0,3.3000000000000003,184,58,4,-6.300000000000001,49.410000000000004,78.06,0.8,2.6,3
2023,2,11,0,0,0.7000000000000001,0,0,0,-5.7,62.17,89.03,0.7000000000000001,1.9000000000000001,6
2023,2,11,1,0,0,0,0,0,-6.300000000000001,62.79,101.34,0.7000000000000001,1.9000000000000001,11
2023,2,11,2,0,-0.7000000000000001,0,0,0,-6.6000000000000005,64.35,113.52,0.7000000000000001,1.9000000000000001,18
2023,2,11,3,0,-1.5,0,0,0,-6.800000000000001,67.33,125.73,0.6000000000000001,1.8,27
2023,2,11,4,0,-2.3000000000000003,0,0,0,-6.800000000000001,71.11,137.63,0.6000000000000001,1.6,35
2023,2,11,5,0,-2.9000000000000004,0,0,0,-6.9,73.73,148.52,0.6000000000000001,1.4000000000000001,37
2023,2,11,6,0,-3.5,0,0,0,-7.2,75.75,156.68,0.6000000000000001,1.3,35
2023,2,11,7,0,-3.8000000000000003,0,0,0,-7.4,75.92,158.56,0.7000000000000001,1.2000000000000002,32
2023,2,11,8,0,-3.9000000000000004,0,0,0,-7.6000000000000005,75.36,152.81,0.7000000000000001,1.1,29
2023,2,11,9,0,-3.9000000000000004,0,0,0,-7.6000000000000005,75.32000000000001,142.85,0.7000000000000001,1.1,20
2023,2,11,10,0,-4.1000000000000005,0,0,0,-7.5,77.08,131.29,0.7000000000000001,1.1,8
2023,2,11,11,0,-4.2,0,0,0,-7.4,78.29,119.16,0.7000000000000001,1.1,3
2023,2,11,12,0,-4.3,0,0,0,-7.300000000000001,79.36,106.91,0.6000000000000001,1.2000000000000002,3
2023,2,11,13,0,-3.4000000000000004,0,0,0,-6.800000000000001,77.08,94.83,0.6000000000000001,1.6,5
2023,2,11,14,0,-0.8,98,98,0,-6.7,64.39,83.06,0.6000000000000001,2.6,5
2023,2,11,15,0,2.5,300,300,0,-6.5,51.39,72.25,0.6000000000000001,2.2,13
2023,2,11,16,0,5,487,487,0,-6.300000000000001,44.01,62.63,0.6000000000000001,1.7000000000000002,20
2023,2,11,17,0,6.9,629,629,0,-5.2,41.94,54.980000000000004,0.6000000000000001,1.1,20
2023,2,11,18,0,8.700000000000001,712,712,0,-3.7,41.35,50.230000000000004,0.6000000000000001,0.6000000000000001,360
2023,2,11,19,0,10.100000000000001,728,728,0,-2.4000000000000004,41.410000000000004,49.27,0.6000000000000001,0.6000000000000001,295
2023,2,11,20,0,11.100000000000001,676,676,0,-1.9000000000000001,40.37,52.31,0.6000000000000001,0.9,253
2023,2,11,21,0,11.4,561,561,0,-1.8,39.9,58.72,0.6000000000000001,1.2000000000000002,236
2023,2,11,22,0,10.9,393,393,0,-0.9,44.02,67.51,0.6000000000000001,1.2000000000000002,226
2023,2,11,23,0,8,193,193,0,0.6000000000000001,59.5,77.84,0.6000000000000001,1,220
2023,2,12,0,0,6,16,16,0,-1.6,58.32,88.87,0.5,1.3,216
2023,2,12,1,0,4.6000000000000005,0,0,0,-1.8,63.300000000000004,101.15,0.5,1.4000000000000001,216
2023,2,12,2,0,3.3000000000000003,0,0,0,-2,68,113.34,0.5,1.4000000000000001,216
2023,2,12,3,0,2.2,0,0,0,-2.5,71.32000000000001,125.55,0.5,1.5,218
2023,2,12,4,0,1.4000000000000001,0,0,0,-3,72.33,137.43,0.5,1.7000000000000002,218
2023,2,12,5,0,0.7000000000000001,0,0,0,-3.8000000000000003,71.89,148.28,0.4,1.9000000000000001,215
2023,2,12,6,0,0.2,0,0,0,-4.6000000000000005,70.18,156.38,0.4,2,209
2023,2,12,7,0,-0.4,0,0,0,-5.2,69.83,158.24,0.4,2,203
2023,2,12,8,0,-0.9,0,0,0,-5.6000000000000005,70.25,152.54,0.4,2.1,199
2023,2,12,9,0,-1.3,0,0,0,-5.800000000000001,71.55,142.63,0.4,2.2,204
2023,2,12,10,0,-1.6,0,0,0,-5.800000000000001,73.09,131.1,0.4,2.4000000000000004,211
2023,2,12,11,0,-2,0,0,0,-5.800000000000001,75.22,118.98,0.4,2.3000000000000003,214
2023,2,12,12,0,-2.2,0,0,0,-5.800000000000001,76.41,106.73,0.4,2.3000000000000003,213
2023,2,12,13,0,-1,0,0,8,-5.300000000000001,72.67,94.64,0.4,2.7,210
2023,2,12,14,0,2,105,66,7,-4.800000000000001,60.910000000000004,82.85000000000001,0.4,4.1000000000000005,209
2023,2,12,15,0,4.6000000000000005,312,247,7,-3.6,55.39,72.01,0.4,4.1000000000000005,207
2023,2,12,16,0,7.9,501,403,7,-2.5,47.94,62.370000000000005,0.4,4.6000000000000005,206
2023,2,12,17,0,11.5,639,505,8,-2.4000000000000004,37.83,54.68,0.5,5.800000000000001,210
2023,2,12,18,0,14.600000000000001,722,722,0,-2.9000000000000004,29.810000000000002,49.910000000000004,0.5,6.6000000000000005,214
2023,2,12,19,0,16.5,734,734,0,-3.4000000000000004,25.34,48.94,0.6000000000000001,7,215
2023,2,12,20,0,17.1,682,682,0,-3.2,24.82,52,0.6000000000000001,6.800000000000001,215
2023,2,12,21,0,17,565,565,0,-2.7,25.95,58.44,0.6000000000000001,6.300000000000001,213
2023,2,12,22,0,15.700000000000001,393,393,0,-1.2000000000000002,31.5,67.27,0.7000000000000001,4.800000000000001,208
2023,2,12,23,0,12.100000000000001,191,191,0,0.4,44.77,77.63,0.8,3.3000000000000003,202
2023,2,13,0,0,9.600000000000001,16,16,0,0.4,52.82,88.7,0.9,3.3000000000000003,198
2023,2,13,1,0,9.1,0,0,0,0.4,54.370000000000005,100.97,0.9,3.8000000000000003,199
2023,2,13,2,0,8.3,0,0,0,0.4,57.660000000000004,113.16,0.8,3.8000000000000003,205
2023,2,13,3,0,7.2,0,0,0,0.5,62.38,125.37,0.8,3.3000000000000003,216
2023,2,13,4,0,5.7,0,0,0,0.6000000000000001,69.63,137.22,0.8,2.6,237
2023,2,13,5,0,4.6000000000000005,0,0,0,0.4,74.43,148.03,0.8,2.1,265
2023,2,13,6,0,4,0,0,0,-0.1,74.48,156.07,0.8,2,294
2023,2,13,7,0,3.6,0,0,0,-1.2000000000000002,71.05,157.91,0.8,2.4000000000000004,325
2023,2,13,8,0,3.3000000000000003,0,0,0,-2.3000000000000003,66.85,152.26,0.8,2.9000000000000004,346
2023,2,13,9,0,2.4000000000000004,0,0,0,-3,67.77,142.41,0.8,3,356
2023,2,13,10,0,1.3,0,0,0,-3.1,72.42,130.9,0.8,2.6,1
2023,2,13,11,0,0.5,0,0,7,-3.1,76.73,118.79,0.8,2.3000000000000003,4
2023,2,13,12,0,-0.2,0,0,7,-3.1,80.84,106.54,0.8,2,8
2023,2,13,13,0,0.2,0,0,1,-2.7,80.72,94.44,0.8,2.3000000000000003,12
2023,2,13,14,0,2.7,103,103,0,-2.2,69.99,82.64,0.8,2.9000000000000004,17
2023,2,13,15,0,5.9,303,303,0,-1,61.19,71.78,0.9,2,23
2023,2,13,16,0,9.9,488,488,0,-0.8,47.31,62.1,0.9,2.3000000000000003,62
2023,2,13,17,0,12.5,626,626,0,-0.1,41.87,54.370000000000005,1,2.4000000000000004,87
2023,2,13,18,0,14.4,706,564,8,0.8,39.62,49.58,1.1,2.7,106
2023,2,13,19,0,15.4,719,601,7,1.3,38.480000000000004,48.61,1.2000000000000002,3.2,120
2023,2,13,20,0,15.600000000000001,663,533,7,2,40.01,51.69,1.4000000000000001,3.6,132
2023,2,13,21,0,15.100000000000001,546,428,7,2.9000000000000004,43.86,58.160000000000004,1.5,3.8000000000000003,143
2023,2,13,22,0,13.600000000000001,381,187,7,4.7,54.79,67.02,1.6,3,147
2023,2,13,23,0,11.200000000000001,186,43,6,5.5,68.02,77.41,1.6,2.4000000000000004,148
2023,2,14,0,0,10.3,17,6,6,5.6000000000000005,72.46000000000001,88.52,1.5,3,149
2023,2,14,1,0,10.200000000000001,0,0,6,5.800000000000001,73.92,100.79,1.5,3.5,153
2023,2,14,2,0,10.100000000000001,0,0,6,5.800000000000001,74.84,112.99000000000001,1.7000000000000002,3.7,157
2023,2,14,3,0,10,0,0,6,5.800000000000001,75.18,125.19,2.2,4.2,162
2023,2,14,4,0,10.100000000000001,0,0,6,6.300000000000001,77.10000000000001,137.02,2.7,5.300000000000001,175
2023,2,14,5,0,10.4,0,0,6,7.7,83.44,147.79,2.7,5.5,178
2023,2,14,6,0,10.200000000000001,0,0,6,8.5,88.93,155.76,2.3000000000000003,4.2,177
2023,2,14,7,0,9.9,0,0,6,8.8,93.14,157.57,2.4000000000000004,4.2,181
2023,2,14,8,0,10.9,0,0,6,9.9,93.72,151.98,2.9000000000000004,6.4,179
2023,2,14,9,0,11.600000000000001,0,0,7,11.200000000000001,97.18,142.18,3.1,6.300000000000001,185
2023,2,14,10,0,11.8,0,0,4,11.700000000000001,99.18,130.7,2.9000000000000004,5.1000000000000005,192
2023,2,14,11,0,12,0,0,7,11.700000000000001,98,118.60000000000001,2.6,5.2,209
2023,2,14,12,0,11.3,0,0,7,10,91.68,106.35000000000001,2.1,5.300000000000001,222
2023,2,14,13,0,10.200000000000001,0,0,8,7.9,85.57000000000001,94.24,1.5,4.800000000000001,214
2023,2,14,14,0,11,103,26,4,6.5,74.02,82.43,1,6.6000000000000005,217
2023,2,14,15,0,13,310,146,5,5,58.27,71.54,0.8,8.200000000000001,216
2023,2,14,16,0,14.700000000000001,496,382,8,3.5,46.84,61.83,0.8,9.5,213
2023,2,14,17,0,15.5,632,632,0,2.3000000000000003,40.92,54.07,1,10.8,212
2023,2,14,18,0,16.1,704,704,0,1.9000000000000001,38.44,49.25,1.3,12,216
2023,2,14,19,0,16.8,715,715,1,2,36.89,48.27,1.4000000000000001,12.3,221
2023,2,14,20,0,18.2,667,365,3,2.4000000000000004,34.79,51.370000000000005,1.3,11.700000000000001,226
2023,2,14,21,0,19.400000000000002,557,557,0,2.7,33.02,57.88,1.2000000000000002,10.9,238
2023,2,14,22,0,18.8,397,397,0,3.1,35.2,66.78,1,8.9,251
2023,2,14,23,0,16.2,199,199,0,3.6,42.99,77.2,0.9,5.9,259
2023,2,15,0,0,12.700000000000001,20,20,0,3.9000000000000004,55.18,88.35000000000001,0.9,3.5,261
2023,2,15,1,0,10.5,0,0,0,4,64.27,100.60000000000001,0.9,2.4000000000000004,260
2023,2,15,2,0,9.1,0,0,0,3.8000000000000003,69.57000000000001,112.81,0.9,1.9000000000000001,260
2023,2,15,3,0,8.200000000000001,0,0,8,3.5,72.15,125,1,1.6,266
2023,2,15,4,0,7.800000000000001,0,0,8,3,71.57000000000001,136.82,1,1.3,280
2023,2,15,5,0,7.800000000000001,0,0,0,2.4000000000000004,68.79,147.54,1,0.9,310
2023,2,15,6,0,7.4,0,0,7,2,68.78,155.45000000000002,1,0.6000000000000001,41
2023,2,15,7,0,6.4,0,0,0,1.9000000000000001,73.02,157.23,1,0.9,104
2023,2,15,8,0,5.1000000000000005,0,0,8,2,80.35000000000001,151.69,0.9,1.2000000000000002,125
2023,2,15,9,0,4.4,0,0,7,2.2,85.46000000000001,141.94,0.8,1.2000000000000002,131
2023,2,15,10,0,4,0,0,7,2.4000000000000004,89.03,130.49,0.8,1.3,129
2023,2,15,11,0,3.7,0,0,7,2.6,92.3,118.41,0.8,1.3,121
2023,2,15,12,0,3.2,0,0,7,2.8000000000000003,97.28,106.15,0.9,1.5,101
2023,2,15,13,0,3.7,0,0,0,3.2,96.72,94.04,0.9,2.2,72
2023,2,15,14,0,6.4,106,106,0,3.8000000000000003,83.17,82.21000000000001,1,4,56
2023,2,15,15,0,9.1,307,307,0,3.6,68.48,71.29,1,4.9,51
2023,2,15,16,0,11.5,492,492,0,3.7,58.7,61.550000000000004,1,4.9,55
2023,2,15,17,0,13.5,633,633,0,4.1000000000000005,52.92,53.76,1,5,71
2023,2,15,18,0,15.9,713,713,0,4.6000000000000005,46.93,48.910000000000004,1.1,4.7,111
2023,2,15,19,0,18.3,727,727,0,5.800000000000001,43.82,47.93,1.2000000000000002,5,140
2023,2,15,20,0,20.1,670,670,0,7.7,44.78,51.050000000000004,1.4000000000000001,5.4,155
2023,2,15,21,0,20.8,547,547,0,9.8,49.44,57.59,1.7000000000000002,5.4,160
2023,2,15,22,0,19.5,375,375,0,11.8,61.24,66.53,2.1,4.2,157
2023,2,15,23,0,16.5,181,181,0,12.9,79.03,76.98,2.2,3,153
2023,2,16,0,0,14.200000000000001,17,17,1,12.5,89.46000000000001,88.17,2.3000000000000003,2,155
2023,2,16,1,0,13.3,0,0,6,11.9,91.23,100.42,2.4000000000000004,1.6,171
2023,2,16,2,0,10.9,0,0,3,10.3,96.17,112.63,2.4000000000000004,3.3000000000000003,319
2023,2,16,3,0,7.7,0,0,8,6.7,93.32000000000001,124.82000000000001,2.1,7.2,331
2023,2,16,4,0,4.6000000000000005,0,0,3,2.5,86.21000000000001,136.61,1.7000000000000002,8.700000000000001,340
2023,2,16,5,0,3,0,0,4,0.5,83.36,147.29,1.5,8.1,339
2023,2,16,6,0,1.7000000000000002,0,0,4,-1,82.44,155.13,1.2000000000000002,7.6000000000000005,335
2023,2,16,7,0,0.5,0,0,4,-2.2,82.11,156.89000000000001,1,6.7,333
2023,2,16,8,0,-0.5,0,0,4,-2.9000000000000004,83.84,151.4,0.9,6.1000000000000005,328
2023,2,16,9,0,-1.1,0,0,4,-3.4000000000000004,84.53,141.70000000000002,0.8,5.9,322
2023,2,16,10,0,-1.4000000000000001,0,0,4,-4,82.77,130.28,0.8,5.9,320
2023,2,16,11,0,-1.7000000000000002,0,0,4,-4.7,80.07000000000001,118.2,0.8,5.9,321
2023,2,16,12,0,-2.1,0,0,8,-5.5,77.55,105.95,0.7000000000000001,5.800000000000001,323
2023,2,16,13,0,-2.3000000000000003,0,0,8,-6.5,72.91,93.83,0.7000000000000001,5.9,325
2023,2,16,14,0,-1.6,115,91,7,-7.800000000000001,62.86,81.98,0.6000000000000001,6.7,326
2023,2,16,15,0,-0.6000000000000001,326,217,7,-9,53.07,71.04,0.5,7,327
2023,2,16,16,0,0.7000000000000001,521,372,7,-9.8,45.19,61.26,0.4,7.2,326
2023,2,16,17,0,2,665,478,7,-10.3,39.57,53.44,0.4,7.300000000000001,325
2023,2,16,18,0,3,750,567,7,-10.5,36.300000000000004,48.56,0.4,7.5,325
2023,2,16,19,0,3.7,766,617,7,-10.5,34.57,47.59,0.4,7.6000000000000005,325
2023,2,16,20,0,3.7,713,584,7,-10.5,34.69,50.730000000000004,0.4,7.7,326
2023,2,16,21,0,3.4000000000000004,594,594,0,-10.4,35.71,57.31,0.4,7.7,329
2023,2,16,22,0,2.6,423,423,1,-10.100000000000001,38.69,66.28,0.4,7.4,333
2023,2,16,23,0,1.2000000000000002,214,214,1,-9.5,44.77,76.76,0.5,6.4,336
2023,2,17,0,0,-0.2,25,25,1,-8.700000000000001,52.800000000000004,87.97,0.5,5.300000000000001,340
2023,2,17,1,0,-0.9,0,0,0,-8.200000000000001,57.89,100.24000000000001,0.5,5.1000000000000005,344
2023,2,17,2,0,-1.6,0,0,0,-7.800000000000001,62.47,112.45,0.5,4.800000000000001,348
2023,2,17,3,0,-2.2,0,0,0,-7.6000000000000005,66.58,124.63000000000001,0.5,4.3,348
2023,2,17,4,0,-2.8000000000000003,0,0,0,-7.5,70.27,136.4,0.5,4.1000000000000005,345
2023,2,17,5,0,-3.3000000000000003,0,0,0,-7.4,73.13,147.04,0.5,3.6,341
2023,2,17,6,0,-4,0,0,0,-7.5,76.62,154.81,0.5,3.1,337
2023,2,17,7,0,-4.800000000000001,0,0,0,-7.7,79.83,156.54,0.4,2.4000000000000004,338
2023,2,17,8,0,-5.2,0,0,0,-8.1,80.14,151.1,0.4,2.3000000000000003,339
2023,2,17,9,0,-5.5,0,0,0,-8.4,80.05,141.46,0.30000000000000004,2.1,339
2023,2,17,10,0,-5.800000000000001,0,0,0,-8.700000000000001,80.22,130.06,0.30000000000000004,1.8,338
2023,2,17,11,0,-6,0,0,0,-8.8,80.44,118,0.30000000000000004,1.6,335
2023,2,17,12,0,-6,0,0,0,-8.9,79.96000000000001,105.75,0.30000000000000004,1.4000000000000001,331
2023,2,17,13,0,-4.800000000000001,0,0,0,-8.700000000000001,74.2,93.61,0.30000000000000004,1.8,326
2023,2,17,14,0,-2.1,125,125,0,-8.5,61.38,81.75,0.30000000000000004,2.2,316
2023,2,17,15,0,1.8,338,338,0,-9.600000000000001,42.5,70.78,0.30000000000000004,2,320
2023,2,17,16,0,4.2,530,530,0,-9.700000000000001,35.5,60.980000000000004,0.30000000000000004,2.1,287
2023,2,17,17,0,5.9,675,675,0,-9.3,32.54,53.120000000000005,0.30000000000000004,2.6,266
2023,2,17,18,0,7.4,761,761,0,-8.9,30.45,48.22,0.30000000000000004,3,261
2023,2,17,19,0,8.5,777,777,0,-8.5,29.05,47.24,0.30000000000000004,3.1,261
2023,2,17,20,0,9.1,724,724,0,-8.3,28.330000000000002,50.410000000000004,0.30000000000000004,2.8000000000000003,261
2023,2,17,21,0,9.200000000000001,606,606,0,-8.200000000000001,28.32,57.03,0.30000000000000004,2.4000000000000004,253
2023,2,17,22,0,8.6,433,433,0,-7.6000000000000005,30.91,66.04,0.30000000000000004,2.1,240
2023,2,17,23,0,5,225,225,0,-2.8000000000000003,57.1,76.55,0.30000000000000004,1.1,220
2023,2,18,0,0,1.8,29,29,0,-5,60.89,87.78,0.30000000000000004,1.4000000000000001,208
2023,2,18,1,0,0.8,0,0,0,-5.300000000000001,63.550000000000004,100.06,0.30000000000000004,1.7000000000000002,203
2023,2,18,2,0,0.30000000000000004,0,0,0,-5.7,64.08,112.27,0.30000000000000004,2,203
2023,2,18,3,0,0,0,0,0,-6,63.79,124.45,0.30000000000000004,2.5,203
2023,2,18,4,0,-0.1,0,0,0,-6.300000000000001,63,136.2,0.30000000000000004,3.1,203
2023,2,18,5,0,-0.1,0,0,7,-6.4,62.52,146.79,0.30000000000000004,3.5,202
2023,2,18,6,0,-0.1,0,0,7,-6.300000000000001,62.88,154.49,0.30000000000000004,3.6,202
2023,2,18,7,0,-0.1,0,0,7,-6.1000000000000005,63.96,156.19,0.30000000000000004,3.6,201
2023,2,18,8,0,-0.2,0,0,7,-5.800000000000001,65.91,150.8,0.30000000000000004,3.5,201
2023,2,18,9,0,-0.7000000000000001,0,0,7,-5.6000000000000005,69.3,141.20000000000002,0.30000000000000004,3.3000000000000003,202
2023,2,18,10,0,-2.1,0,0,0,-5.800000000000001,75.81,129.84,0.30000000000000004,2.9000000000000004,204
2023,2,18,11,0,-2.6,0,0,0,-5.9,77.79,117.79,0.30000000000000004,3.2,205
2023,2,18,12,0,-2.9000000000000004,0,0,0,-6,78.89,105.54,0.30000000000000004,3.2,207
2023,2,18,13,0,-2.5,0,0,8,-6,76.93,93.39,0.4,3.7,208
2023,2,18,14,0,0,128,128,1,-5.5,66.73,81.52,0.4,4.4,208
2023,2,18,15,0,2.8000000000000003,337,222,8,-4.7,57.980000000000004,70.52,0.5,4.3,199
2023,2,18,16,0,4.4,523,271,7,-5,50.32,60.69,0.6000000000000001,4.800000000000001,197
2023,2,18,17,0,5.1000000000000005,659,111,6,-4.9,48.44,52.800000000000004,0.8,5.300000000000001,196
2023,2,18,18,0,6.7,734,209,7,-5.2,42.24,47.870000000000005,1,6.300000000000001,198
2023,2,18,19,0,8.1,739,208,6,-5.4,38.07,46.89,1.3,7,200
2023,2,18,20,0,7.800000000000001,674,271,7,-4,43.07,50.08,1.7000000000000002,7.1000000000000005,199
2023,2,18,21,0,7,555,75,6,-1.9000000000000001,53.02,56.74,1.8,6.6000000000000005,199
2023,2,18,22,0,6.6000000000000005,398,191,8,-1.1,57.95,65.79,1.6,6.2,191
2023,2,18,23,0,5.6000000000000005,205,121,8,-0.8,63.4,76.33,1.4000000000000001,5.6000000000000005,190
2023,2,19,0,0,4.2,26,16,7,-0.8,69.82000000000001,87.61,1.3,5.4,189
2023,2,19,1,0,3.4000000000000004,0,0,7,-0.8,73.76,99.87,1.3,5.2,187
2023,2,19,2,0,2.7,0,0,7,-1.1,76.15,112.09,1.1,5,188
2023,2,19,3,0,2.5,0,0,7,-1.5,74.9,124.26,1.1,5,189
2023,2,19,4,0,2.3000000000000003,0,0,7,-1.8,74.41,135.99,1,5,192
2023,2,19,5,0,2.2,0,0,0,-1.8,74.69,146.53,1,5,195
2023,2,19,6,0,2,0,0,7,-1.7000000000000002,76.27,154.17000000000002,1,5.1000000000000005,196
2023,2,19,7,0,1.9000000000000001,0,0,7,-1.6,77.53,155.84,0.9,5.300000000000001,198
2023,2,19,8,0,1.8,0,0,7,-1.5,78.55,150.49,0.9,5.2,202
2023,2,19,9,0,1.7000000000000002,0,0,7,-1.4000000000000001,79.76,140.94,0.9,5,206
2023,2,19,10,0,1.6,0,0,7,-1.3,81.10000000000001,129.61,0.9,4.9,209
2023,2,19,11,0,1.5,0,0,7,-1.2000000000000002,82.48,117.57000000000001,0.9,4.6000000000000005,211
2023,2,19,12,0,1.3,0,0,7,-1,84.57000000000001,105.32000000000001,0.9,4.5,213
2023,2,19,13,0,1.7000000000000002,0,0,6,-0.8,83.26,93.17,0.9,4.7,215
2023,2,19,14,0,3.6,125,63,6,-0.30000000000000004,75.79,81.29,0.9,4.800000000000001,216
2023,2,19,15,0,6.9,331,177,7,0.9,65.39,70.26,0.9,4.5,216
2023,2,19,16,0,10.9,518,325,7,2.5,56.25,60.4,0.9,4.4,221
2023,2,19,17,0,14.700000000000001,660,487,7,3.8000000000000003,47.97,52.47,0.9,4.5,232
2023,2,19,18,0,17.7,743,587,7,4.9,42.75,47.52,0.9,4.4,235
2023,2,19,19,0,19.400000000000002,756,540,7,5.300000000000001,39.65,46.54,1,4.2,237
2023,2,19,20,0,19.6,701,416,7,5.9,40.71,49.76,1.1,4.1000000000000005,231
2023,2,19,21,0,17.8,583,350,7,8.1,52.94,56.46,1.2000000000000002,2.9000000000000004,217
2023,2,19,22,0,15.9,414,274,7,8.5,61.67,65.55,1.3,3.2,206
2023,2,19,23,0,13.9,213,112,7,8.1,68.11,76.12,1.5,3.5,201
2023,2,20,0,0,12.8,29,14,7,7.6000000000000005,70.61,87.43,1.6,4.2,201
2023,2,20,1,0,12.3,0,0,6,7.1000000000000005,70.46000000000001,99.69,1.7000000000000002,4.7,204
2023,2,20,2,0,12,0,0,6,6.7,70.08,111.92,1.9000000000000001,4.9,209
2023,2,20,3,0,11.8,0,0,6,6.7,71.12,124.07000000000001,2,4.800000000000001,213
2023,2,20,4,0,11.8,0,0,6,7,72.66,135.78,2.1,4.9,216
2023,2,20,5,0,11.700000000000001,0,0,7,7.5,75.69,146.27,2.1,5,220
2023,2,20,6,0,11.600000000000001,0,0,6,8.1,78.84,153.84,2,5,224
2023,2,20,7,0,11.5,0,0,7,8.5,81.55,155.48,1.9000000000000001,4.9,227
2023,2,20,8,0,11.100000000000001,0,0,7,8.700000000000001,85.15,150.18,1.8,4.5,229
2023,2,20,9,0,10.700000000000001,0,0,7,8.9,88.48,140.68,1.7000000000000002,4.3,233
2023,2,20,10,0,10.5,0,0,7,9,90.37,129.38,1.6,4,238
2023,2,20,11,0,10,0,0,6,9,93.81,117.35000000000001,1.5,3.5,243
2023,2,20,12,0,9.3,0,0,7,9.1,98.47,105.10000000000001,1.4000000000000001,2.8000000000000003,248
2023,2,20,13,0,9.600000000000001,0,0,7,9.1,96.68,92.95,1.3,2.8000000000000003,251
2023,2,20,14,0,11.600000000000001,126,44,6,9.3,85.65,81.05,1.3,3.4000000000000004,250
2023,2,20,15,0,13.4,330,79,6,9.200000000000001,75.64,70,1.3,3.1,249
2023,2,20,16,0,15.8,517,233,6,8.700000000000001,62.53,60.1,1.2000000000000002,3.4000000000000004,257
2023,2,20,17,0,18,656,290,6,8.200000000000001,52.77,52.14,1.3,3.9000000000000004,266
2023,2,20,18,0,19.5,740,396,6,7.800000000000001,46.83,47.160000000000004,1.2000000000000002,4,271
2023,2,20,19,0,20.3,756,420,6,7.5,43.42,46.18,1.2000000000000002,3.9000000000000004,273
2023,2,20,20,0,20.6,704,398,6,7.2,41.99,49.43,1.2000000000000002,3.7,272
2023,2,20,21,0,20.5,588,203,6,7.4,42.84,56.17,1.2000000000000002,3.1,273
2023,2,20,22,0,19.1,421,93,6,11.100000000000001,59.730000000000004,65.3,1.2000000000000002,1.3,279
2023,2,20,23,0,16.1,220,84,6,10,67.07000000000001,75.9,1.2000000000000002,1.1,298
2023,2,21,0,0,14.200000000000001,32,17,6,7.7,64.88,87.25,1.2000000000000002,1.2000000000000002,322
2023,2,21,1,0,13.3,0,0,6,7,65.73,99.51,1.2000000000000002,1.2000000000000002,347
2023,2,21,2,0,12.4,0,0,6,6.4,66.93,111.74000000000001,1.2000000000000002,1.2000000000000002,10
2023,2,21,3,0,11.200000000000001,0,0,6,5.9,70.01,123.89,1.2000000000000002,1.3,25
2023,2,21,4,0,10.4,0,0,7,5.300000000000001,70.59,135.56,1.2000000000000002,1.5,42
2023,2,21,5,0,9.8,0,0,6,4.7,70.48,146.01,1.3,1.8,58
2023,2,21,6,0,9.4,0,0,7,4.2,70.16,153.52,1.3,2.1,66
2023,2,21,7,0,9.200000000000001,0,0,7,3.8000000000000003,68.95,155.12,1.3,2.6,67
2023,2,21,8,0,8.8,0,0,7,3.4000000000000004,68.95,149.86,1.3,3,69
2023,2,21,9,0,8.3,0,0,6,3.2,70.38,140.41,1.3,2.9000000000000004,74
2023,2,21,10,0,8,0,0,7,3.1,71.29,129.14000000000001,1.3,2.9000000000000004,80
2023,2,21,11,0,7.7,0,0,7,3.1,72.64,117.13,1.3,2.9000000000000004,88
2023,2,21,12,0,7.300000000000001,0,0,7,3.2,75.12,104.88,1.3,3,95
2023,2,21,13,0,7.9,0,0,7,3.5,73.66,92.71000000000001,1.2000000000000002,3.7,105
2023,2,21,14,0,9.9,130,26,7,4.3,68.25,80.81,1.3,4.3,119
2023,2,21,15,0,12.600000000000001,334,188,7,6.1000000000000005,64.37,69.73,1.4000000000000001,4.1000000000000005,140
2023,2,21,16,0,16.1,514,383,7,7.9,58.33,59.800000000000004,1.7000000000000002,4.6000000000000005,167
2023,2,21,17,0,18.7,651,216,7,9.200000000000001,53.980000000000004,51.800000000000004,1.8,5.4,194
2023,2,21,18,0,20.1,728,372,7,9.200000000000001,49.6,46.81,2,5.6000000000000005,211
2023,2,21,19,0,20.700000000000003,742,426,6,8.5,45.51,45.82,2.1,5.800000000000001,216
2023,2,21,20,0,21.200000000000003,691,350,6,8,42.6,49.1,2.1,5.9,214
2023,2,21,21,0,21.400000000000002,574,243,6,8.8,44.5,55.89,2.2,4.800000000000001,206
2023,2,21,22,0,20.900000000000002,407,44,6,10.700000000000001,52.050000000000004,65.05,2.3000000000000003,3.8000000000000003,193
2023,2,21,23,0,20.1,210,88,7,11.4,57.410000000000004,75.69,2.4000000000000004,4.6000000000000005,191
2023,2,22,0,0,20,30,22,8,12.100000000000001,60.230000000000004,87.08,2.4000000000000004,5.800000000000001,190
2023,2,22,1,0,19.700000000000003,0,0,7,12.8,64.51,99.33,2.4000000000000004,6.800000000000001,189
2023,2,22,2,0,19.400000000000002,0,0,1,13.600000000000001,69.18,111.56,2.6,7.5,187
2023,2,22,3,0,19.400000000000002,0,0,7,14.700000000000001,74.24,123.7,2.7,7.9,188
2023,2,22,4,0,19.3,0,0,7,15.8,80.08,135.35,2.7,8,188
2023,2,22,5,0,19.1,0,0,6,16.5,84.7,145.75,2.7,7.5,189
2023,2,22,6,0,18.5,0,0,6,16.8,90.08,153.18,2.7,6.6000000000000005,190
2023,2,22,7,0,17.900000000000002,0,0,6,17.1,94.93,154.76,2.9000000000000004,6.300000000000001,199
2023,2,22,8,0,17.7,0,0,6,16.900000000000002,94.95,149.54,3.2,6.2,211
2023,2,22,9,0,17.2,0,0,7,16,92.47,140.14000000000001,3.2,5.800000000000001,209
2023,2,22,10,0,16.2,0,0,7,15.3,94.48,128.9,3.1,5.2,206
2023,2,22,11,0,15.5,0,0,6,14.600000000000001,94.44,116.9,2.8000000000000003,5.1000000000000005,211
2023,2,22,12,0,14.5,0,0,6,13.3,92.42,104.65,2.7,5,217
2023,2,22,13,0,13.700000000000001,0,0,6,12,89.33,92.48,2.2,4.9,208
2023,2,22,14,0,13.9,132,52,6,11,82.68,80.56,1.6,6,204
2023,2,22,15,0,16.3,343,7,6,9.9,65.69,69.46000000000001,1.1,7.800000000000001,221
2023,2,22,16,0,18.5,530,530,0,6.5,45.480000000000004,59.5,1.1,8.9,231
2023,2,22,17,0,19.6,667,667,0,5.7,40.08,51.47,1.3,8.8,237
2023,2,22,18,0,20.900000000000002,747,747,0,5.9,37.660000000000004,46.44,1.4000000000000001,8.200000000000001,239
2023,2,22,19,0,22,762,762,0,6.1000000000000005,35.7,45.46,1.4000000000000001,7.4,239
2023,2,22,20,0,22.5,710,710,0,6.2,34.88,48.77,1.4000000000000001,6.4,237
2023,2,22,21,0,22.400000000000002,597,597,0,6.300000000000001,35.21,55.6,1.3,5.4,234
2023,2,22,22,0,21.400000000000002,429,429,0,7.2,40.01,64.81,1.3,3.9000000000000004,226
2023,2,22,23,0,18.2,228,228,0,9.1,55.29,75.48,1.3,2.3000000000000003,214
2023,2,23,0,0,15.5,36,36,0,7.4,58.54,86.89,1.2000000000000002,2.5,209
2023,2,23,1,0,14.3,0,0,0,7,61.44,99.15,1.1,3.3000000000000003,210
2023,2,23,2,0,13.9,0,0,0,6.300000000000001,60.21,111.38,1,4.1000000000000005,214
2023,2,23,3,0,12.9,0,0,0,5.7,61.620000000000005,123.51,0.9,4,216
2023,2,23,4,0,11.3,0,0,0,5.2,65.9,135.14000000000001,0.9,3.4000000000000004,214
2023,2,23,5,0,10.200000000000001,0,0,0,4.6000000000000005,68.23,145.49,1,3.1,222
2023,2,23,6,0,9.3,0,0,0,4.2,70.36,152.85,1.1,3,242
2023,2,23,7,0,7.7,0,0,0,3.8000000000000003,76.22,154.39000000000001,1.1,3,277
2023,2,23,8,0,5.4,0,0,0,2.4000000000000004,80.79,149.21,1.2000000000000002,4.4,325
2023,2,23,9,0,2.2,0,0,0,-0.6000000000000001,81.59,139.86,1.1,5.5,349
2023,2,23,10,0,-0.8,0,0,0,-4.6000000000000005,75.19,128.65,1,5.800000000000001,0
2023,2,23,11,0,-2.7,0,0,0,-7.5,69.39,116.66,0.9,5.7,4
2023,2,23,12,0,-4,0,0,0,-8.8,69.06,104.42,0.9,5.5,8
2023,2,23,13,0,-4.7,0,0,0,-9.4,69.57000000000001,92.24,0.8,5.800000000000001,11
2023,2,23,14,0,-3.9000000000000004,140,140,0,-9.700000000000001,64,80.3,0.8,6.1000000000000005,12
2023,2,23,15,0,-2.4000000000000004,350,350,0,-10,55.94,69.18,0.8,6.2,10
2023,2,23,16,0,-0.6000000000000001,540,455,4,-10.3,48,59.19,0.8,6.2,9
2023,2,23,17,0,1.3,688,688,0,-10.4,41.37,51.120000000000005,0.7000000000000001,6,11
2023,2,23,18,0,3.1,772,772,0,-10.4,36.43,46.08,0.7000000000000001,5.800000000000001,14
2023,2,23,19,0,4.5,788,788,0,-10.3,33.230000000000004,45.1,0.7000000000000001,5.4,15
2023,2,23,20,0,5.4,734,734,0,-10.3,31.28,48.44,0.7000000000000001,5.1000000000000005,17
2023,2,23,21,0,5.7,616,616,0,-10.4,30.45,55.31,0.7000000000000001,4.7,19
2023,2,23,22,0,5.300000000000001,447,447,0,-10.5,31.09,64.56,0.6000000000000001,4.3,21
2023,2,23,23,0,3.8000000000000003,240,240,0,-9.8,36.42,75.26,0.6000000000000001,3.4000000000000004,22
2023,2,24,0,0,1.1,40,40,0,-8.200000000000001,49.94,86.69,0.6000000000000001,2.6,18
2023,2,24,1,0,0.5,0,0,0,-9.4,47.38,98.97,0.6000000000000001,3.6,16
2023,2,24,2,0,-0.4,0,0,0,-10,48.33,111.2,0.6000000000000001,4,20
2023,2,24,3,0,-1.2000000000000002,0,0,0,-10.4,49.71,123.32000000000001,0.6000000000000001,4.3,29
2023,2,24,4,0,-1.9000000000000001,0,0,0,-10.3,52.81,134.92000000000002,0.6000000000000001,4.3,33
2023,2,24,5,0,-2.5,0,0,0,-9.8,57.35,145.22,0.7000000000000001,4.1000000000000005,33
2023,2,24,6,0,-3.1,0,0,0,-9.4,61.78,152.52,0.7000000000000001,4.1000000000000005,34
2023,2,24,7,0,-3.6,0,0,0,-9.1,65.43,154.02,0.7000000000000001,4.2,36
2023,2,24,8,0,-4,0,0,0,-9,68.4,148.88,0.8,4.1000000000000005,37
2023,2,24,9,0,-4.3,0,0,0,-8.9,70.2,139.58,0.9,4.1000000000000005,32
2023,2,24,10,0,-4.5,0,0,0,-9,71.05,128.4,1,4.4,27
2023,2,24,11,0,-4.6000000000000005,0,0,0,-9.1,70.99,116.43,1.1,4.5,19
2023,2,24,12,0,-4.6000000000000005,0,0,1,-9.600000000000001,68.26,104.19,1.2000000000000002,4.800000000000001,20
2023,2,24,13,0,-4.2,0,0,4,-10.3,62.410000000000004,92,1.3,5.4,24
2023,2,24,14,0,-3,127,127,0,-10.5,56.13,80.05,1.5,5.6000000000000005,27
2023,2,24,15,0,-1.9000000000000001,320,127,8,-10,53.74,68.9,1.7000000000000002,5.300000000000001,29
2023,2,24,16,0,-0.7000000000000001,497,497,0,-9.3,52.19,58.88,1.9000000000000001,4.7,29
2023,2,24,17,0,0.5,631,148,4,-8.3,51.52,50.78,2.1,4.1000000000000005,34
2023,2,24,18,0,1.8,709,111,8,-7.2,51.1,45.71,2.2,3.4000000000000004,42
2023,2,24,19,0,3,717,280,8,-6,51.77,44.730000000000004,2.4000000000000004,2.4000000000000004,48
2023,2,24,20,0,3.6,661,151,4,-4.800000000000001,54.27,48.11,2.4000000000000004,1.6,32
2023,2,24,21,0,3.5,549,549,0,-4,58.050000000000004,55.03,2.3000000000000003,1.6,11
2023,2,24,22,0,3.1,391,391,0,-3.5,62.03,64.32000000000001,2.2,1.6,33
2023,2,24,23,0,2.5,204,13,7,-3.1,66.55,75.05,2,1.8,51
2023,2,25,0,0,1.7000000000000002,31,17,7,-2.7,72.43,86.51,1.9000000000000001,1.7000000000000002,31
2023,2,25,1,0,1.2000000000000002,0,0,7,-3,73.72,98.79,1.8,2.4000000000000004,7
2023,2,25,2,0,0.6000000000000001,0,0,6,-3.4000000000000004,74.52,111.02,1.8,3,2
2023,2,25,3,0,0.2,0,0,7,-3.9000000000000004,74.11,123.13000000000001,1.7000000000000002,3.2,8
2023,2,25,4,0,-0.1,0,0,7,-4.2,73.83,134.71,1.7000000000000002,3.1,18
2023,2,25,5,0,-0.30000000000000004,0,0,7,-4.4,73.91,144.95000000000002,1.7000000000000002,2.9000000000000004,25
2023,2,25,6,0,-0.4,0,0,7,-4.4,74.14,152.18,1.6,2.6,28
2023,2,25,7,0,-0.6000000000000001,0,0,7,-4.4,75.45,153.65,1.6,2.3000000000000003,24
2023,2,25,8,0,-1,0,0,7,-4.3,78.31,148.54,1.5,1.9000000000000001,15
2023,2,25,9,0,-1.3,0,0,7,-4.3,80.08,139.29,1.4000000000000001,1.8,10
2023,2,25,10,0,-1.5,0,0,7,-4.3,81.17,128.14000000000001,1.4000000000000001,1.7000000000000002,11
2023,2,25,11,0,-1.8,0,0,7,-4.3,82.88,116.18,1.4000000000000001,1.6,12
2023,2,25,12,0,-2,0,0,7,-4.3,84.22,103.95,1.4000000000000001,1.4000000000000001,4
2023,2,25,13,0,-1.7000000000000002,0,0,7,-4.4,81.98,91.75,1.4000000000000001,1.5,2
2023,2,25,14,0,-0.30000000000000004,141,20,7,-4.3,74.36,79.79,1.4000000000000001,1.2000000000000002,10
2023,2,25,15,0,1.4000000000000001,346,87,7,-3.8000000000000003,68.13,68.62,1.4000000000000001,0.7000000000000001,7
2023,2,25,16,0,2.9000000000000004,532,230,7,-3.1,64.48,58.56,1.4000000000000001,0.4,15
2023,2,25,17,0,4.9,674,163,7,-2.1,60.47,50.43,1.4000000000000001,0.7000000000000001,203
2023,2,25,18,0,6.5,754,178,7,-1.1,58.27,45.34,1.5,1.4000000000000001,204
2023,2,25,19,0,7.9,766,258,7,-0.2,56.5,44.37,1.6,1.9000000000000001,205
2023,2,25,20,0,8.6,710,178,7,0.4,56.31,47.78,1.7000000000000002,2.3000000000000003,204
2023,2,25,21,0,8.9,587,101,6,1,57.67,54.74,2,2.6,204
2023,2,25,22,0,8.700000000000001,416,73,7,1.8,61.78,64.08,2.3000000000000003,2.5,203
2023,2,25,23,0,7.800000000000001,215,12,7,3.1,72.18,74.84,2.8000000000000003,1.7000000000000002,199
2023,2,26,0,0,6.9,36,3,7,3.7,80.34,86.33,3.1,1.7000000000000002,199
2023,2,26,1,0,7,0,0,7,3.9000000000000004,80.8,98.61,3.2,2.7,206
2023,2,26,2,0,6.800000000000001,0,0,8,4.4,84.56,110.85000000000001,3.2,3.3000000000000003,207
2023,2,26,3,0,6.6000000000000005,0,0,7,4.7,87.9,122.94,3,3.5,210
2023,2,26,4,0,6.6000000000000005,0,0,7,4.9,88.89,134.49,3,3.4000000000000004,220
2023,2,26,5,0,6.4,0,0,7,5,90.52,144.68,2.9000000000000004,3,214
2023,2,26,6,0,6.300000000000001,0,0,8,5.1000000000000005,92.28,151.84,2.8000000000000003,2.9000000000000004,199
2023,2,26,7,0,6.1000000000000005,0,0,3,5.5,95.89,153.28,2.7,2.7,189
2023,2,26,8,0,5.6000000000000005,0,0,0,5.6000000000000005,100,148.20000000000002,2.6,2,203
2023,2,26,9,0,5.5,0,0,3,5.5,100,139,2.5,2.2,218
2023,2,26,10,0,5.7,0,0,1,5.7,100,127.88000000000001,2.5,2.4000000000000004,207
2023,2,26,11,0,6,0,0,5,6,99.75,115.94,2.4000000000000004,2.8000000000000003,189
2023,2,26,12,0,6.2,0,0,8,6.1000000000000005,99.24000000000001,103.71000000000001,2.5,3,183
2023,2,26,13,0,6.5,0,0,8,6.300000000000001,98.55,91.51,2.5,3,186
2023,2,26,14,0,7.2,129,6,7,6.7,96.92,79.53,2.6,2.9000000000000004,175
2023,2,26,15,0,8.4,323,71,6,7.6000000000000005,94.54,68.33,2.6,3.2,170
2023,2,26,16,0,10.4,501,181,7,9,91.22,58.25,2.7,4.6000000000000005,192
2023,2,26,17,0,11.8,634,203,7,10.200000000000001,89.74,50.08,3,4.5,194
2023,2,26,18,0,12.8,713,123,7,11,89.02,44.97,3.2,4.5,185
2023,2,26,19,0,13.600000000000001,723,54,3,11.8,88.98,44,3.4000000000000004,4.7,185
2023,2,26,20,0,14.700000000000001,671,31,4,12.8,88.17,47.45,3.5,4.800000000000001,185
2023,2,26,21,0,15.9,557,166,3,13.9,87.89,54.46,3.5,5.1000000000000005,171
2023,2,26,22,0,16.5,399,104,8,15.100000000000001,91.36,63.83,3.5,6.5,149
2023,2,26,23,0,16.5,218,218,1,16.1,97.67,74.63,3.1,7.800000000000001,144
2023,2,27,0,0,16.5,39,39,0,16.5,100,86.16,3,7.9,156
2023,2,27,1,0,17.2,0,0,0,17.2,99.72,98.43,3.4000000000000004,8.700000000000001,169
2023,2,27,2,0,18,0,0,8,17.2,95.11,110.67,3.8000000000000003,10.100000000000001,179
2023,2,27,3,0,18.3,0,0,6,17.1,92.78,122.75,3.9000000000000004,11.100000000000001,199
2023,2,27,4,0,18,0,0,7,16,87.94,134.27,2.4000000000000004,10.100000000000001,227
2023,2,27,5,0,14.4,0,0,3,7,61,144.41,0.8,9.200000000000001,248
2023,2,27,6,0,10.9,0,0,0,-1,43.74,151.5,0.4,7.9,238
2023,2,27,7,0,9.600000000000001,0,0,0,-2.7,42.07,152.9,0.6000000000000001,8.200000000000001,233
2023,2,27,8,0,9,0,0,0,-3.1,42.59,147.86,0.8,8.1,239
2023,2,27,9,0,8.5,0,0,0,-2.8000000000000003,45.050000000000004,138.70000000000002,0.9,7.300000000000001,246
2023,2,27,10,0,8,0,0,0,-1.8,50.08,127.61,1,6.2,257
2023,2,27,11,0,7.2,0,0,0,-0.30000000000000004,58.93,115.69,0.9,5,264
2023,2,27,12,0,6.300000000000001,0,0,0,0.30000000000000004,65.66,103.46000000000001,0.8,4.1000000000000005,265
2023,2,27,13,0,7,0,0,0,0.5,63.22,91.25,0.8,4.4,268
2023,2,27,14,0,9.600000000000001,162,162,0,0.9,54.61,79.27,0.8,4.5,271
2023,2,27,15,0,13.4,378,378,0,1.5,44.51,68.04,0.7000000000000001,4.3,280
2023,2,27,16,0,17.3,569,569,0,0.9,33.07,57.93,0.7000000000000001,5,310
2023,2,27,17,0,19.900000000000002,712,712,0,0.8,27.86,49.730000000000004,0.7000000000000001,4.800000000000001,323
2023,2,27,18,0,21.400000000000002,794,794,0,0.6000000000000001,25.080000000000002,44.59,0.7000000000000001,4,319
2023,2,27,19,0,22.1,805,805,0,0.8,24.34,43.63,0.8,3.2,300
2023,2,27,20,0,22.400000000000002,751,751,0,1,24.3,47.11,0.8,2.9000000000000004,270
2023,2,27,21,0,22,630,630,0,1.5,25.71,54.17,0.9,2.9000000000000004,250
2023,2,27,22,0,20.700000000000003,458,458,0,5.2,36.26,63.59,0.9,2.1,234
2023,2,27,23,0,17,251,251,0,8.9,58.86,74.42,1,1.3,216
2023,2,28,0,0,14.5,50,50,0,6.6000000000000005,59.160000000000004,85.97,1,1.7000000000000002,208
2023,2,28,1,0,13,0,0,0,6.2,63.52,98.26,1,1.9000000000000001,206
2023,2,28,2,0,11.700000000000001,0,0,0,5.7,66.64,110.49000000000001,1,2,202
2023,2,28,3,0,10.5,0,0,8,4.800000000000001,67.81,122.56,0.8,1.9000000000000001,192
2023,2,28,4,0,9.600000000000001,0,0,0,3.9000000000000004,67.45,134.05,0.7000000000000001,1.9000000000000001,182
2023,2,28,5,0,8.8,0,0,0,3.1,67.57000000000001,144.14000000000001,0.7000000000000001,2.1,178
2023,2,28,6,0,8.1,0,0,0,2.7,68.98,151.15,0.7000000000000001,2.4000000000000004,181
2023,2,28,7,0,7.4,0,0,0,2.7,72.15,152.52,0.7000000000000001,2.7,194
2023,2,28,8,0,6.4,0,0,0,2.6,76.82000000000001,147.51,0.7000000000000001,2.7,217
2023,2,28,9,0,5.6000000000000005,0,0,0,2.1,77.92,138.4,0.7000000000000001,2.7,241
2023,2,28,10,0,5.4,0,0,0,1.1,73.86,127.34,0.6000000000000001,2.9000000000000004,258
2023,2,28,11,0,5.2,0,0,0,0.2,70.04,115.43,0.6000000000000001,2.6,266
2023,2,28,12,0,4.3,0,0,0,-0.8,69.48,103.21000000000001,0.6000000000000001,2.4000000000000004,268
2023,2,28,13,0,5.7,0,0,0,-1.2000000000000002,61.08,91,0.6000000000000001,3.3000000000000003,264
2023,2,28,14,0,8.6,171,117,8,-1,50.92,79,0.6000000000000001,4.1000000000000005,256
2023,2,28,15,0,12.4,386,300,3,1,45.83,67.75,0.6000000000000001,3.7,246
2023,2,28,16,0,16.7,577,577,0,2,37.25,57.61,0.6000000000000001,4,245
2023,2,28,17,0,20.1,721,721,0,0.9,27.68,49.38,0.6000000000000001,4.800000000000001,247
2023,2,28,18,0,22.200000000000003,803,803,0,0.30000000000000004,23.42,44.21,0.6000000000000001,5.4,240
2023,2,28,19,0,23,818,818,0,0.7000000000000001,22.86,43.26,0.6000000000000001,5.7,233
2023,2,28,20,0,23.200000000000003,764,764,0,0.9,22.98,46.78,0.6000000000000001,5.7,233
2023,2,28,21,0,22.8,644,644,0,1.4000000000000001,24.330000000000002,53.89,0.6000000000000001,5.300000000000001,232
2023,2,28,22,0,21.6,471,390,7,3.6,30.75,63.35,0.6000000000000001,4.1000000000000005,227
2023,2,28,23,0,17.7,259,259,0,5.800000000000001,45.62,74.22,0.7000000000000001,2.6,218
2023,3,1,0,0,14.200000000000001,54,54,0,4.6000000000000005,52.43,85.79,0.7000000000000001,2.4000000000000004,210
2023,3,1,1,0,13.5,0,0,0,4.3,53.9,98.08,0.7000000000000001,2.5,204
2023,3,1,2,0,13.4,0,0,0,4.5,54.870000000000005,110.31,0.8,2.9000000000000004,204
2023,3,1,3,0,13.600000000000001,0,0,0,5,56.07,122.37,0.8,3.7,209
2023,3,1,4,0,13.100000000000001,0,0,7,5.7,60.72,133.83,0.8,4.1000000000000005,215
2023,3,1,5,0,12.600000000000001,0,0,7,6,64.22,143.86,0.8,4.1000000000000005,221
2023,3,1,6,0,12,0,0,7,5.9,66.27,150.81,0.8,4,225
2023,3,1,7,0,11.200000000000001,0,0,7,5.5,68.09,152.14000000000001,0.7000000000000001,3.9000000000000004,234
2023,3,1,8,0,10.200000000000001,0,0,7,4.9,69.85000000000001,147.16,0.7000000000000001,3.8000000000000003,249
2023,3,1,9,0,8.6,0,0,7,3.9000000000000004,72.57000000000001,138.09,0.7000000000000001,3,265
2023,3,1,10,0,7.2,0,0,7,2.6,72.38,127.07000000000001,0.8,2.7,291
2023,3,1,11,0,6.300000000000001,0,0,1,0.9,68.36,115.18,0.8,3,318
2023,3,1,12,0,6.300000000000001,0,0,7,-0.30000000000000004,62.690000000000005,102.96000000000001,0.9,3.7,339
2023,3,1,13,0,6.7,0,0,8,-0.5,60.300000000000004,90.16,1,4.1000000000000005,354
2023,3,1,14,0,8.700000000000001,170,20,7,-0.5,52.4,78.73,1,4.9,11
2023,3,1,15,0,11.700000000000001,383,85,8,-1.6,39.75,67.46000000000001,1,6.1000000000000005,25
2023,3,1,16,0,14.200000000000001,572,448,2,-1.6,33.64,57.28,1,5.800000000000001,30
2023,3,1,17,0,15.9,711,490,7,-1.1,31.38,49.02,1.1,5.2,32
2023,3,1,18,0,16.2,790,527,7,-0.6000000000000001,31.73,43.83,1.2000000000000002,4.3,35
2023,3,1,19,0,16.2,802,519,7,-0.2,32.82,42.89,1.3,3.5,40
2023,3,1,20,0,15.8,745,552,7,0.5,35.32,46.45,1.4000000000000001,2.9000000000000004,52
2023,3,1,21,0,15.4,628,398,7,1.9000000000000001,40.21,53.6,1.4000000000000001,2.4000000000000004,66
2023,3,1,22,0,14.8,458,340,7,4.1000000000000005,48.730000000000004,63.11,1.4000000000000001,1.9000000000000001,67
2023,3,1,23,0,12.700000000000001,256,107,6,6.7,66.76,74.01,1.2000000000000002,1.1,56
2023,3,2,0,0,10.200000000000001,54,25,6,5.1000000000000005,70.7,85.61,1.1,1.2000000000000002,51
2023,3,2,1,0,9.3,0,0,9,4.6000000000000005,72.33,97.9,1,1.3,51
2023,3,2,2,0,8.5,0,0,7,4,73.25,110.14,0.9,1.5,56
2023,3,2,3,0,7.7,0,0,7,3.5,74.65,122.18,0.9,1.6,63
2023,3,2,4,0,7.1000000000000005,0,0,7,3.1,75.54,133.6,0.9,1.7000000000000002,68
2023,3,2,5,0,6.5,0,0,7,2.7,76.75,143.59,0.8,1.8,72
2023,3,2,6,0,5.9,0,0,7,2.4000000000000004,78.26,150.46,0.8,1.8,74
2023,3,2,7,0,5.1000000000000005,0,0,7,2,80.61,151.76,0.9,1.8,74
2023,3,2,8,0,4.5,0,0,7,1.8,82.9,146.81,0.9,1.9000000000000001,73
2023,3,2,9,0,4.1000000000000005,0,0,7,1.9000000000000001,85.55,137.78,1,2,70
2023,3,2,10,0,3.9000000000000004,0,0,7,2.1,88.05,126.79,1.1,2.1,68
2023,3,2,11,0,3.5,0,0,8,2.4000000000000004,92.42,114.91,1.3,2,67
2023,3,2,12,0,3.1,0,0,1,2.6,96.74000000000001,102.7,1.5,1.8,61
2023,3,2,13,0,4.5,0,0,3,2.9000000000000004,89.53,89.94,1.7000000000000002,2.7,57
2023,3,2,14,0,7.300000000000001,163,163,0,3.7,77.81,78.46000000000001,1.8,2.5,69
2023,3,2,15,0,10.700000000000001,366,366,0,5.2,68.56,67.16,1.9000000000000001,2,91
2023,3,2,16,0,13.4,550,37,3,6.7,63.93,56.96,1.9000000000000001,1.7000000000000002,79
2023,3,2,17,0,15.3,693,693,1,8.5,63.81,48.660000000000004,1.8,1.6,55
2023,3,2,18,0,16.8,770,770,0,10,64.08,43.45,1.8,1.6,33
2023,3,2,19,0,17.900000000000002,785,261,3,10.9,63.71,42.51,1.8,2,20
2023,3,2,20,0,18.3,728,80,6,11.3,63.82,46.11,1.9000000000000001,2.4000000000000004,14
2023,3,2,21,0,17.900000000000002,610,14,6,11.100000000000001,64.66,53.32,2.1,3.2,7
2023,3,2,22,0,16.5,440,25,6,10.5,67.63,62.870000000000005,2.2,4.4,6
2023,3,2,23,0,14.200000000000001,238,9,6,9.9,75.23,73.8,2.3000000000000003,4.5,24
2023,3,3,0,0,11.9,47,8,6,10,87.95,85.43,2.4000000000000004,4.6000000000000005,326
2023,3,3,1,0,10.4,0,0,9,8.8,89.76,97.73,2.2,5.300000000000001,350
2023,3,3,2,0,9.3,0,0,6,8.200000000000001,92.68,109.96000000000001,2.2,6.1000000000000005,346
2023,3,3,3,0,8.6,0,0,6,7.800000000000001,94.58,121.99000000000001,2.2,4.800000000000001,348
2023,3,3,4,0,8.1,0,0,7,7.4,95.58,133.38,2,3.6,3
2023,3,3,5,0,7.7,0,0,6,6.9,94.76,143.31,1.8,4.2,347
2023,3,3,6,0,6.9,0,0,6,5.800000000000001,92.81,150.11,1.8,4.6000000000000005,338
2023,3,3,7,0,6.5,0,0,6,4.9,89.57000000000001,151.37,1.7000000000000002,3.7,349
2023,3,3,8,0,5.9,0,0,6,3.9000000000000004,87.28,146.45000000000002,1.5,4.4,327
2023,3,3,9,0,5.4,0,0,8,2.9000000000000004,83.99,137.47,1.5,5.800000000000001,312
2023,3,3,10,0,4.6000000000000005,0,0,7,1.8,81.78,126.51,1.6,6.1000000000000005,314
2023,3,3,11,0,4,0,0,4,0.7000000000000001,79.19,114.65,1.5,5.7,320
2023,3,3,12,0,3.4000000000000004,0,0,1,-0.1,77.84,102.44,1.3,5.2,323
2023,3,3,13,0,3.2,0,0,1,-0.9,74.67,89.71000000000001,1.2000000000000002,5.5,320
2023,3,3,14,0,4.7,168,168,0,-1.3,65.01,78.18,1.2000000000000002,6.7,322
2023,3,3,15,0,7,387,387,0,-0.8,57.51,66.86,1,6.800000000000001,328
2023,3,3,16,0,9.5,584,584,0,-0.1,51.32,56.63,0.8,6.5,331
2023,3,3,17,0,12,737,737,0,-0.2,43.02,48.300000000000004,0.6000000000000001,6,332
2023,3,3,18,0,14.200000000000001,820,820,0,-1,35.21,43.06,0.6000000000000001,5.300000000000001,339
2023,3,3,19,0,15.8,829,829,0,-1.1,31.41,42.13,0.7000000000000001,4.7,347
2023,3,3,20,0,16.6,774,774,0,-0.6000000000000001,30.96,45.78,0.7000000000000001,3.9000000000000004,350
2023,3,3,21,0,16.7,650,650,0,-0.1,31.990000000000002,53.04,0.8,3.1,348
2023,3,3,22,0,16.1,477,477,0,0.30000000000000004,34.21,62.64,0.8,2.2,342
2023,3,3,23,0,14.100000000000001,266,266,0,4.800000000000001,53.480000000000004,73.60000000000001,0.9,0.7000000000000001,343
2023,3,4,0,0,13.100000000000001,60,60,0,0.1,40.81,85.25,0.9,0.30000000000000004,75
2023,3,4,1,0,11.600000000000001,0,0,0,0.30000000000000004,45.88,97.55,0.9,0.9,156
2023,3,4,2,0,9.3,0,0,0,0.9,55.79,109.78,0.9,1.3,165
2023,3,4,3,0,7.4,0,0,0,1.1,64.18,121.8,0.9,1.4000000000000001,168
2023,3,4,4,0,6.4,0,0,0,0.9,67.84,133.15,0.9,1.6,168
2023,3,4,5,0,5.800000000000001,0,0,0,0.7000000000000001,69.51,143.03,0.9,1.7000000000000002,165
2023,3,4,6,0,5.4,0,0,0,0.4,70.34,149.76,0.9,1.9000000000000001,164
2023,3,4,7,0,5.1000000000000005,0,0,0,0.30000000000000004,70.92,150.98,0.9,2.1,167
2023,3,4,8,0,4.800000000000001,0,0,0,0.1,71.74,146.09,0.9,2.4000000000000004,171
2023,3,4,9,0,4.7,0,0,0,0.1,71.91,137.15,0.9,2.7,169
2023,3,4,10,0,4.5,0,0,0,0.1,73.37,126.22,0.9,3,166
2023,3,4,11,0,4.3,0,0,0,0.5,76.07000000000001,114.38,0.9,3.3000000000000003,167
2023,3,4,12,0,4,0,0,0,0.9,80.2,102.18,0.9,3.6,168
2023,3,4,13,0,5,0,0,0,1.7000000000000002,79.17,89.48,0.9,4.2,169
2023,3,4,14,0,7.6000000000000005,180,180,0,2.9000000000000004,72.14,77.9,1,3.8000000000000003,170
2023,3,4,15,0,11.700000000000001,394,394,0,3.7,57.9,66.56,1,4.6000000000000005,180
2023,3,4,16,0,15,586,586,0,4.3,48.6,56.300000000000004,0.9,5,192
2023,3,4,17,0,17.2,729,729,0,4.7,43.43,47.93,0.9,4.2,200
2023,3,4,18,0,18.7,812,812,0,5,40.43,42.68,0.9,3.3000000000000003,204
2023,3,4,19,0,19.700000000000003,823,823,0,5.300000000000001,38.74,41.76,1,2.7,204
2023,3,4,20,0,20.200000000000003,767,767,0,5.4,38.050000000000004,45.44,1,2.2,198
2023,3,4,21,0,20.200000000000003,644,644,0,5.7,38.82,52.76,1.1,2.1,187
2023,3,4,22,0,19.6,471,414,8,6.300000000000001,42,62.4,1.1,2.2,177
2023,3,4,23,0,16.6,262,262,0,9.8,64.14,73.4,1.2000000000000002,1.2000000000000002,174
2023,3,5,0,0,13.200000000000001,59,39,3,7.800000000000001,69.87,85.07000000000001,1.2000000000000002,1.4000000000000001,172
2023,3,5,1,0,12.100000000000001,0,0,0,7.800000000000001,75.01,97.38,1.2000000000000002,1.5,171
2023,3,5,2,0,11.3,0,0,0,7.9,79.74,109.60000000000001,1.1,1.6,172
2023,3,5,3,0,10.3,0,0,7,7.9,85.25,121.60000000000001,1.1,1.7000000000000002,176
2023,3,5,4,0,9.4,0,0,1,7.800000000000001,89.57000000000001,132.93,1,1.7000000000000002,179
2023,3,5,5,0,8.700000000000001,0,0,0,7.5,92.31,142.75,1,1.7000000000000002,177
2023,3,5,6,0,8.1,0,0,0,7.4,95.51,149.41,1,1.8,171
2023,3,5,7,0,7.7,0,0,0,7.6000000000000005,99.54,150.59,1,2,168
2023,3,5,8,0,7.4,0,0,0,7.4,100,145.73,1.1,2.3000000000000003,167
2023,3,5,9,0,7.4,0,0,0,7.4,100,136.84,1.2000000000000002,2.9000000000000004,169
2023,3,5,10,0,8.200000000000001,0,0,0,8.200000000000001,100,125.94,1.2000000000000002,4.1000000000000005,173
2023,3,5,11,0,8.700000000000001,0,0,0,8.700000000000001,100,114.11,1.3,4.7,173
2023,3,5,12,0,8.8,0,0,8,8.8,100,101.91,1.3,4.5,174
2023,3,5,13,0,9.8,0,0,0,9.200000000000001,96.22,89.26,1.2000000000000002,5.2,178
2023,3,5,14,0,12.100000000000001,181,153,7,9.8,86.11,77.63,1.2000000000000002,5.800000000000001,187
2023,3,5,15,0,15.3,393,319,8,10.200000000000001,71.52,66.26,1.2000000000000002,6.5,198
2023,3,5,16,0,18.8,580,460,7,10.200000000000001,57.43,55.97,1.3,7.2,203
2023,3,5,17,0,21.400000000000002,718,583,7,10,48.120000000000005,47.57,1.4000000000000001,7.7,203
2023,3,5,18,0,23,802,573,7,9.700000000000001,42.85,42.29,1.4000000000000001,7.9,201
2023,3,5,19,0,23.900000000000002,816,816,0,9.5,40.12,41.38,1.4000000000000001,7.800000000000001,200
2023,3,5,20,0,24.3,759,662,7,9.4,38.95,45.11,1.5,7.6000000000000005,199
2023,3,5,21,0,24.200000000000003,638,584,7,9.3,38.87,52.480000000000004,1.5,7.2,194
2023,3,5,22,0,23.3,469,469,0,9.3,41.03,62.17,1.4000000000000001,6.6000000000000005,186
2023,3,5,23,0,21,263,263,0,9.600000000000001,48.09,73.19,1.4000000000000001,5.800000000000001,178
2023,3,6,0,0,18.400000000000002,61,61,0,9.4,55.59,84.89,1.3,5.7,176
2023,3,6,1,0,16.7,0,0,7,9.4,62.18,97.2,1.3,5.5,172
2023,3,6,2,0,16,0,0,7,9.4,65.1,109.43,1.3,5.5,173
2023,3,6,3,0,15.3,0,0,7,9.4,68.01,121.41,1.2000000000000002,5.5,177
2023,3,6,4,0,14.9,0,0,7,9.600000000000001,70.73,132.7,1.2000000000000002,6,183
2023,3,6,5,0,14.4,0,0,7,10,74.78,142.46,1.2000000000000002,5.9,187
2023,3,6,6,0,14,0,0,6,10.5,79.44,149.05,1.2000000000000002,5.6000000000000005,189
2023,3,6,7,0,13.700000000000001,0,0,7,11,83.87,150.20000000000002,1.2000000000000002,5.4,192
2023,3,6,8,0,12.4,0,0,8,11.3,93.21000000000001,145.36,1.2000000000000002,4.6000000000000005,198
2023,3,6,9,0,11.5,0,0,0,11.3,98.97,136.51,1.2000000000000002,4.3,204
2023,3,6,10,0,10.9,0,0,0,10.9,100,125.64,1.2000000000000002,4,208
2023,3,6,11,0,10.4,0,0,0,10.4,100,113.84,1.2000000000000002,3.5,216
2023,3,6,12,0,10,0,0,7,10,100,101.65,1.2000000000000002,3.1,225
2023,3,6,13,0,10.8,0,0,7,9.700000000000001,92.91,89.02,1.1,3.5,232
2023,3,6,14,0,13.200000000000001,193,99,6,8.6,73.44,77.34,1,3.5,247
2023,3,6,15,0,15.9,408,225,6,6.4,53.24,65.96000000000001,1,3.6,282
2023,3,6,16,0,18.1,598,332,6,5.6000000000000005,43.84,55.63,1,3.5,315
2023,3,6,17,0,20,737,561,7,6,39.980000000000004,47.2,1.1,3.7,332
2023,3,6,18,0,21.3,814,479,6,6.6000000000000005,38.38,41.9,1.2000000000000002,3.8000000000000003,339
2023,3,6,19,0,21.900000000000002,827,627,7,6.9,37.95,41,1.2000000000000002,3.7,345
2023,3,6,20,0,21.6,768,462,6,7,38.95,44.77,1.3,3.2,352
2023,3,6,21,0,20.900000000000002,646,433,7,7.5,41.93,52.2,1.4000000000000001,2.6,355
2023,3,6,22,0,19.8,474,364,7,9.700000000000001,52.17,61.93,1.4000000000000001,1.7000000000000002,353
2023,3,6,23,0,17.5,268,239,7,11.3,67.07000000000001,72.99,1.4000000000000001,1.2000000000000002,349
2023,3,7,0,0,14.600000000000001,64,42,7,9.200000000000001,70.23,84.71000000000001,1.4000000000000001,1.4000000000000001,351
2023,3,7,1,0,13,0,0,7,8.1,72.2,97.03,1.3,1.8,358
2023,3,7,2,0,12.3,0,0,7,7.4,72.2,109.25,1.4000000000000001,2.2,8
2023,3,7,3,0,11.9,0,0,8,7,71.91,121.21000000000001,1.4000000000000001,2.8000000000000003,20
2023,3,7,4,0,11.5,0,0,3,6.6000000000000005,71.84,132.47,1.5,3.3000000000000003,32
2023,3,7,5,0,10.9,0,0,8,6,71.97,142.18,1.6,3.7,40
2023,3,7,6,0,9.9,0,0,8,5.300000000000001,73.15,148.70000000000002,1.6,3.6,43
2023,3,7,7,0,9.1,0,0,7,4.6000000000000005,73.51,149.81,1.7000000000000002,3.6,40
2023,3,7,8,0,8.5,0,0,7,4.1000000000000005,73.73,144.99,1.8,3.8000000000000003,37
2023,3,7,9,0,7.9,0,0,7,3.7,75.04,136.19,1.9000000000000001,4.1000000000000005,34
2023,3,7,10,0,7.300000000000001,0,0,7,3.6,77.10000000000001,125.35000000000001,2,4.5,37
2023,3,7,11,0,6.800000000000001,0,0,7,3.6,80.05,113.56,2.2,4.2,38
2023,3,7,12,0,6.4,0,0,7,3.7,82.65,101.38,2.4000000000000004,4.1000000000000005,36
2023,3,7,13,0,6.800000000000001,13,2,7,3.8000000000000003,81.13,88.77,2.6,4.4,38
2023,3,7,14,0,7.800000000000001,173,61,7,4.2,77.99,77.06,2.8000000000000003,4.4,36
2023,3,7,15,0,8.700000000000001,372,19,7,4.800000000000001,76.46000000000001,65.65,2.9000000000000004,4.5,42
2023,3,7,16,0,10.600000000000001,551,47,6,5.800000000000001,72.41,55.29,2.9000000000000004,3.7,50
2023,3,7,17,0,11.200000000000001,687,107,6,6.800000000000001,74.32000000000001,46.83,2.9000000000000004,2.6,55
2023,3,7,18,0,11.8,764,48,6,7.7,75.87,41.51,2.8000000000000003,2.1,40
2023,3,7,19,0,12.8,780,131,6,8.5,74.96000000000001,40.62,2.7,2.5,16
2023,3,7,20,0,13.600000000000001,728,312,7,9,73.61,44.44,2.7,2.2,6
2023,3,7,21,0,13.8,600,389,8,9.4,74.55,51.92,2.6,1.5,340
2023,3,7,22,0,13.3,431,168,3,9.200000000000001,76.39,61.7,2.6,2.6,322
2023,3,7,23,0,11.8,235,10,5,8.4,79.59,72.79,2.7,3.7,322
2023,3,8,0,0,9.9,51,51,1,7.300000000000001,84.03,84.53,2.9000000000000004,4.2,330
2023,3,8,1,0,8.6,0,0,4,6.300000000000001,85.25,96.85000000000001,3,4.3,340
2023,3,8,2,0,7.5,0,0,4,5.5,87.25,109.07000000000001,2.9000000000000004,4,351
2023,3,8,3,0,6.9,0,0,7,5.2,88.75,121.02,2.8000000000000003,3.1,358
2023,3,8,4,0,6.5,0,0,9,5.1000000000000005,90.95,132.24,2.6,2.6,359
2023,3,8,5,0,6.2,0,0,9,5,91.75,141.89000000000001,2.5,2.8000000000000003,352
2023,3,8,6,0,6,0,0,6,4.800000000000001,91.73,148.34,2.5,3,342
2023,3,8,7,0,5.9,0,0,9,4.6000000000000005,91.27,149.42000000000002,2.5,3.1,337
2023,3,8,8,0,5.6000000000000005,0,0,9,4.4,91.76,144.62,2.5,3.3000000000000003,338
2023,3,8,9,0,5.300000000000001,0,0,6,4.1000000000000005,91.89,135.86,2.5,3.6,335
2023,3,8,10,0,4.800000000000001,0,0,7,3.6,92.21000000000001,125.05,2.4000000000000004,3.7,339
2023,3,8,11,0,4.4,0,0,0,3.3000000000000003,92.3,113.28,2.5,3.4000000000000004,340
2023,3,8,12,0,4.1000000000000005,0,0,1,2.9000000000000004,92.2,101.10000000000001,2.5,3.2,342
2023,3,8,13,0,4.7,13,13,0,3,88.71000000000001,88.52,2.5,3.7,345
2023,3,8,14,0,6.9,176,176,1,3.8000000000000003,80.71000000000001,76.77,2.6,4.3,354
2023,3,8,15,0,9.1,375,123,3,4.7,73.7,65.34,2.7,4.6000000000000005,2
2023,3,8,16,0,10.600000000000001,555,555,1,5.1000000000000005,68.83,54.96,2.7,4.2,2
2023,3,8,17,0,11.9,689,357,3,5.6000000000000005,65.48,46.46,2.8000000000000003,3.7,3
2023,3,8,18,0,12.9,766,250,3,6.2,63.82,41.11,2.9000000000000004,3.1,6
2023,3,8,19,0,13.4,779,224,3,6.7,63.9,40.24,2.9000000000000004,2.5,12
2023,3,8,20,0,13.700000000000001,726,252,3,7.1000000000000005,64.33,44.11,2.9000000000000004,2,25
2023,3,8,21,0,14,610,276,5,7.4,64.61,51.64,2.9000000000000004,1.8,27
2023,3,8,22,0,13.8,443,261,3,7.5,65.8,61.47,2.8000000000000003,1.9000000000000001,2
2023,3,8,23,0,12.8,245,19,3,8.1,73.06,72.59,2.8000000000000003,1.3,17
2023,3,9,0,0,11,57,16,8,8.6,85.37,84.35000000000001,2.9000000000000004,0.7000000000000001,33
2023,3,9,1,0,10.700000000000001,0,0,7,8.4,85.95,96.68,3,1,34
2023,3,9,2,0,10.4,0,0,6,8.3,86.7,108.89,3.1,1.5,40
2023,3,9,3,0,9.9,0,0,6,8.5,91.17,120.82000000000001,3.2,1.5,67
2023,3,9,4,0,9.3,0,0,6,8.700000000000001,96.2,132.01,3.3000000000000003,1.2000000000000002,92
2023,3,9,5,0,8.8,0,0,7,8.8,99.95,141.6,3.3000000000000003,1.2000000000000002,104
2023,3,9,6,0,9,0,0,7,8.9,99.65,147.98,3.2,0.8,113
2023,3,9,7,0,8.6,0,0,7,8.6,100,149.02,3,0.8,88
2023,3,9,8,0,8.6,0,0,6,8.6,99.78,144.25,2.9000000000000004,1.4000000000000001,87
2023,3,9,9,0,8.4,0,0,4,8.4,100,135.53,2.8000000000000003,1.3,102
2023,3,9,10,0,8.3,0,0,3,8.3,100,124.75,2.7,1.1,118
2023,3,9,11,0,8.1,0,0,3,8.1,100,113,2.6,0.7000000000000001,133
2023,3,9,12,0,8.3,0,0,4,8.3,100,100.83,2.6,0.6000000000000001,154
2023,3,9,13,0,9.1,11,5,8,8.6,97,88.27,2.7,0.8,170
2023,3,9,14,0,10.3,168,8,7,9.1,92.33,76.49,2.7,1.2000000000000002,223
2023,3,9,15,0,11.5,363,178,7,9.600000000000001,88,65.04,2.8000000000000003,1.8,259
2023,3,9,16,0,12.200000000000001,544,86,7,9.700000000000001,84.63,54.620000000000005,2.7,2.3000000000000003,289
2023,3,9,17,0,12.8,684,52,7,9.600000000000001,80.99,46.09,2.6,2.8000000000000003,312
2023,3,9,18,0,13.5,770,45,8,9.4,76.06,40.72,2.4000000000000004,3.5,328
2023,3,9,19,0,13.9,790,255,7,8.9,71.97,39.86,2.2,4.1000000000000005,338
2023,3,9,20,0,14.100000000000001,741,324,7,8.4,68.51,43.77,2.1,4.4,348
2023,3,9,21,0,14.100000000000001,631,232,6,7.800000000000001,65.9,51.370000000000005,1.9000000000000001,4.5,354
2023,3,9,22,0,13.8,467,47,6,7.300000000000001,64.74,61.24,1.7000000000000002,4.3,357
2023,3,9,23,0,12.700000000000001,267,39,6,7.1000000000000005,68.54,72.39,1.6,3.4000000000000004,359
2023,3,10,0,0,10.600000000000001,68,39,7,6.800000000000001,77.12,84.18,1.4000000000000001,2.6,360
2023,3,10,1,0,9.700000000000001,0,0,7,6,77.77,96.51,1.3,3,1
2023,3,10,2,0,8.8,0,0,7,5.300000000000001,78.73,108.72,1.1,3,3
2023,3,10,3,0,7.800000000000001,0,0,7,4.7,80.84,120.63,1,2.8000000000000003,7
2023,3,10,4,0,7.2,0,0,8,4.2,81.17,131.78,1,2.7,12
2023,3,10,5,0,6.5,0,0,7,3.7,82.53,141.31,0.9,2.7,15
2023,3,10,6,0,5.800000000000001,0,0,0,3.3000000000000003,84.23,147.62,0.9,2.6,16
2023,3,10,7,0,5,0,0,7,2.9000000000000004,86.43,148.63,0.8,2.4000000000000004,15
2023,3,10,8,0,4.3,0,0,7,2.5,87.95,143.88,0.8,2.3000000000000003,13
2023,3,10,9,0,3.8000000000000003,0,0,7,2,88.3,135.19,0.9,2.3000000000000003,11
2023,3,10,10,0,3.2,0,0,8,1.6,89.16,124.45,0.9,2.3000000000000003,9
2023,3,10,11,0,3,0,0,8,1.2000000000000002,88.11,112.72,0.9,2.7,8
2023,3,10,12,0,1.9000000000000001,0,0,0,0.8,92.2,100.55,0.9,2.1,12
2023,3,10,13,0,3,23,23,0,0.5,83.68,88,0.8,3,17
2023,3,10,14,0,5.5,216,216,0,-0.4,65.7,76.2,0.8,3.2,33
2023,3,10,15,0,7.9,434,434,0,-0.4,55.65,64.72,0.8,2.7,33
2023,3,10,16,0,9.9,624,624,0,0.2,50.72,54.28,0.8,2.1,36
2023,3,10,17,0,11.700000000000001,766,766,0,0.8,47.31,45.71,0.8,1.4000000000000001,64
2023,3,10,18,0,13.3,844,784,7,1.4000000000000001,44.46,40.32,0.9,1.5,120
2023,3,10,19,0,14.600000000000001,856,856,0,1.9000000000000001,42.19,39.47,0.9,2,153
2023,3,10,20,0,15.4,796,687,8,2.2,40.99,43.44,1,2.5,163
2023,3,10,21,0,15.600000000000001,671,562,7,2.4000000000000004,41.09,51.09,1.1,2.7,168
2023,3,10,22,0,15,493,359,7,2.8000000000000003,43.74,61.01,1.3,2.7,166
2023,3,10,23,0,13.200000000000001,281,281,0,5.4,59.01,72.2,1.5,1.5,166
2023,3,11,0,0,10.3,74,39,7,5.800000000000001,73.81,84,1.7000000000000002,1.2000000000000002,159
2023,3,11,1,0,9,0,0,8,5.1000000000000005,76.68,96.33,1.8,1.4000000000000001,149
2023,3,11,2,0,8.6,0,0,8,5,77.87,108.54,1.8,2,142
2023,3,11,3,0,8.6,0,0,5,4.800000000000001,77.18,120.43,1.8,2.9000000000000004,140
2023,3,11,4,0,8.5,0,0,7,4.9,77.82000000000001,131.55,1.9000000000000001,3.4000000000000004,142
2023,3,11,5,0,8.200000000000001,0,0,3,5,80.17,141.02,2.1,3.6,145
2023,3,11,6,0,8.200000000000001,0,0,1,5.300000000000001,82.19,147.26,2.2,3.8000000000000003,153
2023,3,11,7,0,7.7,0,0,3,5.800000000000001,87.96000000000001,148.23,2.4000000000000004,3.4000000000000004,160
2023,3,11,8,0,7.6000000000000005,0,0,8,6.5,92.77,143.5,2.5,4,164
2023,3,11,9,0,7.800000000000001,0,0,8,7.4,97.39,134.86,2.6,4.5,164
2023,3,11,10,0,8.5,0,0,7,8.3,98.38,124.15,2.6,4.7,162
2023,3,11,11,0,9.1,0,0,7,8.9,98.81,112.43,2.6,4.5,162
2023,3,11,12,0,9.700000000000001,0,0,8,9.600000000000001,99.12,100.27,2.5,4.7,165
2023,3,11,13,0,10.9,21,7,3,10.4,96.96000000000001,87.76,2.4000000000000004,5.2,170
2023,3,11,14,0,12.9,201,201,1,11.600000000000001,92,75.91,2.3000000000000003,5.800000000000001,176
2023,3,11,15,0,15.8,411,411,1,13.100000000000001,84.05,64.41,2.3000000000000003,6.7,198
2023,3,11,16,0,18.7,597,597,1,13.8,73.29,53.94,2.3000000000000003,6.300000000000001,212
2023,3,11,17,0,21.900000000000002,734,734,0,13.9,60.620000000000005,45.34,2.4000000000000004,5.6000000000000005,223
2023,3,11,18,0,24.6,812,689,7,13.4,49.84,39.93,2.4000000000000004,5.300000000000001,238
2023,3,11,19,0,26.200000000000003,822,822,0,12.8,43.6,39.09,2.5,5.1000000000000005,254
2023,3,11,20,0,26.700000000000003,766,668,2,12.3,40.81,43.11,2.5,4.9,270
2023,3,11,21,0,25.5,646,501,7,12.3,43.910000000000004,50.82,2.6,4.5,301
2023,3,11,22,0,22.200000000000003,477,463,8,12.200000000000001,53.230000000000004,60.78,2.5,5.4,337
2023,3,11,23,0,18.7,276,276,0,10.100000000000001,57.18,72,2.3000000000000003,6.5,349
2023,3,12,0,0,15.700000000000001,73,73,1,8.6,62.63,83.83,2.2,6.4,355
2023,3,12,1,0,13.700000000000001,0,0,0,8.200000000000001,69.17,96.16,2.1,6.800000000000001,1
2023,3,12,2,0,11.4,0,0,0,7.300000000000001,76.04,108.36,2,7.6000000000000005,6
2023,3,12,3,0,9.4,0,0,8,5.9,78.89,120.23,2,7.4,8
2023,3,12,4,0,8.6,0,0,7,4.800000000000001,77.11,131.31,2.1,6.6000000000000005,14
2023,3,12,5,0,8.1,0,0,7,4.5,78.07000000000001,140.73,2.1,5.6000000000000005,22
2023,3,12,6,0,7.800000000000001,0,0,7,4.4,79.08,146.9,2.1,5.1000000000000005,19
2023,3,12,7,0,7.4,0,0,1,4.1000000000000005,79.62,147.83,2,5.1000000000000005,15
2023,3,12,8,0,7,0,0,4,3.6,79.05,143.12,1.9000000000000001,5,15
2023,3,12,9,0,6.4,0,0,7,3.2,79.91,134.52,1.7000000000000002,4.5,15
2023,3,12,10,0,5.9,0,0,6,2.8000000000000003,80.7,123.84,1.6,4,14
2023,3,12,11,0,5.5,0,0,8,2.6,81.56,112.14,1.5,3.6,14
2023,3,12,12,0,5.1000000000000005,0,0,3,2.4000000000000004,82.62,99.99000000000001,1.4000000000000001,3.5,14
2023,3,12,13,0,5.4,27,12,5,2.1,79.4,87.48,1.2000000000000002,4.4,16
2023,3,12,14,0,6.9,218,47,4,1.5,68.72,75.62,1.1,5.300000000000001,22
2023,3,12,15,0,8.6,436,125,4,0.7000000000000001,57.72,64.1,1.1,5.800000000000001,25
2023,3,12,16,0,10.4,626,199,4,-0.1,48.050000000000004,53.6,1.1,5.9,24
2023,3,12,17,0,11.8,767,36,5,-0.7000000000000001,42.06,44.96,1.1,6,20
2023,3,12,18,0,12.700000000000001,842,154,4,-1.1,38.58,39.53,1.2000000000000002,6.300000000000001,16
2023,3,12,19,0,12.8,853,272,4,-1.4000000000000001,37.4,38.71,1.2000000000000002,6.6000000000000005,13
2023,3,12,20,0,11.9,793,267,7,-1.4000000000000001,39.72,42.78,1.3,6.9,12
2023,3,12,21,0,10.8,670,372,8,-1.1,43.59,50.54,1.3,6.7,13
2023,3,12,22,0,9.9,497,74,5,-0.9,46.86,60.56,1.3,5.9,15
2023,3,12,23,0,9,289,83,4,-0.9,49.910000000000004,71.81,1.3,4.7,14
2023,3,13,0,0,7.2,81,33,4,0.2,60.910000000000004,83.65,1.3,2.5,9
2023,3,13,1,0,5.5,0,0,0,0.4,69.51,95.99000000000001,1.2000000000000002,1.6,358
2023,3,13,2,0,4.6000000000000005,0,0,0,-0.2,70.86,108.18,1.1,1.5,351
2023,3,13,3,0,4.1000000000000005,0,0,0,-1,69.27,120.04,0.9,1.6,351
2023,3,13,4,0,3.6,0,0,0,-2,66.64,131.07,0.9,1.9000000000000001,359
2023,3,13,5,0,3.2,0,0,0,-3.2,62.910000000000004,140.43,0.9,2.7,12
2023,3,13,6,0,2.5,0,0,0,-4.2,61.26,146.53,0.9,3.4000000000000004,25
2023,3,13,7,0,1.6,0,0,0,-4.7,62.71,147.43,1,3.6,35
2023,3,13,8,0,0.7000000000000001,0,0,1,-4.9,66.27,142.74,1,3.4000000000000004,38
2023,3,13,9,0,0.1,0,0,7,-4.800000000000001,69.75,134.18,1,3.2,36
2023,3,13,10,0,-0.4,0,0,7,-4.7,72.96000000000001,123.53,1,2.9000000000000004,33
2023,3,13,11,0,-0.9,0,0,0,-4.7,75.42,111.85000000000001,1,2.6,28
2023,3,13,12,0,-1,0,0,0,-4.9,75.07000000000001,99.71000000000001,1,2.5,23
2023,3,13,13,0,0.30000000000000004,31,5,4,-5.6000000000000005,64.68,87.21000000000001,1,3.4000000000000004,25
2023,3,13,14,0,2.4000000000000004,227,19,4,-7.1000000000000005,49.370000000000005,75.32000000000001,1,4,28
2023,3,13,15,0,4.2,443,164,5,-7.5,42.230000000000004,63.79,1,3.9000000000000004,20
2023,3,13,16,0,5.7,630,139,5,-7.4,38.38,53.25,1.1,3.9000000000000004,16
2023,3,13,17,0,7.300000000000001,771,187,5,-6.9,35.71,44.58,1.1,3.7,17
2023,3,13,18,0,8.700000000000001,843,320,4,-6.2,34.28,39.13,1.2000000000000002,3.7,20
2023,3,13,19,0,9.8,854,200,4,-5.4,33.81,38.33,1.2000000000000002,3.7,22
2023,3,13,20,0,10.200000000000001,794,506,5,-4.800000000000001,34.6,42.45,1.3,3.7,22
2023,3,13,21,0,9.8,674,293,5,-4.3,36.77,50.27,1.3,3.5,21
2023,3,13,22,0,8.9,499,430,8,-4,39.980000000000004,60.33,1.3,3.3000000000000003,24
2023,3,13,23,0,7.9,291,68,4,-3.6,43.910000000000004,71.61,1.3,2.8000000000000003,25
2023,3,14,0,0,5.5,81,16,5,-1,62.74,83.48,1.3,1.4000000000000001,24
2023,3,14,1,0,4.5,0,0,5,-1.1,67.06,95.82000000000001,1.3,1.3,19
2023,3,14,2,0,4,0,0,4,-1.5,67.52,108,1.3,1.3,14
2023,3,14,3,0,3.6,0,0,4,-1.5,69.26,119.84,1.2000000000000002,1.2000000000000002,17
2023,3,14,4,0,3.3000000000000003,0,0,3,-1.5,70.55,130.84,1.2000000000000002,1.1,32
2023,3,14,5,0,2.8000000000000003,0,0,4,-1.9000000000000001,71.33,140.13,1.1,1.3,51
2023,3,14,6,0,2.1,0,0,4,-2.3000000000000003,72.71000000000001,146.17000000000002,1.1,1.4000000000000001,66
2023,3,14,7,0,1.3,0,0,0,-2.3000000000000003,76.93,147.03,1,1.5,77
2023,3,14,8,0,0.6000000000000001,0,0,0,-2.2,81.41,142.36,1,1.6,85
2023,3,14,9,0,0,0,0,0,-2.2,85.05,133.83,1,1.6,87
2023,3,14,10,0,0,0,0,8,-2.2,85.35000000000001,123.22,1,1.7000000000000002,85
2023,3,14,11,0,0.30000000000000004,0,0,8,-2.2,83.19,111.56,1,2,86
2023,3,14,12,0,0.30000000000000004,0,0,0,-2.1,83.98,99.43,1.1,1.8,92
2023,3,14,13,0,1.1,34,21,7,-1.9000000000000001,80.31,86.94,1.1,1.9000000000000001,101
2023,3,14,14,0,2.3000000000000003,230,152,7,-1.9000000000000001,73.88,75.03,1.2000000000000002,1.8,124
2023,3,14,15,0,4.2,445,246,7,-3.1,59.01,63.47,1.2000000000000002,2.7,140
2023,3,14,16,0,6,633,260,6,-3.2,51.76,52.910000000000004,1.2000000000000002,2.8000000000000003,150
2023,3,14,17,0,8.4,770,214,6,-2.7,45.68,44.21,1.3,2.7,160
2023,3,14,18,0,10.100000000000001,843,189,6,-1.8,43.300000000000004,38.730000000000004,1.3,2.6,167
2023,3,14,19,0,10.9,850,62,7,-0.7000000000000001,44.6,37.94,1.4000000000000001,2.7,169
2023,3,14,20,0,11.5,791,209,6,0.30000000000000004,46.230000000000004,42.12,1.4000000000000001,2.9000000000000004,168
2023,3,14,21,0,12.100000000000001,668,601,7,1.2000000000000002,47.160000000000004,50,1.4000000000000001,3.4000000000000004,168
2023,3,14,22,0,11.8,496,496,0,1.7000000000000002,50.03,60.11,1.3,3.7,170
2023,3,14,23,0,10.5,287,287,0,2.4000000000000004,57.14,71.42,1.3,3.1,172
2023,3,15,0,0,6.9,80,80,0,3,76.08,83.3,1.3,1.7000000000000002,165
2023,3,15,1,0,5.800000000000001,0,0,0,2.8000000000000003,80.85000000000001,95.65,1.3,1.8,157
2023,3,15,2,0,5.300000000000001,0,0,0,2.7,83.22,107.83,1.3,2.1,150
2023,3,15,3,0,5,0,0,0,2.6,84.69,119.64,1.2000000000000002,2.5,148
2023,3,15,4,0,4.800000000000001,0,0,0,2.7,86.10000000000001,130.6,1.2000000000000002,3.1,150
2023,3,15,5,0,4.4,0,0,0,2.8000000000000003,89.19,139.84,1.1,3.4000000000000004,154
2023,3,15,6,0,3.9000000000000004,0,0,0,2.9000000000000004,93.02,145.8,1.1,3.5,160
2023,3,15,7,0,3.7,0,0,0,2.9000000000000004,94.77,146.63,1.1,3.8000000000000003,163
2023,3,15,8,0,3.7,0,0,0,2.9000000000000004,94.35000000000001,141.98,1.1,4,163
2023,3,15,9,0,3.6,0,0,1,2.7,94.03,133.49,1.1,4,163
2023,3,15,10,0,3.4000000000000004,0,0,0,2.6,94.55,122.9,1.1,4,164
2023,3,15,11,0,3.2,0,0,7,2.6,95.97,111.27,1.2000000000000002,3.9000000000000004,166
2023,3,15,12,0,3.2,0,0,0,2.8000000000000003,97.37,99.14,1.2000000000000002,4,170
2023,3,15,13,0,4.7,36,21,8,3.7,93.09,86.67,1.4000000000000001,4.7,171
2023,3,15,14,0,6.800000000000001,228,134,7,4.800000000000001,87.08,74.73,1.5,5.300000000000001,173
2023,3,15,15,0,8.8,437,307,8,5.6000000000000005,80.58,63.160000000000004,1.6,6,172
2023,3,15,16,0,11,621,314,7,5.9,70.97,52.57,1.7000000000000002,6.9,174
2023,3,15,17,0,14,756,551,8,6.1000000000000005,58.99,43.83,1.8,7.800000000000001,176
2023,3,15,18,0,16.6,835,504,7,7,53.02,38.33,1.9000000000000001,8.200000000000001,178
2023,3,15,19,0,18.1,840,657,2,8,51.79,37.56,2.1,8.4,180
2023,3,15,20,0,18.7,777,633,3,8.700000000000001,52.15,41.79,2.3000000000000003,8.4,182
2023,3,15,21,0,18.5,658,413,3,8.9,53.64,49.74,2.3000000000000003,8.3,182
2023,3,15,22,0,18.1,489,489,0,8.9,55.050000000000004,59.89,2.3000000000000003,8.1,179
2023,3,15,23,0,17,288,288,0,8.9,59.06,71.23,2.2,7.300000000000001,175
2023,3,16,0,0,15,83,57,8,8.9,66.68,83.14,2.3000000000000003,6.7,172
2023,3,16,1,0,14,0,0,0,8.700000000000001,70.41,95.48,2.4000000000000004,7,171
2023,3,16,2,0,13.5,0,0,1,8.5,71.58,107.65,2.6,7.4,174
2023,3,16,3,0,13.3,0,0,1,8.4,72.19,119.44,2.7,7.7,177
2023,3,16,4,0,13.5,0,0,8,8.700000000000001,72.7,130.36,2.6,8,181
2023,3,16,5,0,13.8,0,0,6,9.4,74.71000000000001,139.54,2.7,8.1,184
2023,3,16,6,0,14,0,0,8,10.200000000000001,77.91,145.44,2.7,7.9,186
2023,3,16,7,0,14,0,0,8,10.9,81.86,146.23,2.9000000000000004,7.6000000000000005,187
2023,3,16,8,0,14.100000000000001,0,0,3,11.700000000000001,85.4,141.6,3,7.7,189
2023,3,16,9,0,14.200000000000001,0,0,7,12.4,88.73,133.14000000000001,3,7.7,191
2023,3,16,10,0,14.4,0,0,7,12.8,90.34,122.59,3.1,7.7,190
2023,3,16,11,0,14.5,0,0,7,13.100000000000001,91.60000000000001,110.97,3.2,7.4,189
2023,3,16,12,0,14.700000000000001,0,0,6,13.5,92.41,98.86,3.2,7.6000000000000005,192
2023,3,16,13,0,15.100000000000001,33,13,7,13.9,92.65,86.41,3.1,7.2,193
2023,3,16,14,0,15.9,215,58,6,14.600000000000001,91.72,74.44,3.1,6.9,197
2023,3,16,15,0,16.7,422,68,7,15.200000000000001,90.85000000000001,62.85,3,6.2,194
2023,3,16,16,0,18.6,606,232,8,16,84.60000000000001,52.22,2.9000000000000004,6.7,196
2023,3,16,17,0,20.700000000000003,736,369,3,16.5,76.79,43.45,3.2,6.7,207
2023,3,16,18,0,20.700000000000003,812,47,7,16.2,75.42,37.93,3.3000000000000003,6.300000000000001,225
2023,3,16,19,0,17.5,825,29,9,13.5,77.54,37.18,3.1,7.2,284
2023,3,16,20,0,12.5,776,108,7,7.1000000000000005,69.76,41.46,2.6,9.1,319
2023,3,16,21,0,11.200000000000001,666,211,8,3.2,57.71,49.47,2,8.9,322
2023,3,16,22,0,9.600000000000001,501,84,5,1.1,55.27,59.67,1.7000000000000002,9.3,322
2023,3,16,23,0,7.300000000000001,298,64,8,-0.8,56.29,71.04,1.5,8.9,328
2023,3,17,0,0,5.4,88,32,7,-1.7000000000000002,60.21,82.96000000000001,1.4000000000000001,8,335
2023,3,17,1,0,4.1000000000000005,0,0,6,-2.3000000000000003,63.29,95.31,1.3,8.1,344
2023,3,17,2,0,3,0,0,7,-2.6,66.59,107.47,1.3,8,351
2023,3,17,3,0,2.4000000000000004,0,0,7,-2.9000000000000004,67.92,119.24000000000001,1.2000000000000002,7.300000000000001,355
2023,3,17,4,0,2.2,0,0,7,-3.3000000000000003,66.81,130.12,1.2000000000000002,6.6000000000000005,357
2023,3,17,5,0,2.3000000000000003,0,0,7,-3.8000000000000003,64.23,139.24,1.1,6.300000000000001,358
2023,3,17,6,0,2.5,0,0,0,-4.4,60.57,145.07,1,6.300000000000001,357
2023,3,17,7,0,2.7,0,0,7,-5.300000000000001,55.58,145.83,0.9,6.2,354
2023,3,17,8,0,2.6,0,0,4,-6.5,51.18,141.21,0.8,6.1000000000000005,355
2023,3,17,9,0,1.9000000000000001,0,0,0,-7.2,50.81,132.8,0.7000000000000001,5.7,356
2023,3,17,10,0,0.6000000000000001,0,0,0,-7.300000000000001,55.44,122.27,0.6000000000000001,4.800000000000001,355
2023,3,17,11,0,-0.7000000000000001,0,0,0,-7,62.35,110.67,0.5,3.6,353
2023,3,17,12,0,-1.7000000000000002,0,0,0,-6.7,68.53,98.57000000000001,0.5,2.9000000000000004,347
2023,3,17,13,0,-0.4,48,48,0,-6.9,61.620000000000005,86.11,0.4,4,345
2023,3,17,14,0,2.1,261,261,0,-7.300000000000001,49.74,74.14,0.4,5.1000000000000005,359
2023,3,17,15,0,4.800000000000001,486,486,0,-8.200000000000001,38.52,62.53,0.4,5.300000000000001,5
2023,3,17,16,0,7,674,674,0,-8.9,31.150000000000002,51.88,0.5,5.2,3
2023,3,17,17,0,8.700000000000001,816,816,0,-8.4,28.85,43.07,0.5,5.1000000000000005,359
2023,3,17,18,0,9.9,890,890,0,-7.7,28.17,37.53,0.6000000000000001,4.9,355
2023,3,17,19,0,10.700000000000001,900,900,0,-7.300000000000001,27.52,36.79,0.6000000000000001,4.800000000000001,350
2023,3,17,20,0,11,835,835,0,-7.2,27.16,41.14,0.7000000000000001,4.7,347
2023,3,17,21,0,10.9,710,710,0,-7.300000000000001,27.25,49.21,0.7000000000000001,4.4,344
2023,3,17,22,0,10.4,531,531,0,-7.300000000000001,28.17,59.45,0.7000000000000001,3.9000000000000004,342
2023,3,17,23,0,9.1,316,316,0,-5.800000000000001,34.49,70.86,0.7000000000000001,2.6,341
2023,3,18,0,0,5.2,97,97,0,-2.1,59.43,82.79,0.7000000000000001,1.2000000000000002,345
2023,3,18,1,0,4.5,0,0,0,-3.3000000000000003,56.99,95.14,0.7000000000000001,1.2000000000000002,345
2023,3,18,2,0,4.5,0,0,0,-4.2,53.14,107.29,0.7000000000000001,1.1,324
2023,3,18,3,0,4,0,0,0,-4.2,55.120000000000005,119.03,0.7000000000000001,1.2000000000000002,298
2023,3,18,4,0,2.9000000000000004,0,0,0,-4.2,59.74,129.88,0.6000000000000001,1.2000000000000002,297
2023,3,18,5,0,1.8,0,0,0,-4.3,64.03,138.94,0.6000000000000001,1.3,311
2023,3,18,6,0,0.9,0,0,0,-4.6000000000000005,66.61,144.70000000000002,0.5,1.4000000000000001,326
2023,3,18,7,0,0.2,0,0,0,-5,67.98,145.43,0.5,1.5,335
2023,3,18,8,0,-0.30000000000000004,0,0,8,-5.4,68.62,140.83,0.5,1.8,340
2023,3,18,9,0,-0.4,0,0,0,-5.6000000000000005,67.88,132.45,0.5,2.7,349
2023,3,18,10,0,-0.8,0,0,0,-5.800000000000001,69.12,121.95,0.5,3.7,357
2023,3,18,11,0,-1.6,0,0,0,-5.9,72.65,110.38,0.6000000000000001,4,5
2023,3,18,12,0,-2.3000000000000003,0,0,0,-6.1000000000000005,75.14,98.28,0.5,3.8000000000000003,15
2023,3,18,13,0,-1.2000000000000002,52,52,0,-6.800000000000001,65.46000000000001,85.83,0.5,4.3,21
2023,3,18,14,0,1,268,211,8,-10.5,42.13,73.85000000000001,0.4,5.800000000000001,20
2023,3,18,15,0,2.9000000000000004,493,493,0,-12.100000000000001,32.14,62.21,0.4,6.300000000000001,12
2023,3,18,16,0,4.5,686,686,0,-12.5,28,51.54,0.4,6.300000000000001,3
2023,3,18,17,0,5.800000000000001,829,829,0,-12.600000000000001,25.32,42.69,0.4,6.300000000000001,355
2023,3,18,18,0,7,917,917,0,-12.600000000000001,23.2,37.12,0.30000000000000004,6.300000000000001,349
2023,3,18,19,0,7.800000000000001,926,926,0,-12.700000000000001,21.91,36.410000000000004,0.30000000000000004,6.2,344
2023,3,18,20,0,8.1,865,865,0,-12.700000000000001,21.400000000000002,40.81,0.30000000000000004,6.1000000000000005,342
2023,3,18,21,0,8.200000000000001,737,737,0,-12.8,21.07,48.94,0.30000000000000004,5.9,342
2023,3,18,22,0,7.7,554,554,0,-12.9,21.75,59.24,0.30000000000000004,5.5,344
2023,3,18,23,0,6.4,334,334,0,-12,25.41,70.67,0.30000000000000004,4.3,349
2023,3,19,0,0,2.5,107,107,0,-8.6,43.78,82.62,0.30000000000000004,2.2,4
2023,3,19,1,0,0.8,0,0,0,-8.8,48.56,94.97,0.30000000000000004,2.3000000000000003,18
2023,3,19,2,0,0,0,0,0,-9.700000000000001,48.230000000000004,107.11,0.30000000000000004,2.7,25
2023,3,19,3,0,-1,0,0,0,-10.100000000000001,50.25,118.83,0.30000000000000004,2.9000000000000004,31
2023,3,19,4,0,-2.1,0,0,0,-10.100000000000001,54.28,129.63,0.30000000000000004,2.8000000000000003,34
2023,3,19,5,0,-3.1,0,0,0,-9.9,59.21,138.63,0.30000000000000004,2.6,35
2023,3,19,6,0,-4.1000000000000005,0,0,0,-9.700000000000001,65.06,144.33,0.30000000000000004,2.2,35
2023,3,19,7,0,-5,0,0,0,-9.5,70.5,145.03,0.30000000000000004,1.8,36
2023,3,19,8,0,-5.800000000000001,0,0,0,-9.600000000000001,74.4,140.44,0.30000000000000004,1.4000000000000001,35
2023,3,19,9,0,-6.300000000000001,0,0,0,-9.8,76.5,132.1,0.30000000000000004,1.2000000000000002,35
2023,3,19,10,0,-6.300000000000001,0,0,0,-9.9,75.76,121.64,0.30000000000000004,1,35
2023,3,19,11,0,-6.2,0,0,0,-10.100000000000001,73.99,110.08,0.2,0.9,35
2023,3,19,12,0,-5.800000000000001,0,0,0,-10.100000000000001,71.7,97.99000000000001,0.2,0.8,37
2023,3,19,13,0,-3.4000000000000004,60,60,0,-10.100000000000001,59.7,85.55,0.2,1.1,43
2023,3,19,14,0,0.1,282,282,0,-11.8,40.35,73.55,0.2,1,47
2023,3,19,15,0,2.8000000000000003,511,511,0,-13,30.310000000000002,61.9,0.2,1.1,17
2023,3,19,16,0,4.6000000000000005,708,708,0,-12.3,28.17,51.19,0.2,0.7000000000000001,340
2023,3,19,17,0,6.300000000000001,852,852,0,-11.200000000000001,27.26,42.31,0.2,0.7000000000000001,262
2023,3,19,18,0,7.9,932,932,0,-10.3,26.25,36.72,0.2,1.3,231
2023,3,19,19,0,9.1,930,930,0,-9.700000000000001,25.48,36.03,0.30000000000000004,1.7000000000000002,223
2023,3,19,20,0,9.9,869,869,0,-9.200000000000001,25.060000000000002,40.49,0.30000000000000004,2.1,220
2023,3,19,21,0,10.200000000000001,741,741,0,-8.8,25.37,48.68,0.30000000000000004,2.4000000000000004,217
2023,3,19,22,0,10,557,557,0,-8.3,26.69,59.02,0.30000000000000004,2.6,213
2023,3,19,23,0,8.5,332,332,0,-5.300000000000001,37.13,70.48,0.4,2,203
2023,3,20,0,0,4,107,107,0,-2.9000000000000004,60.63,82.45,0.4,1.4000000000000001,185
2023,3,20,1,0,2.6,0,0,0,-4.1000000000000005,61.49,94.8,0.4,1.9000000000000001,178
2023,3,20,2,0,2.3000000000000003,0,0,0,-4.5,60.75,106.93,0.4,2.5,173
2023,3,20,3,0,2,0,0,0,-4.800000000000001,60.84,118.63,0.4,3,168
2023,3,20,4,0,1.8,0,0,0,-4.9,61.32,129.39000000000001,0.4,3.5,165
2023,3,20,5,0,1.4000000000000001,0,0,0,-4.800000000000001,63.5,138.33,0.4,3.9000000000000004,165
2023,3,20,6,0,0.9,0,0,0,-4.6000000000000005,66.93,143.96,0.4,4.1000000000000005,169
2023,3,20,7,0,0.30000000000000004,0,0,0,-4.2,71.61,144.62,0.5,4.3,175
2023,3,20,8,0,0,0,0,0,-3.9000000000000004,74.96000000000001,140.05,0.5,4.800000000000001,183
2023,3,20,9,0,-0.5,0,0,0,-3.6,79.82000000000001,131.75,0.5,4.4,189
2023,3,20,10,0,-0.7000000000000001,0,0,0,-3.2,82.91,121.32000000000001,0.5,4.1000000000000005,196
2023,3,20,11,0,-0.5,0,0,0,-3,83.39,109.78,0.6000000000000001,4.2,197
2023,3,20,12,0,-0.1,0,0,0,-2.7,82.60000000000001,97.7,0.6000000000000001,4,193
2023,3,20,13,0,1.6,56,43,7,-2.2,75.78,85.28,0.6000000000000001,4.6000000000000005,186
2023,3,20,14,0,4.4,264,211,7,-1.3,66.49,73.26,0.7000000000000001,4.9,184
2023,3,20,15,0,7.7,478,338,7,-0.4,56.57,61.59,0.9,6.2,191
2023,3,20,16,0,9.600000000000001,663,539,2,-0.2,50.550000000000004,50.85,1,6.7,193
2023,3,20,17,0,10.3,798,785,2,-0.6000000000000001,46.9,41.94,1.1,7.1000000000000005,188
2023,3,20,18,0,11.5,872,488,7,-0.4,43.84,36.32,1.2000000000000002,7.7,184
2023,3,20,19,0,12.4,874,203,7,0.2,43.01,35.65,1.4000000000000001,8.3,184
2023,3,20,20,0,12.8,811,275,8,1,44.57,40.17,1.5,8.5,184
2023,3,20,21,0,12.5,686,343,7,1.6,47.28,48.43,1.6,7.9,181
2023,3,20,22,0,12.3,510,144,7,2.1,49.68,58.81,1.7000000000000002,7.300000000000001,180
2023,3,20,23,0,11.5,302,210,8,2.6,54.480000000000004,70.3,1.7000000000000002,6.6000000000000005,178
2023,3,21,0,0,10,93,55,3,3.1,62.08,82.29,1.7000000000000002,6,174
2023,3,21,1,0,8.9,0,0,5,3.3000000000000003,67.98,94.63,1.7000000000000002,6.1000000000000005,172
2023,3,21,2,0,8.1,0,0,7,3.4000000000000004,72.16,106.75,1.7000000000000002,6.300000000000001,170
2023,3,21,3,0,7.300000000000001,0,0,7,3.4000000000000004,76.42,118.42,1.7000000000000002,6.300000000000001,170
2023,3,21,4,0,6.9,0,0,7,3.6,79.54,129.14000000000001,1.8,6,172
2023,3,21,5,0,7,0,0,7,3.9000000000000004,80.9,138.03,1.9000000000000001,6.2,177
2023,3,21,6,0,7.4,0,0,7,4.5,81.62,143.6,2,6.4,182
2023,3,21,7,0,7.6000000000000005,0,0,7,5.1000000000000005,83.91,144.22,2,6.5,185
2023,3,21,8,0,7.800000000000001,0,0,6,5.7,86.36,139.67000000000002,2.1,6.300000000000001,186
2023,3,21,9,0,7.7,0,0,6,6.300000000000001,90.9,131.39000000000001,2.3000000000000003,5.5,185
2023,3,21,10,0,7.6000000000000005,0,0,7,6.800000000000001,94.65,121,2.4000000000000004,5,182
2023,3,21,11,0,7.5,0,0,6,7,96.9,109.48,2.5,4.800000000000001,176
2023,3,21,12,0,7.4,0,0,6,7.1000000000000005,97.85000000000001,97.41,2.5,5.1000000000000005,170
2023,3,21,13,0,7.800000000000001,52,12,8,7.300000000000001,96.69,85,2.4000000000000004,5.6000000000000005,171
2023,3,21,14,0,8.9,246,23,5,7.9,93.46000000000001,72.96000000000001,2.3000000000000003,6.2,179
2023,3,21,15,0,10.4,455,19,3,8.8,89.84,61.27,2.3000000000000003,7,191
2023,3,21,16,0,12.200000000000001,640,78,3,9.700000000000001,84.43,50.51,2.2,7.2,201
2023,3,21,17,0,14.700000000000001,778,207,3,10.4,75.53,41.56,2.2,7.4,206
2023,3,21,18,0,17,852,58,3,11.100000000000001,68.05,35.92,2.2,7.300000000000001,206
2023,3,21,19,0,19.200000000000003,868,94,3,11.700000000000001,61.63,35.27,2.1,7.2,207
2023,3,21,20,0,20.8,808,446,3,11.8,56.52,39.85,2.2,6.9,209
2023,3,21,21,0,21.6,685,573,8,11.8,53.79,48.17,2.3000000000000003,6.4,211
2023,3,21,22,0,21.5,511,511,0,12.100000000000001,55.160000000000004,58.6,2.4000000000000004,5.4,209
2023,3,21,23,0,20,304,304,0,13.200000000000001,65.06,70.12,2.5,3.5,199
2023,3,22,0,0,17,96,64,3,13.5,79.83,82.12,2.6,2.6,183
2023,3,22,1,0,16.400000000000002,0,0,0,14.100000000000001,86.47,94.46000000000001,2.6,3.7,170
2023,3,22,2,0,15.8,0,0,0,15,94.78,106.57000000000001,2.7,4.9,165
2023,3,22,3,0,14.8,0,0,3,14.8,100,118.22,2.6,4.800000000000001,168
2023,3,22,4,0,14.4,0,0,0,14.4,100,128.9,2.5,4.5,171
2023,3,22,5,0,14.3,0,0,0,14.3,100,137.72,2.4000000000000004,4.6000000000000005,174
2023,3,22,6,0,14.200000000000001,0,0,0,14.200000000000001,100,143.23,2.3000000000000003,4.7,175
2023,3,22,7,0,14.200000000000001,0,0,0,14.200000000000001,100,143.82,2.2,4.800000000000001,177
2023,3,22,8,0,14.3,0,0,8,14.3,100,139.28,2.2,4.7,179
2023,3,22,9,0,14.5,0,0,7,14.5,100,131.04,2.2,4.800000000000001,179
2023,3,22,10,0,14.8,0,0,7,14.8,100,120.67,2.3000000000000003,5,187
2023,3,22,11,0,14.700000000000001,0,0,7,14.700000000000001,100,109.18,2.3000000000000003,4.6000000000000005,192
2023,3,22,12,0,14.700000000000001,0,0,7,14.700000000000001,100,97.12,2.3000000000000003,4.5,194
2023,3,22,13,0,15.5,59,38,7,15.200000000000001,98.09,84.72,2.3000000000000003,4.800000000000001,195
2023,3,22,14,0,16.8,258,129,7,15.9,94.26,72.67,2.3000000000000003,5.2,197
2023,3,22,15,0,18.400000000000002,469,290,7,15.8,85.09,60.96,2.3000000000000003,6.1000000000000005,203
2023,3,22,16,0,20,655,333,6,15.200000000000001,73.77,50.160000000000004,2.2,6.300000000000001,207
2023,3,22,17,0,21.3,791,213,6,14.700000000000001,66.04,41.18,2.2,6.2,209
2023,3,22,18,0,22.5,866,232,6,14.3,59.88,35.52,2.2,6.2,210
2023,3,22,19,0,23.200000000000003,874,636,7,14.200000000000001,56.84,34.89,2.2,6.1000000000000005,209
2023,3,22,20,0,23.5,816,683,3,14.3,56.13,39.53,2.1,5.9,208
2023,3,22,21,0,23.5,695,550,7,14.5,57.08,47.910000000000004,2.1,5.4,206
2023,3,22,22,0,23.200000000000003,520,320,6,15.3,61.14,58.39,2.2,4.3,203
2023,3,22,23,0,22,312,274,8,16.2,69.63,69.94,2.3000000000000003,3,198
2023,3,23,0,0,20.1,101,55,6,16.3,78.82000000000001,81.96000000000001,2.5,2.7,189
2023,3,23,1,0,20.200000000000003,0,0,7,16.8,81.02,94.29,2.6,3.8000000000000003,181
2023,3,23,2,0,20.3,0,0,7,17.8,85.61,106.39,2.7,5,177
2023,3,23,3,0,20.1,0,0,0,18.5,90.31,118.02,2.6,6.2,180
2023,3,23,4,0,19.5,0,0,8,18.7,94.87,128.65,2.5,5.9,183
2023,3,23,5,0,18.7,0,0,7,18.6,99.22,137.41,2.4000000000000004,5.4,183
2023,3,23,6,0,18.3,0,0,8,18.3,100,142.86,2.3000000000000003,5.1000000000000005,184
2023,3,23,7,0,17.900000000000002,0,0,7,17.900000000000002,100,143.42000000000002,2.3000000000000003,4.6000000000000005,188
2023,3,23,8,0,17.5,0,0,8,17.5,100,138.89000000000001,2.4000000000000004,4.3,190
2023,3,23,9,0,17.1,0,0,8,17.1,100,130.69,2.5,4.1000000000000005,191
2023,3,23,10,0,16.8,0,0,3,16.8,100,120.35000000000001,2.6,4,191
2023,3,23,11,0,16.400000000000002,0,0,3,16.400000000000002,100,108.88,2.7,3.6,191
2023,3,23,12,0,16.1,0,0,3,16.1,100,96.83,2.9000000000000004,3.1,193
2023,3,23,13,0,17.5,58,27,8,16.900000000000002,96.16,84.44,3,3.1,195
2023,3,23,14,0,19,250,4,8,17.3,89.95,72.37,3,3.5,211
2023,3,23,15,0,20.1,453,32,7,17.2,83.52,60.65,3.1,3.5,228
2023,3,23,16,0,21,632,148,4,16.900000000000002,77.58,49.82,3.1,3,236
2023,3,23,17,0,21.8,764,132,7,16.8,73.07000000000001,40.800000000000004,3.2,2.5,242
2023,3,23,18,0,22.1,832,120,7,16.6,71.03,35.12,3.5,2,259
2023,3,23,19,0,21.8,830,271,7,16.400000000000002,71.38,34.51,3.9000000000000004,1.6,306
2023,3,23,20,0,20.8,767,79,6,16.2,74.74,39.22,4.2,1.9000000000000001,1
2023,3,23,21,0,19.400000000000002,646,164,9,16.1,81.22,47.660000000000004,4.3,2.4000000000000004,326
2023,3,23,22,0,17.6,480,11,9,15.4,86.85000000000001,58.18,4.2,3.4000000000000004,346
2023,3,23,23,0,15.8,288,22,9,14,88.82000000000001,69.76,3.9000000000000004,3.8000000000000003,3
2023,3,24,0,0,14.100000000000001,93,10,7,12.8,91.67,81.79,3.8000000000000003,3.9000000000000004,3
2023,3,24,1,0,12.9,0,0,6,11.8,93.02,94.13,3.6,4.3,4
2023,3,24,2,0,11.9,0,0,9,10.9,93.8,106.21000000000001,3.6,4.6000000000000005,8
2023,3,24,3,0,11.200000000000001,0,0,9,10.200000000000001,93.8,117.81,3.5,4.6000000000000005,10
2023,3,24,4,0,10.700000000000001,0,0,9,9.8,93.91,128.4,3.5,4.4,12
2023,3,24,5,0,10.3,0,0,9,9.4,94,137.11,3.4000000000000004,4.2,21
2023,3,24,6,0,9.9,0,0,9,9.200000000000001,95.14,142.49,3.5,3.4000000000000004,21
2023,3,24,7,0,9.600000000000001,0,0,7,9,96.02,143.02,3.5,3.2,2
2023,3,24,8,0,9.4,0,0,1,8.700000000000001,95.37,138.51,3.1,3.5,30
2023,3,24,9,0,9,0,0,6,8.4,96.06,130.34,3.1,3.3000000000000003,52
2023,3,24,10,0,8.700000000000001,0,0,6,8.1,96.08,120.03,3.2,3.1,45
2023,3,24,11,0,8.4,0,0,6,7.9,96.34,108.57000000000001,3.2,3,24
2023,3,24,12,0,8.1,0,0,6,7.5,96.14,96.54,3.1,3.4000000000000004,9
2023,3,24,13,0,8.1,57,6,8,7.2,93.84,84.16,3,4,5
2023,3,24,14,0,8.4,251,111,6,7.1000000000000005,91.59,72.08,2.9000000000000004,4,6
2023,3,24,15,0,9.3,461,29,3,7.4,88.14,60.33,2.8000000000000003,3.1,10
2023,3,24,16,0,10.8,653,653,1,8.3,84.29,49.480000000000004,2.5,3,36
2023,3,24,17,0,13.200000000000001,802,66,4,9.5,78.24,40.43,2,2.4000000000000004,37
2023,3,24,18,0,15.4,890,890,1,10.600000000000001,72.86,34.72,1.5,2.4000000000000004,316
2023,3,24,19,0,15.9,901,901,1,10.200000000000001,68.97,34.13,1.3,4.4,277
2023,3,24,20,0,15,837,181,3,9.5,69.48,38.9,1.3,5.1000000000000005,275
2023,3,24,21,0,14.4,711,165,3,8.700000000000001,68.44,47.410000000000004,1.3,4.6000000000000005,281
2023,3,24,22,0,14.600000000000001,538,238,2,7.9,64.25,57.980000000000004,1.2000000000000002,3.7,294
2023,3,24,23,0,13.9,325,325,0,7.7,66.24,69.58,1.3,2.1,322
2023,3,25,0,0,10.600000000000001,109,109,0,8,84.13,81.62,1.3,1,25
2023,3,25,1,0,8.700000000000001,0,0,8,6.9,88.28,93.96000000000001,1.4000000000000001,1.3,44
2023,3,25,2,0,7.7,0,0,0,6.300000000000001,90.57000000000001,106.03,1.3,1.5,43
2023,3,25,3,0,6.800000000000001,0,0,0,5.800000000000001,93.18,117.60000000000001,1.2000000000000002,1.6,36
2023,3,25,4,0,6.1000000000000005,0,0,0,5.300000000000001,94.77,128.16,1.1,1.5,34
2023,3,25,5,0,5.5,0,0,0,5,96.54,136.8,1,1.2000000000000002,35
2023,3,25,6,0,5.300000000000001,0,0,0,4.800000000000001,96.57000000000001,142.12,1,1.1,35
2023,3,25,7,0,5.300000000000001,0,0,0,4.7,95.61,142.62,1,1,29
2023,3,25,8,0,5.1000000000000005,0,0,0,4.5,96.24000000000001,138.12,1,0.9,18
2023,3,25,9,0,4.800000000000001,0,0,0,4.5,97.8,129.98,1.1,0.7000000000000001,10
2023,3,25,10,0,4.9,0,0,0,4.5,96.91,119.71000000000001,1.1,0.7000000000000001,9
2023,3,25,11,0,4.9,0,0,0,4.4,96.83,108.27,1,0.6000000000000001,2
2023,3,25,12,0,5.1000000000000005,0,0,0,4.5,95.77,96.25,1,0.2,52
2023,3,25,13,0,6.800000000000001,77,77,0,5,88.09,83.87,1,0.6000000000000001,179
2023,3,25,14,0,10,290,290,0,5.2,72.02,71.78,1,1,181
2023,3,25,15,0,13.4,508,508,0,4.9,56.45,60.02,1,1,202
2023,3,25,16,0,15.5,695,695,0,5.1000000000000005,49.81,49.14,1,1.4000000000000001,219
2023,3,25,17,0,17.1,833,833,0,5.5,46.24,40.050000000000004,1,1.8,219
2023,3,25,18,0,18.3,908,908,0,5.7,43.71,34.32,1,2.3000000000000003,219
2023,3,25,19,0,19.1,915,915,0,5.800000000000001,41.730000000000004,33.75,1,2.8000000000000003,220
2023,3,25,20,0,19.400000000000002,853,853,0,5.6000000000000005,40.31,38.59,1,3.2,223
2023,3,25,21,0,19.6,726,726,0,5.2,38.76,47.160000000000004,1,3.4000000000000004,228
2023,3,25,22,0,19.3,548,548,0,4.6000000000000005,38.050000000000004,57.77,1,3.3000000000000003,235
2023,3,25,23,0,17.6,334,334,0,8,53.33,69.4,1,1.8,240
2023,3,26,0,0,13.3,116,116,0,7.2,66.43,81.46000000000001,0.9,1.4000000000000001,254
2023,3,26,1,0,11.4,0,0,0,4.7,63.440000000000005,93.79,0.7000000000000001,1.7000000000000002,282
2023,3,26,2,0,10.100000000000001,0,0,0,1.7000000000000002,55.81,105.85000000000001,0.5,2.4000000000000004,315
2023,3,26,3,0,8.5,0,0,0,-1.8,48.19,117.4,0.4,3.1,344
2023,3,26,4,0,6.9,0,0,0,-3.5,47.64,127.91,0.4,3.3000000000000003,4
2023,3,26,5,0,5.2,0,0,0,-3,55.620000000000005,136.49,0.4,2.9000000000000004,17
2023,3,26,6,0,3.9000000000000004,0,0,0,-2.2,64.46000000000001,141.75,0.5,2.9000000000000004,22
2023,3,26,7,0,3.1,0,0,0,-1.6,71.31,142.22,0.5,3.2,20
2023,3,26,8,0,2.3000000000000003,0,0,0,-1.1,78.25,137.74,0.6000000000000001,3.4000000000000004,15
2023,3,26,9,0,1.7000000000000002,0,0,0,-0.8,83.34,129.63,0.6000000000000001,3.2,11
2023,3,26,10,0,1.3,0,0,0,-0.8,86.19,119.38,0.7000000000000001,2.9000000000000004,9
2023,3,26,11,0,1,0,0,0,-0.8,87.51,107.97,0.7000000000000001,2.9000000000000004,8
2023,3,26,12,0,1,0,0,0,-0.9,87.02,95.96000000000001,0.7000000000000001,3.2,7
2023,3,26,13,0,2.9000000000000004,81,81,0,-0.4,78.89,83.59,0.7000000000000001,4,5
2023,3,26,14,0,6.4,297,297,0,0.1,64.29,71.49,0.8,4.2,7
2023,3,26,15,0,9.8,517,517,0,-0.7000000000000001,48.09,59.71,0.8,4.5,13
2023,3,26,16,0,12.4,706,706,0,-1.5,38.15,48.800000000000004,0.8,4.800000000000001,21
2023,3,26,17,0,14.3,840,840,0,-1.2000000000000002,34.42,39.67,0.9,4.5,24
2023,3,26,18,0,15.700000000000001,911,911,0,-0.6000000000000001,32.8,33.92,1,3.9000000000000004,21
2023,3,26,19,0,16.6,913,913,0,-0.1,32.21,33.38,1.1,3.4000000000000004,9
2023,3,26,20,0,16.900000000000002,851,851,0,0.2,32.24,38.28,1.1,3.2,350
2023,3,26,21,0,16.7,723,723,0,0.2,32.7,46.92,1.1,3.4000000000000004,339
2023,3,26,22,0,16,545,545,0,0.1,33.79,57.57,1.1,3.8000000000000003,343
2023,3,26,23,0,14.200000000000001,334,334,0,0.4,38.97,69.22,1,4,353
2023,3,27,0,0,10.9,117,117,0,0.4,48.300000000000004,81.29,0.9,3.9000000000000004,1
2023,3,27,1,0,8.9,0,0,0,-0.4,52.27,93.62,0.8,4.3,6
2023,3,27,2,0,7.4,0,0,0,-0.6000000000000001,56.980000000000004,105.67,0.8,4.1000000000000005,13
2023,3,27,3,0,6.1000000000000005,0,0,0,-0.6000000000000001,62,117.19,0.7000000000000001,3.9000000000000004,19
2023,3,27,4,0,5,0,0,0,-0.7000000000000001,66.83,127.66,0.8,3.7,25
2023,3,27,5,0,4.1000000000000005,0,0,0,-0.7000000000000001,70.98,136.18,0.8,3.5,29
2023,3,27,6,0,3.2,0,0,0,-0.8,75.27,141.38,0.8,3.5,35
2023,3,27,7,0,2.5,0,0,0,-0.8,79.05,141.82,0.8,3.4000000000000004,40
2023,3,27,8,0,1.9000000000000001,0,0,0,-0.7000000000000001,82.91,137.35,0.9,3.2,43
2023,3,27,9,0,1.2000000000000002,0,0,0,-0.6000000000000001,87.71000000000001,129.28,0.9,2.8000000000000003,41
2023,3,27,10,0,0.6000000000000001,0,0,0,-0.6000000000000001,91.92,119.06,0.9,2.5,34
2023,3,27,11,0,0.1,0,0,0,-0.5,95.45,107.67,0.9,2.6,24
2023,3,27,12,0,0,0,0,0,-0.6000000000000001,96.06,95.67,0.9,3.1,18
2023,3,27,13,0,1.8,84,84,1,-0.5,84.51,83.3,0.9,4,27
2023,3,27,14,0,4.4,299,231,4,-0.8,68.95,71.19,0.9,4.3,43
2023,3,27,15,0,6.6000000000000005,518,329,7,-0.9,58.65,59.4,0.9,4,49
2023,3,27,16,0,8.700000000000001,706,405,7,-0.9,51.02,48.46,0.9,3.5,55
2023,3,27,17,0,10.5,843,581,7,-0.5,46.34,39.300000000000004,0.9,3.1,58
2023,3,27,18,0,12.100000000000001,916,678,7,-0.1,43.08,33.52,1,2.9000000000000004,59
2023,3,27,19,0,13.5,923,744,8,0.4,40.63,33,1,2.7,61
2023,3,27,20,0,14.3,857,678,8,0.7000000000000001,39.62,37.97,1.1,2.3000000000000003,64
2023,3,27,21,0,14.8,728,588,2,1,39.13,46.67,1.2000000000000002,2,70
2023,3,27,22,0,14.8,550,521,8,1.3,39.9,57.370000000000005,1.2000000000000002,1.6,79
2023,3,27,23,0,13.9,337,245,3,3.2,48.620000000000005,69.05,1.2000000000000002,0.8,81
2023,3,28,0,0,11.700000000000001,118,118,0,3.4000000000000004,56.76,81.13,1.2000000000000002,0.7000000000000001,63
2023,3,28,1,0,9.9,0,0,0,2.3000000000000003,59.2,93.46000000000001,1.1,1,65
2023,3,28,2,0,8.200000000000001,0,0,0,2.4000000000000004,66.88,105.49000000000001,0.9,1.2000000000000002,78
2023,3,28,3,0,7,0,0,0,2.3000000000000003,71.9,116.98,0.9,1.3,77
2023,3,28,4,0,6.1000000000000005,0,0,1,2.1,75.5,127.41,1,1.3,44
2023,3,28,5,0,5.300000000000001,0,0,0,2.1,79.78,135.88,1,1.7000000000000002,6
2023,3,28,6,0,5.6000000000000005,0,0,0,1.8,76.55,141.01,1,3.1,356
2023,3,28,7,0,5.1000000000000005,0,0,0,1.1,75.53,141.42000000000002,0.9,4.5,352
2023,3,28,8,0,3.8000000000000003,0,0,0,0.30000000000000004,77.79,136.96,0.9,5.1000000000000005,351
2023,3,28,9,0,2.6,0,0,0,-0.5,80.2,128.92000000000002,0.7000000000000001,5,350
2023,3,28,10,0,1.6,0,0,7,-0.9,83.48,118.74000000000001,0.6000000000000001,4.7,350
2023,3,28,11,0,0.8,0,0,0,-1.2000000000000002,86.43,107.37,0.5,4.3,350
2023,3,28,12,0,0.5,0,0,0,-1.6,85.68,95.38,0.5,4.1000000000000005,351
2023,3,28,13,0,2.2,97,97,0,-2.2,72.81,83.02,0.4,4.7,353
2023,3,28,14,0,5.1000000000000005,324,144,3,-3.3000000000000003,54.46,70.9,0.4,5.7,3
2023,3,28,15,0,7.6000000000000005,548,148,4,-3.8000000000000003,44.15,59.09,0.4,5.9,8
2023,3,28,16,0,9.600000000000001,740,214,4,-4.3,37.26,48.13,0.4,5.5,10
2023,3,28,17,0,11.200000000000001,879,676,2,-4.5,32.88,38.93,0.4,5,11
2023,3,28,18,0,12.4,953,953,0,-4.5,30.55,33.12,0.4,4.6000000000000005,12
2023,3,28,19,0,13.100000000000001,959,959,0,-4.3,29.560000000000002,32.63,0.4,4.4,12
2023,3,28,20,0,13.4,888,888,0,-4.2,29.17,37.660000000000004,0.5,4,15
2023,3,28,21,0,13.4,757,757,0,-4.2,29.310000000000002,46.43,0.5,3.5,18
2023,3,28,22,0,13,574,574,0,-3.9000000000000004,30.61,57.17,0.5,3,25
2023,3,28,23,0,11.8,355,355,0,-2,38.14,68.87,0.5,1.9000000000000001,36
2023,3,29,0,0,8.3,128,128,0,0.9,59.59,80.96000000000001,0.5,1,55
2023,3,29,1,0,7.1000000000000005,0,0,0,-0.9,56.730000000000004,93.29,0.6000000000000001,1.2000000000000002,76
2023,3,29,2,0,6.300000000000001,0,0,0,-1.1,59.17,105.31,0.6000000000000001,1.2000000000000002,99
2023,3,29,3,0,5.4,0,0,0,-1.1,62.95,116.77,0.6000000000000001,1.2000000000000002,116
2023,3,29,4,0,4.5,0,0,0,-1.1,67.04,127.16,0.7000000000000001,1.2000000000000002,127
2023,3,29,5,0,3.6,0,0,0,-1.1,71.27,135.57,0.7000000000000001,1.2000000000000002,141
2023,3,29,6,0,2.7,0,0,1,-1.1,76.08,140.64000000000001,0.8,1.3,159
2023,3,29,7,0,2.1,0,0,0,-1.1,79.21000000000001,141.02,0.8,1.3,169
2023,3,29,8,0,1.8,0,0,0,-1.3,80.01,136.58,0.8,1.3,167
2023,3,29,9,0,1.4000000000000001,0,0,0,-1.3,82.02,128.57,0.8,1.3,161
2023,3,29,10,0,1.2000000000000002,0,0,0,-1.1,84.54,118.41,0.9,1.2000000000000002,158
2023,3,29,11,0,0.9,0,0,0,-0.9,88.01,107.06,1,1.2000000000000002,159
2023,3,29,12,0,1.1,0,0,4,-0.4,89.49,95.09,1.1,1.2000000000000002,159
2023,3,29,13,0,5.1000000000000005,90,90,1,0.7000000000000001,73.27,82.74,1.2000000000000002,2.4000000000000004,157
2023,3,29,14,0,8.1,304,184,4,1.6,63.59,70.61,1.2000000000000002,2.9000000000000004,163
2023,3,29,15,0,12.100000000000001,522,522,0,1.3,47.63,58.78,1.2000000000000002,4.1000000000000005,180
2023,3,29,16,0,14.5,708,708,0,1.3,40.72,47.79,1.2000000000000002,4.6000000000000005,188
2023,3,29,17,0,16.2,843,843,0,1.9000000000000001,38.21,38.56,1.2000000000000002,4.7,195
2023,3,29,18,0,17.6,914,914,1,2.6,36.69,32.72,1.3,4.6000000000000005,199
2023,3,29,19,0,18.6,916,746,2,3.3000000000000003,36.08,32.26,1.4000000000000001,4.5,200
2023,3,29,20,0,19.1,853,853,1,3.9000000000000004,36.660000000000004,37.36,1.4000000000000001,4.4,198
2023,3,29,21,0,19.200000000000003,725,725,0,4.6000000000000005,38.21,46.19,1.5,4.2,194
2023,3,29,22,0,18.7,548,548,0,5.2,41.2,56.980000000000004,1.5,4,187
2023,3,29,23,0,17.2,337,337,0,6.9,50.800000000000004,68.7,1.5,3,176
2023,3,30,0,0,13.3,121,121,0,8,70.5,80.81,1.5,1.9000000000000001,159
2023,3,30,1,0,11.8,0,0,0,8,77.41,93.13,1.5,2.7,155
2023,3,30,2,0,11.5,0,0,0,8.5,81.71000000000001,105.13,1.5,3.4000000000000004,157
2023,3,30,3,0,10.700000000000001,0,0,0,8.9,88.88,116.57000000000001,1.6,3.4000000000000004,160
2023,3,30,4,0,10,0,0,0,9.3,95.67,126.9,1.6,3.4000000000000004,162
2023,3,30,5,0,9.5,0,0,1,9.5,100,135.26,1.7000000000000002,3.4000000000000004,163
2023,3,30,6,0,9.3,0,0,0,9.3,100,140.28,1.7000000000000002,3.5,163
2023,3,30,7,0,9.3,0,0,0,9.3,100,140.63,1.8,3.6,161
2023,3,30,8,0,9.200000000000001,0,0,0,9.200000000000001,100,136.2,1.8,3.7,160
2023,3,30,9,0,9.200000000000001,0,0,3,9.200000000000001,100,128.22,1.9000000000000001,3.7,161
2023,3,30,10,0,9.3,0,0,3,9.3,100,118.09,2,3.7,163
2023,3,30,11,0,9.5,0,0,3,9.5,100,106.76,2.1,3.7,166
2023,3,30,12,0,10,0,0,1,10,100,94.8,2.2,3.6,168
2023,3,30,13,0,11.9,84,28,3,10.9,93.87,82.46000000000001,2.4000000000000004,4.4,171
2023,3,30,14,0,14.3,286,22,7,12.4,88.19,70.32000000000001,2.5,5.1000000000000005,173
2023,3,30,15,0,16.2,493,33,5,13.3,82.75,58.480000000000004,2.6,5.9,175
2023,3,30,16,0,17.400000000000002,670,31,3,13.5,78.04,47.46,2.7,6.300000000000001,175
2023,3,30,17,0,17.7,798,266,8,13.8,77.76,38.19,2.9000000000000004,6.4,173
2023,3,30,18,0,17.7,864,154,6,14,79.13,32.33,3.1,6.4,171
2023,3,30,19,0,17.8,863,154,5,14.4,80.61,31.89,3.4000000000000004,6.5,170
2023,3,30,20,0,18.1,800,45,7,15,82.01,37.06,3.5,6.800000000000001,168
2023,3,30,21,0,18.1,678,75,7,15.600000000000001,85.48,45.95,3.4000000000000004,6.7,168
2023,3,30,22,0,18.1,508,88,7,16.3,89.45,56.78,3.3000000000000003,6.6000000000000005,171
2023,3,30,23,0,18.3,310,15,8,17.1,92.43,68.53,3.1,6.6000000000000005,172
2023,3,31,0,0,18.1,108,3,7,17.6,96.92,80.65,3,6.7,172
2023,3,31,1,0,18,0,0,7,17.900000000000002,99.5,92.96000000000001,3,7,174
2023,3,31,2,0,18.1,0,0,7,18,99.63,104.95,2.9000000000000004,7.300000000000001,176
2023,3,31,3,0,18.3,0,0,7,18.2,99.09,116.36,2.8000000000000003,7.4,178
2023,3,31,4,0,18.6,0,0,3,18.400000000000002,98.59,126.65,2.7,7.5,182
2023,3,31,5,0,18.900000000000002,0,0,7,18.6,98.10000000000001,134.95,2.7,7.7,187
2023,3,31,6,0,19.1,0,0,7,18.7,97.76,139.91,2.4000000000000004,7.9,190
2023,3,31,7,0,19.1,0,0,8,18.8,97.85000000000001,140.23,2.2,7.7,194
2023,3,31,8,0,19.1,0,0,3,18.7,97.63,135.81,2.2,7.300000000000001,196
2023,3,31,9,0,18.900000000000002,0,0,3,18.6,98.39,127.87,2.4000000000000004,6.800000000000001,197
2023,3,31,10,0,18.900000000000002,0,0,3,18.6,98.42,117.77,2.7,6.7,199
2023,3,31,11,0,18.900000000000002,0,0,3,18.6,98.43,106.46000000000001,2.6,6.800000000000001,201
2023,3,31,12,0,18.7,0,0,1,18.5,98.78,94.52,2.3000000000000003,6.6000000000000005,208
2023,3,31,13,0,19.1,93,93,1,18.5,96.42,82.19,2.1,6,214
2023,3,31,14,0,20,310,310,0,17.6,85.91,70.04,1.7000000000000002,6.6000000000000005,230
2023,3,31,15,0,21.5,534,534,0,13.100000000000001,58.7,58.18,1.3,6.7,249
2023,3,31,16,0,22.700000000000003,728,728,0,6.6000000000000005,35.39,47.13,1,7.4,259
2023,3,31,17,0,23,871,871,0,3,26.93,37.82,0.8,9,254
2023,3,31,18,0,23.1,955,955,0,-0.1,21.56,31.93,0.6000000000000001,10.5,251
2023,3,31,19,0,22.900000000000002,965,965,0,-2.3000000000000003,18.51,31.52,0.5,10.3,254
2023,3,31,20,0,22.8,900,900,0,-3.1,17.59,36.76,0.5,9.4,258
2023,3,31,21,0,22.5,764,764,0,-3,18.01,45.72,0.6000000000000001,8.200000000000001,260
2023,3,31,22,0,21.900000000000002,582,582,0,-2.3000000000000003,19.62,56.59,0.6000000000000001,6.9,257
2023,3,31,23,0,20.200000000000003,367,367,0,-0.4,25.13,68.36,0.5,4.9,248
2023,4,1,0,0,16.3,137,137,0,0.8,34.89,80.49,0.5,3.6,240
2023,4,1,1,0,14,0,0,0,0.1,38.550000000000004,92.79,0.4,3.7,237
2023,4,1,2,0,13.100000000000001,0,0,0,-0.6000000000000001,38.74,104.77,0.4,4.2,238
2023,4,1,3,0,12.5,0,0,0,-1.6,37.68,116.15,0.5,4.800000000000001,241
2023,4,1,4,0,11.9,0,0,0,-2.2,37.5,126.4,0.5,5.2,248
2023,4,1,5,0,11,0,0,0,-2.2,39.61,134.64000000000001,0.5,5.1000000000000005,260
2023,4,1,6,0,9.9,0,0,0,-2.1,43.17,139.54,0.5,4.4,278
2023,4,1,7,0,9.4,0,0,0,-2.4000000000000004,43.660000000000004,139.84,0.6000000000000001,4.5,312
2023,4,1,8,0,8.5,0,0,0,-2.2,46.94,135.43,0.6000000000000001,4.9,342
2023,4,1,9,0,7.1000000000000005,0,0,0,-1.4000000000000001,54.88,127.52,0.6000000000000001,4.6000000000000005,354
2023,4,1,10,0,5.800000000000001,0,0,0,-1.1,61.4,117.45,0.6000000000000001,4.2,355
2023,4,1,11,0,4.9,0,0,0,-1.4000000000000001,63.72,106.16,0.6000000000000001,3.8000000000000003,354
2023,4,1,12,0,4.3,0,0,0,-1.8,64.56,94.23,0.6000000000000001,3.4000000000000004,354
2023,4,1,13,0,5.9,112,112,0,-2.5,54.75,81.9,0.6000000000000001,4.3,356
2023,4,1,14,0,8.3,336,336,0,-3,44.87,69.75,0.6000000000000001,4.9,3
2023,4,1,15,0,10.8,558,558,0,-2.3000000000000003,40,57.870000000000005,0.6000000000000001,4.800000000000001,10
2023,4,1,16,0,13.100000000000001,742,742,0,-1.3,36.85,46.800000000000004,0.7000000000000001,4.3,15
2023,4,1,17,0,15.3,878,878,0,-0.30000000000000004,34.43,37.45,0.7000000000000001,3.3000000000000003,17
2023,4,1,18,0,17.1,951,951,0,0.7000000000000001,32.980000000000004,31.54,0.7000000000000001,2.2,14
2023,4,1,19,0,18.400000000000002,950,950,0,1.3,31.71,31.150000000000002,0.8,1.6,4
2023,4,1,20,0,19.200000000000003,886,886,0,1.5,30.650000000000002,36.47,0.8,1.2000000000000002,342
2023,4,1,21,0,19.5,757,757,0,1.5,30,45.49,0.8,0.8,297
2023,4,1,22,0,19.200000000000003,576,576,0,1.5,30.68,56.4,0.8,0.9,209
2023,4,1,23,0,18.1,360,360,0,3.8000000000000003,38.730000000000004,68.2,0.8,1.1,179
2023,4,2,0,0,14,136,136,0,6.5,60.550000000000004,80.33,0.8,1,163
2023,4,2,1,0,11.4,0,0,0,4.7,63.410000000000004,92.63,0.9,1.4000000000000001,163
2023,4,2,2,0,10.700000000000001,0,0,0,4.4,65.08,104.59,0.9,1.8,167
2023,4,2,3,0,10.3,0,0,3,4.4,66.92,115.94,0.9,2.1,168
2023,4,2,4,0,9.8,0,0,0,4.6000000000000005,69.83,126.15,0.9,2.3000000000000003,163
2023,4,2,5,0,9.5,0,0,0,4.6000000000000005,71.44,134.33,0.9,2.6,156
2023,4,2,6,0,9.200000000000001,0,0,7,4.6000000000000005,72.76,139.18,0.9,3,156
2023,4,2,7,0,8.700000000000001,0,0,0,4.6000000000000005,75.24,139.45000000000002,0.9,3.2,160
2023,4,2,8,0,8.200000000000001,0,0,0,4.5,77.67,135.05,1,3.3000000000000003,163
2023,4,2,9,0,7.800000000000001,0,0,0,4.5,79.73,127.17,1,3.6,167
2023,4,2,10,0,7.5,0,0,0,4.6000000000000005,81.72,117.13,1,3.8000000000000003,170
2023,4,2,11,0,7.300000000000001,0,0,0,4.7,83.69,105.86,1,3.9000000000000004,173
2023,4,2,12,0,7.5,0,0,0,5.1000000000000005,84.52,93.94,1.1,4.1000000000000005,175
2023,4,2,13,0,9.600000000000001,109,109,0,5.9,77.49,81.62,1.2000000000000002,4.6000000000000005,176
2023,4,2,14,0,13.3,322,322,0,7.300000000000001,66.99,69.46000000000001,1.4000000000000001,4.800000000000001,176
2023,4,2,15,0,17.7,527,527,0,8.6,55.29,57.57,1.7000000000000002,6.5,180
2023,4,2,16,0,20.8,694,575,8,10.100000000000001,50.36,46.47,2.2,6.9,188
2023,4,2,17,0,22.900000000000002,814,535,7,13.100000000000001,54.050000000000004,37.09,2.6,7,193
2023,4,2,18,0,24.1,878,878,1,15.700000000000001,59.39,31.150000000000002,2.9000000000000004,6.7,195
2023,4,2,19,0,24,875,454,7,16.900000000000002,64.72,30.79,3.1,6.1000000000000005,194
2023,4,2,20,0,23.400000000000002,809,244,3,17.6,69.85000000000001,36.17,3.2,5.5,190
2023,4,2,21,0,22.900000000000002,693,212,7,17.900000000000002,73.33,45.26,3.1,5.300000000000001,181
2023,4,2,22,0,22.6,530,55,7,17.900000000000002,74.9,56.21,2.9000000000000004,5.6000000000000005,173
2023,4,2,23,0,21.400000000000002,334,7,6,18.1,81.34,68.03,2.4000000000000004,5,166
2023,4,3,0,0,19.3,126,49,7,18,92.4,80.17,1.9000000000000001,3.8000000000000003,161
2023,4,3,1,0,17.400000000000002,0,0,0,17.400000000000002,100,92.47,1.7000000000000002,3.6,157
2023,4,3,2,0,16.8,0,0,0,16.8,100,104.41,1.6,4.3,153
2023,4,3,3,0,16.400000000000002,0,0,0,16.400000000000002,100,115.73,1.5,4.5,153
2023,4,3,4,0,16,0,0,0,16,100,125.89,1.5,4.6000000000000005,155
2023,4,3,5,0,15.700000000000001,0,0,1,15.700000000000001,100,134.02,1.4000000000000001,4.6000000000000005,156
2023,4,3,6,0,15.4,0,0,0,15.4,100,138.81,1.4000000000000001,4.5,160
2023,4,3,7,0,15.200000000000001,0,0,0,15.200000000000001,100,139.06,1.3,4.3,166
2023,4,3,8,0,15.100000000000001,0,0,1,15.100000000000001,100,134.67000000000002,1.1,4.2,172
2023,4,3,9,0,14.9,0,0,3,14.9,100,126.82000000000001,0.9,3.9000000000000004,178
2023,4,3,10,0,14.600000000000001,0,0,1,14.600000000000001,100,116.81,0.8,3.5,185
2023,4,3,11,0,14.100000000000001,0,0,1,14.100000000000001,100,105.57000000000001,0.8,3.4000000000000004,193
2023,4,3,12,0,13.4,0,0,3,13.4,100,93.66,0.7000000000000001,3.6,201
2023,4,3,13,0,13.600000000000001,120,120,0,12.600000000000001,93.92,81.35000000000001,0.7000000000000001,4.1000000000000005,211
2023,4,3,14,0,15.3,344,344,0,11.9,80,69.18,0.7000000000000001,4.2,217
2023,4,3,15,0,19,565,565,0,10.200000000000001,56.79,57.27,0.7000000000000001,4.3,217
2023,4,3,16,0,22.3,752,752,0,10,45.550000000000004,46.15,0.7000000000000001,4.3,215
2023,4,3,17,0,24.900000000000002,883,883,0,10.200000000000001,39.43,36.730000000000004,0.8,4.4,214
2023,4,3,18,0,27,956,956,0,10.5,35.52,30.76,0.8,4.6000000000000005,214
2023,4,3,19,0,28.400000000000002,956,956,0,10.200000000000001,32.14,30.42,0.9,4.9,214
2023,4,3,20,0,28.900000000000002,891,891,0,9.8,30.490000000000002,35.88,0.9,5.1000000000000005,212
2023,4,3,21,0,28.700000000000003,762,762,0,9.8,30.71,45.03,0.9,5.2,207
2023,4,3,22,0,27.6,582,582,0,11,35.59,56.02,0.9,4.6000000000000005,200
2023,4,3,23,0,25.3,365,365,0,13,46.5,67.87,0.9,3.6,188
2023,4,4,0,0,21.5,141,126,7,12.600000000000001,57.050000000000004,80.01,0.9,3.1,180
2023,4,4,1,0,20.1,0,0,7,11.5,57.59,92.3,0.9,3.7,176
2023,4,4,2,0,19.8,0,0,0,10.8,56.24,104.23,0.9,4.800000000000001,176
2023,4,4,3,0,18.8,0,0,0,11.100000000000001,60.81,115.52,1.1,5,174
2023,4,4,4,0,17.900000000000002,0,0,0,12.4,70.01,125.64,1.4000000000000001,5.1000000000000005,173
2023,4,4,5,0,17.7,0,0,0,14.3,80.32000000000001,133.71,1.6,4.7,172
2023,4,4,6,0,17.8,0,0,0,15.8,87.92,138.45000000000002,1.5,4.6000000000000005,171
2023,4,4,7,0,18,0,0,0,16.7,92.41,138.67000000000002,1.2000000000000002,4.9,184
2023,4,4,8,0,18.1,0,0,0,17.400000000000002,95.54,134.3,1,5,191
2023,4,4,9,0,17.6,0,0,0,17.6,100,126.47,1,4.3,189
2023,4,4,10,0,17.7,0,0,7,17.7,100,116.49000000000001,1.2000000000000002,4.5,186
2023,4,4,11,0,17.900000000000002,0,0,7,17.900000000000002,100,105.27,1.6,4.6000000000000005,184
2023,4,4,12,0,18.5,0,0,7,18.5,100,93.38,1.9000000000000001,4.800000000000001,182
2023,4,4,13,0,20,106,67,7,19.200000000000003,95.33,81.08,2,5.4,179
2023,4,4,14,0,21.900000000000002,315,204,7,19.8,88.05,68.9,2,6.4,188
2023,4,4,15,0,23.5,526,264,7,19.700000000000003,79.09,56.980000000000004,2,6.9,199
2023,4,4,16,0,24.700000000000003,713,420,6,18.6,68.84,45.83,1.8,6.5,202
2023,4,4,17,0,26.200000000000003,849,627,7,16.7,55.74,36.37,1.7000000000000002,6.300000000000001,203
2023,4,4,18,0,27,924,402,6,14.700000000000001,46.89,30.37,1.6,6.2,204
2023,4,4,19,0,27,927,278,9,13.200000000000001,42.64,30.060000000000002,1.6,6.2,202
2023,4,4,20,0,26.5,863,352,9,13,43.14,35.59,1.6,6.2,196
2023,4,4,21,0,25.900000000000002,737,287,9,14,47.74,44.81,1.6,6.2,187
2023,4,4,22,0,25,556,245,6,16.1,57.64,55.84,1.7000000000000002,6.300000000000001,178
2023,4,4,23,0,23.900000000000002,342,131,9,18.6,72.29,67.7,1.8,6.6000000000000005,170
2023,4,5,0,0,23,128,50,6,20.200000000000003,84.10000000000001,79.86,1.9000000000000001,7,168
2023,4,5,1,0,22.200000000000003,0,0,6,20.6,90.43,92.14,2,7.1000000000000005,169
2023,4,5,2,0,22,0,0,6,20.6,91.58,104.05,2.2,7.2,173
2023,4,5,3,0,22.1,0,0,6,20.5,90.48,115.31,2.2,7,180
2023,4,5,4,0,21.700000000000003,0,0,7,20.1,90.77,125.39,1.9000000000000001,6.4,191
2023,4,5,5,0,20.6,0,0,7,18.8,89.5,133.4,1.5,4.9,210
2023,4,5,6,0,18.1,0,0,0,15.600000000000001,85.41,138.09,1.1,3.6,247
2023,4,5,7,0,14.700000000000001,0,0,8,9,68.53,138.28,0.8,4.3,302
2023,4,5,8,0,10.8,0,0,3,2.5,56.35,133.92000000000002,0.7000000000000001,5.4,337
2023,4,5,9,0,7.5,0,0,7,0.2,59.76,126.12,0.7000000000000001,5.300000000000001,343
2023,4,5,10,0,5.300000000000001,0,0,0,-0.8,64.67,116.17,0.6000000000000001,5.4,346
2023,4,5,11,0,3.7,0,0,0,-2.4000000000000004,64.46000000000001,104.97,0.6000000000000001,5.7,345
2023,4,5,12,0,2.9000000000000004,0,0,0,-4.3,59.160000000000004,93.09,0.5,5.800000000000001,345
2023,4,5,13,0,3.7,133,133,0,-6,49.27,80.8,0.5,6.2,346
2023,4,5,14,0,5.6000000000000005,366,366,0,-6.800000000000001,40.38,68.62,0.4,6,347
2023,4,5,15,0,7.800000000000001,585,585,0,-6.9,34.67,56.68,0.5,5.7,347
2023,4,5,16,0,9.8,772,772,0,-6.2,31.810000000000002,45.5,0.5,5.2,347
2023,4,5,17,0,11.8,908,908,0,-5.4,29.67,36.01,0.5,4.800000000000001,345
2023,4,5,18,0,13.3,980,980,0,-4.6000000000000005,28.44,29.98,0.5,4.7,342
2023,4,5,19,0,14.4,983,983,0,-4.2,27.27,29.71,0.5,4.6000000000000005,343
2023,4,5,20,0,14.9,917,917,0,-4.2,26.580000000000002,35.31,0.5,4.4,344
2023,4,5,21,0,15,787,787,0,-4.3,26.16,44.58,0.5,4.1000000000000005,347
2023,4,5,22,0,14.700000000000001,603,603,0,-4.4,26.42,55.65,0.5,3.6,353
2023,4,5,23,0,13.700000000000001,380,344,8,-4.4,28.2,67.54,0.6000000000000001,3,2
2023,4,6,0,0,10.3,152,152,0,0.30000000000000004,50.07,79.7,0.6000000000000001,1.3,11
2023,4,6,1,0,7.800000000000001,0,0,7,0,57.96,91.97,0.6000000000000001,1.3,18
2023,4,6,2,0,7,0,0,7,-0.7000000000000001,58.1,103.87,0.6000000000000001,1.4000000000000001,22
2023,4,6,3,0,6.300000000000001,0,0,7,-1.5,57.61,115.10000000000001,0.5,1.6,25
2023,4,6,4,0,6.4,0,0,1,-1.6,56.53,125.13000000000001,0.5,1.7000000000000002,27
2023,4,6,5,0,6.2,0,0,7,-1.6,57.4,133.09,0.6000000000000001,1.7000000000000002,31
2023,4,6,6,0,5.7,0,0,0,-1.9000000000000001,57.97,137.73,0.6000000000000001,1.8,33
2023,4,6,7,0,4.7,0,0,0,-2.3000000000000003,60.44,137.89000000000001,0.6000000000000001,1.9000000000000001,35
2023,4,6,8,0,4.1000000000000005,0,0,8,-2.4000000000000004,62.77,133.55,0.6000000000000001,2,39
2023,4,6,9,0,3.6,0,0,7,-2.2,65.84,125.78,0.6000000000000001,2.1,43
2023,4,6,10,0,3.2,0,0,7,-2.1,68.35000000000001,115.86,0.6000000000000001,2.4000000000000004,42
2023,4,6,11,0,2.8000000000000003,0,0,8,-2,70.44,104.68,0.6000000000000001,2.7,39
2023,4,6,12,0,2.7,0,0,7,-1.7000000000000002,72.85000000000001,92.81,0.6000000000000001,2.6,49
2023,4,6,13,0,5,132,132,0,-1.3,63.54,80.52,0.6000000000000001,3.2,46
2023,4,6,14,0,8.6,355,355,0,-2.4000000000000004,45.79,68.34,0.6000000000000001,3.8000000000000003,51
2023,4,6,15,0,11.4,574,385,7,-4.4,32.87,56.39,0.6000000000000001,4.7,61
2023,4,6,16,0,13,755,382,7,-4.2,29.91,45.19,0.7000000000000001,4.6000000000000005,64
2023,4,6,17,0,14.4,889,520,7,-3.6,28.580000000000002,35.65,0.7000000000000001,4.5,59
2023,4,6,18,0,15.4,962,732,7,-3.1,27.8,29.6,0.7000000000000001,4.4,52
2023,4,6,19,0,15.9,965,831,7,-2.9000000000000004,27.490000000000002,29.35,0.7000000000000001,4.4,54
2023,4,6,20,0,16.1,900,776,7,-2.5,27.77,35.02,0.7000000000000001,4.4,55
2023,4,6,21,0,16.400000000000002,768,705,7,-2.2,28.02,44.36,0.8,4.2,63
2023,4,6,22,0,16.1,588,523,8,-1.9000000000000001,29.060000000000002,55.47,0.8,3.9000000000000004,80
2023,4,6,23,0,14.8,372,372,0,-0.8,34.300000000000004,67.37,0.8,3.3000000000000003,78
2023,4,7,0,0,11.200000000000001,149,149,0,2,53.28,79.54,0.7000000000000001,1.8,63
2023,4,7,1,0,8.8,0,0,0,1.7000000000000002,61,91.81,0.7000000000000001,2,62
2023,4,7,2,0,8.3,0,0,0,1.5,62.480000000000004,103.68,0.6000000000000001,2.3000000000000003,62
2023,4,7,3,0,7.5,0,0,0,1.7000000000000002,66.77,114.89,0.6000000000000001,2.1,61
2023,4,7,4,0,6.5,0,0,0,1.7000000000000002,71.64,124.88000000000001,0.6000000000000001,2,60
2023,4,7,5,0,5.7,0,0,0,1.7000000000000002,75.36,132.78,0.6000000000000001,2,59
2023,4,7,6,0,5.1000000000000005,0,0,0,1.7000000000000002,78.5,137.37,0.6000000000000001,2,63
2023,4,7,7,0,4.7,0,0,0,1.7000000000000002,80.98,137.51,0.6000000000000001,2,62
2023,4,7,8,0,4.6000000000000005,0,0,7,1.7000000000000002,81.56,133.18,0.6000000000000001,2,59
2023,4,7,9,0,4.3,0,0,0,1.7000000000000002,83.09,125.43,0.6000000000000001,2,63
2023,4,7,10,0,3.6,0,0,7,1.6,86.54,115.54,0.6000000000000001,1.9000000000000001,63
2023,4,7,11,0,2.9000000000000004,0,0,7,1.5,90.35000000000001,104.39,0.6000000000000001,1.8,64
2023,4,7,12,0,3.4000000000000004,0,0,0,1.5,87.52,92.54,0.6000000000000001,2.2,64
2023,4,7,13,0,5.9,139,139,0,1.9000000000000001,75.52,80.25,0.6000000000000001,2.9000000000000004,66
2023,4,7,14,0,9.4,367,367,0,2.1,60.53,68.07000000000001,0.6000000000000001,2.7,69
2023,4,7,15,0,13.5,587,587,0,-0.9,36.95,56.11,0.6000000000000001,4,83
2023,4,7,16,0,15.700000000000001,773,773,0,-1.5,30.71,44.87,0.6000000000000001,4,80
2023,4,7,17,0,17.5,907,907,0,-1.6,27.23,35.300000000000004,0.6000000000000001,4.2,83
2023,4,7,18,0,18.8,973,973,0,-1.6,25.13,29.22,0.7000000000000001,4.2,87
2023,4,7,19,0,19.5,971,971,0,-1.4000000000000001,24.400000000000002,28.990000000000002,0.8,4.2,88
2023,4,7,20,0,19.700000000000003,905,905,0,-1.1,24.66,34.74,0.8,4,86
2023,4,7,21,0,19.6,772,772,0,-1,25.01,44.15,0.9,4,86
2023,4,7,22,0,19,591,591,0,-0.8,26.37,55.29,0.9,4,85
2023,4,7,23,0,17.5,376,351,8,1,32.93,67.21000000000001,0.9,3.3000000000000003,90
2023,4,8,0,0,13.4,152,152,0,4.3,54.04,79.39,0.9,1.8,96
2023,4,8,1,0,10.700000000000001,0,0,0,4.2,64.31,91.65,0.9,1.6,101
2023,4,8,2,0,9.9,0,0,1,4.4,68.66,103.5,0.9,1.6,105
2023,4,8,3,0,9.200000000000001,0,0,1,4.4,71.76,114.68,1,1.6,110
2023,4,8,4,0,8.6,0,0,7,4.3,74.39,124.62,1,1.5,119
2023,4,8,5,0,8.3,0,0,8,4.4,76.35000000000001,132.47,1.1,1.4000000000000001,125
2023,4,8,6,0,8.3,0,0,7,4.6000000000000005,77.53,137.01,1.1,1.3,128
2023,4,8,7,0,8.4,0,0,7,4.9,78.83,137.13,1.2000000000000002,1.3,134
2023,4,8,8,0,8.3,0,0,3,5.2,80.88,132.81,1.3,1.4000000000000001,136
2023,4,8,9,0,8,0,0,4,5.300000000000001,83.17,125.09,1.3,1.3,139
2023,4,8,10,0,6.7,0,0,3,5.4,91.51,115.23,1.2000000000000002,1.1,144
2023,4,8,11,0,6.2,0,0,0,5.4,94.38,104.10000000000001,1.2000000000000002,1.1,146
2023,4,8,12,0,6.7,0,0,0,5.4,91.37,92.26,1.1,1,144
2023,4,8,13,0,10.3,139,139,0,5.800000000000001,73.4,79.99,1,1.9000000000000001,145
2023,4,8,14,0,13.5,363,363,0,4.7,55.120000000000005,67.8,0.9,2.2,153
2023,4,8,15,0,16.6,581,581,0,2.6,39.1,55.82,0.9,2.3000000000000003,156
2023,4,8,16,0,18.6,768,768,0,2.4000000000000004,33.980000000000004,44.56,0.8,1.8,145
2023,4,8,17,0,20.1,901,901,0,2.8000000000000003,31.88,34.95,0.8,1.8,132
2023,4,8,18,0,21.3,971,971,0,3.1,30.1,28.84,0.8,2,128
2023,4,8,19,0,22,969,969,0,3.2,29.01,28.64,0.9,2.2,127
2023,4,8,20,0,22.3,902,902,0,3.1,28.44,34.47,0.9,2.4000000000000004,126
2023,4,8,21,0,22.3,773,773,0,3.1,28.42,43.93,0.9,2.5,126
2023,4,8,22,0,21.8,592,592,0,3,29.04,55.120000000000005,0.9,2.6,127
2023,4,8,23,0,20.200000000000003,376,376,0,5.1000000000000005,37.24,67.05,0.9,2,125
2023,4,9,0,0,15.9,152,152,0,7.6000000000000005,57.84,79.23,0.9,1.3,123
2023,4,9,1,0,13.100000000000001,0,0,0,5.6000000000000005,60.300000000000004,91.48,0.9,1.5,122
2023,4,9,2,0,12.100000000000001,0,0,0,5,61.940000000000005,103.32000000000001,0.8,1.6,122
2023,4,9,3,0,11.3,0,0,0,4.5,63.13,114.46000000000001,0.8,1.6,123
2023,4,9,4,0,10.5,0,0,0,4.1000000000000005,64.48,124.37,0.8,1.5,124
2023,4,9,5,0,9.8,0,0,0,3.6,65.45,132.17000000000002,0.8,1.5,127
2023,4,9,6,0,9.1,0,0,0,3.2,66.69,136.65,0.8,1.5,131
2023,4,9,7,0,8.5,0,0,0,2.9000000000000004,67.83,136.75,0.8,1.5,135
2023,4,9,8,0,7.9,0,0,0,2.6,69.39,132.44,0.9,1.5,140
2023,4,9,9,0,7.4,0,0,0,2.6,71.48,124.75,0.9,1.5,146
2023,4,9,10,0,6.800000000000001,0,0,0,2.7,74.94,114.92,0.9,1.4000000000000001,152
2023,4,9,11,0,6.5,0,0,0,2.9000000000000004,77.77,103.81,1,1.3,158
2023,4,9,12,0,7.1000000000000005,0,0,0,3.8000000000000003,79.32000000000001,91.99,1,1.2000000000000002,161
2023,4,9,13,0,10.700000000000001,142,106,7,4.7,66.54,79.72,1,2.2,161
2023,4,9,14,0,13.4,362,362,0,6.2,61.52,67.53,1.1,1.7000000000000002,154
2023,4,9,15,0,18,577,491,7,6.9,48.32,55.54,1.1,2.9000000000000004,174
2023,4,9,16,0,21,756,607,7,7.2,40.77,44.25,1.2000000000000002,3.2,173
2023,4,9,17,0,22.200000000000003,885,715,7,7.9,39.910000000000004,34.6,1.3,3.1,168
2023,4,9,18,0,23.1,950,815,7,8.6,39.58,28.46,1.4000000000000001,3,171
2023,4,9,19,0,23.6,948,808,7,9.1,39.730000000000004,28.29,1.5,2.8000000000000003,179
2023,4,9,20,0,23.1,875,728,8,9.200000000000001,41.26,34.19,1.7000000000000002,2.5,176
2023,4,9,21,0,22,744,744,0,9.5,44.95,43.72,1.7000000000000002,2.2,160
2023,4,9,22,0,20.900000000000002,568,568,0,11.4,54.44,54.94,1.7000000000000002,1.6,146
2023,4,9,23,0,19.3,357,263,7,13.5,68.94,66.9,1.8,1.1,139
2023,4,10,0,0,17.3,142,63,6,12.5,73.45,79.08,1.9000000000000001,1.1,140
2023,4,10,1,0,16.2,0,0,6,11.9,75.81,91.32000000000001,1.9000000000000001,1.2000000000000002,146
2023,4,10,2,0,15.600000000000001,0,0,4,11.8,78.21000000000001,103.14,2,1.3,156
2023,4,10,3,0,14.4,0,0,4,11.700000000000001,84.06,114.25,2,1.3,170
2023,4,10,4,0,13.5,0,0,4,11.8,89.61,124.11,2.1,1.3,181
2023,4,10,5,0,13,0,0,4,12.100000000000001,93.97,131.86,2.1,1.3,188
2023,4,10,6,0,12.5,0,0,4,12.4,99.14,136.29,2.1,1.3,190
2023,4,10,7,0,12,0,0,3,12,100,136.37,2.2,1.3,189
2023,4,10,8,0,11.700000000000001,0,0,4,11.700000000000001,100,132.07,2.2,1.3,184
2023,4,10,9,0,11.200000000000001,0,0,0,11.200000000000001,100,124.42,2.2,1.2000000000000002,181
2023,4,10,10,0,10.8,0,0,1,10.8,100,114.61,2.2,1.2000000000000002,178
2023,4,10,11,0,10.5,0,0,0,10.5,100,103.52,2.2,1.1,174
2023,4,10,12,0,11.100000000000001,0,0,0,11.100000000000001,100,91.71000000000001,2.1,1.2000000000000002,170
2023,4,10,13,0,13.5,135,85,3,12.600000000000001,94.46000000000001,79.46000000000001,2.1,2.5,172
2023,4,10,14,0,15.700000000000001,348,293,3,12.8,83.14,67.26,2.1,3,181
2023,4,10,15,0,18.6,559,559,0,12.600000000000001,67.91,55.26,2,3.1,189
2023,4,10,16,0,20.900000000000002,736,736,0,12.600000000000001,58.89,43.95,2,2.6,185
2023,4,10,17,0,22.400000000000002,865,493,2,12.600000000000001,53.89,34.26,2,2.2,175
2023,4,10,18,0,23.3,930,930,1,12.5,50.79,28.080000000000002,2.1,1.9000000000000001,168
2023,4,10,19,0,23.700000000000003,931,931,0,12.3,48.92,27.95,2.1,1.9000000000000001,161
2023,4,10,20,0,23.700000000000003,866,866,0,12.100000000000001,48.160000000000004,33.92,2.1,2,154
2023,4,10,21,0,23.3,738,738,0,12,48.93,43.51,2.1,2.3000000000000003,150
2023,4,10,22,0,22.8,563,563,0,11.9,50.15,54.77,2.1,2.6,149
2023,4,10,23,0,21.6,354,349,8,12.600000000000001,56.68,66.74,2.2,2.6,149
2023,4,11,0,0,18.7,141,89,6,13.4,71.36,78.93,2.3000000000000003,2.2,151
2023,4,11,1,0,17,0,0,6,12.9,76.95,91.16,2.4000000000000004,2.5,157
2023,4,11,2,0,16.6,0,0,7,12.9,78.58,102.96000000000001,2.4000000000000004,2.7,166
2023,4,11,3,0,16,0,0,8,12.8,81.19,114.04,2.3000000000000003,2.8000000000000003,172
2023,4,11,4,0,15.100000000000001,0,0,0,12.600000000000001,85.19,123.86,2.2,2.8000000000000003,173
2023,4,11,5,0,14.200000000000001,0,0,3,12.5,89.5,131.55,2.2,2.5,174
2023,4,11,6,0,13.4,0,0,7,12.4,93.58,135.94,2.1,2.2,175
2023,4,11,7,0,12.600000000000001,0,0,8,12.3,97.82000000000001,136,2.1,2,176
2023,4,11,8,0,11.8,0,0,7,11.8,100,131.71,2,1.7000000000000002,178
2023,4,11,9,0,11.100000000000001,0,0,0,11.100000000000001,100,124.08,1.9000000000000001,1.6,182
2023,4,11,10,0,10.600000000000001,0,0,0,10.600000000000001,100,114.3,1.9000000000000001,1.5,187
2023,4,11,11,0,10.200000000000001,0,0,0,10.200000000000001,100,103.24000000000001,1.9000000000000001,1.4000000000000001,190
2023,4,11,12,0,11,0,0,0,11,100,91.44,1.9000000000000001,1.6,194
2023,4,11,13,0,13.700000000000001,140,140,0,12.600000000000001,93.26,79.2,1.9000000000000001,2.7,194
2023,4,11,14,0,16.8,355,355,0,13,78.41,67,1.9000000000000001,3.1,194
2023,4,11,15,0,19.8,566,566,0,11.9,60.32,54.980000000000004,1.9000000000000001,3.6,185
2023,4,11,16,0,21.5,745,745,0,11.600000000000001,53.11,43.65,1.9000000000000001,3.7,175
2023,4,11,17,0,22.700000000000003,876,876,0,11.5,49.26,33.92,1.8,3.8000000000000003,169
2023,4,11,18,0,23.6,945,945,0,11.600000000000001,46.83,27.71,1.8,3.9000000000000004,165
2023,4,11,19,0,24.200000000000003,946,946,0,11.600000000000001,45.25,27.6,1.8,4,162
2023,4,11,20,0,24.400000000000002,881,881,0,11.600000000000001,44.59,33.65,1.8,4,161
2023,4,11,21,0,24.1,754,754,0,11.5,45.1,43.300000000000004,1.7000000000000002,4.1000000000000005,161
2023,4,11,22,0,23.400000000000002,577,577,0,11.3,46.46,54.59,1.7000000000000002,4,161
2023,4,11,23,0,22.1,369,369,0,11.4,50.78,66.58,1.6,3.6,160
2023,4,12,0,0,19.1,153,153,0,12.4,65.06,78.77,1.5,2.3000000000000003,158
2023,4,12,1,0,16.7,0,0,0,11.9,73.49,91,1.5,2.2,158
2023,4,12,2,0,16,0,0,0,11.8,75.94,102.78,1.4000000000000001,2.5,160
2023,4,12,3,0,15.3,0,0,0,11.5,78.08,113.83,1.3,2.7,163
2023,4,12,4,0,14.600000000000001,0,0,0,11.200000000000001,79.83,123.60000000000001,1.2000000000000002,2.9000000000000004,166
2023,4,12,5,0,13.9,0,0,0,10.8,81.52,131.25,1.2000000000000002,3,168
2023,4,12,6,0,13.200000000000001,0,0,0,10.5,83.67,135.59,1.1,2.9000000000000004,171
2023,4,12,7,0,12.4,0,0,0,10.3,86.9,135.63,1.1,2.8000000000000003,175
2023,4,12,8,0,11.700000000000001,0,0,0,10.200000000000001,90.34,131.35,1,2.7,180
2023,4,12,9,0,11.100000000000001,0,0,0,10.100000000000001,93.76,123.75,1,2.6,184
2023,4,12,10,0,10.5,0,0,0,10.100000000000001,97.52,114,1,2.6,189
2023,4,12,11,0,10,0,0,0,10,100,102.96000000000001,1,2.6,194
2023,4,12,12,0,10.5,0,0,0,10.100000000000001,97.14,91.18,1,3.1,197
2023,4,12,13,0,12.9,157,157,0,10.4,84.55,78.94,1,3.6,196
2023,4,12,14,0,16.6,380,380,0,10.700000000000001,68.2,66.73,1,3.8000000000000003,193
2023,4,12,15,0,20,596,596,0,9.1,49.51,54.71,1,5.300000000000001,196
2023,4,12,16,0,21.700000000000003,778,778,0,9,44.24,43.35,1,5,191
2023,4,12,17,0,23.1,909,909,0,9,40.56,33.58,1,4.800000000000001,185
2023,4,12,18,0,24.200000000000003,978,978,0,9,37.96,27.34,1,4.800000000000001,178
2023,4,12,19,0,24.8,979,979,0,9,36.71,27.26,1,4.9,173
2023,4,12,20,0,24.900000000000002,909,909,0,9.200000000000001,37.050000000000004,33.38,1.1,5,169
2023,4,12,21,0,24.700000000000003,780,780,0,9.600000000000001,38.32,43.09,1.1,5,168
2023,4,12,22,0,24,601,601,0,9.700000000000001,40.480000000000004,54.42,1.1,4.800000000000001,167
2023,4,12,23,0,22.700000000000003,386,386,0,10.3,45.4,66.43,1.1,4.1000000000000005,166
2023,4,13,0,0,19.6,162,162,0,11.4,59.300000000000004,78.62,1.2000000000000002,2.6,164
2023,4,13,1,0,17.2,0,0,0,11.3,68.21000000000001,90.84,1.2000000000000002,2.6,164
2023,4,13,2,0,16.6,0,0,0,11.4,71.46000000000001,102.60000000000001,1.2000000000000002,3,167
2023,4,13,3,0,16,0,0,0,11.5,74.8,113.62,1.2000000000000002,3.3000000000000003,171
2023,4,13,4,0,15.4,0,0,0,11.600000000000001,78.21000000000001,123.35000000000001,1.2000000000000002,3.5,176
2023,4,13,5,0,14.8,0,0,0,11.600000000000001,81.34,130.94,1.2000000000000002,3.7,178
2023,4,13,6,0,14.3,0,0,0,11.700000000000001,84.26,135.24,1.2000000000000002,3.9000000000000004,177
2023,4,13,7,0,13.700000000000001,0,0,0,11.8,88.16,135.26,1.2000000000000002,4,177
2023,4,13,8,0,13.200000000000001,0,0,0,11.9,91.94,130.99,1.2000000000000002,3.9000000000000004,178
2023,4,13,9,0,12.600000000000001,0,0,0,12.100000000000001,96.78,123.42,1.2000000000000002,3.8000000000000003,181
2023,4,13,10,0,12.200000000000001,0,0,3,12.200000000000001,100,113.7,1.1,3.6,185
2023,4,13,11,0,11.8,0,0,0,11.8,100,102.68,1.1,3.4000000000000004,187
2023,4,13,12,0,12.200000000000001,0,0,0,12.200000000000001,99.69,90.91,1.1,3.6,186
2023,4,13,13,0,14.700000000000001,158,158,0,12.5,86.47,78.69,1.2000000000000002,4.1000000000000005,183
2023,4,13,14,0,17.7,381,381,0,12.4,71.2,66.48,1.2000000000000002,4.6000000000000005,186
2023,4,13,15,0,20.5,593,593,0,11.4,55.82,54.44,1.3,5,189
2023,4,13,16,0,22.5,771,771,0,10.8,47.480000000000004,43.050000000000004,1.4000000000000001,4.800000000000001,187
2023,4,13,17,0,23.900000000000002,900,900,0,10.700000000000001,43.5,33.24,1.4000000000000001,4.5,183
2023,4,13,18,0,24.900000000000002,966,966,0,10.8,41.13,26.97,1.5,4.4,178
2023,4,13,19,0,25.5,964,964,0,10.8,39.78,26.92,1.6,4.3,173
2023,4,13,20,0,25.700000000000003,897,897,0,10.9,39.47,33.12,1.6,4.4,168
2023,4,13,21,0,25.5,772,772,0,10.8,39.800000000000004,42.89,1.5,4.4,166
2023,4,13,22,0,24.900000000000002,594,594,0,10.700000000000001,40.75,54.25,1.5,4.4,165
2023,4,13,23,0,23.6,383,383,0,11,44.96,66.27,1.4000000000000001,4,163
2023,4,14,0,0,20.6,162,162,0,11.9,57.45,78.47,1.4000000000000001,2.8000000000000003,158
2023,4,14,1,0,18.400000000000002,0,0,0,11.700000000000001,64.98,90.13,1.3,3.3000000000000003,157
2023,4,14,2,0,17.8,0,0,0,11.8,67.94,102.42,1.3,3.9000000000000004,160
2023,4,14,3,0,16.900000000000002,0,0,0,11.9,72.52,113.41,1.3,4.2,163
2023,4,14,4,0,16.2,0,0,0,12.100000000000001,76.57000000000001,123.10000000000001,1.3,4.5,166
2023,4,14,5,0,15.4,0,0,3,12.200000000000001,81.2,130.64000000000001,1.4000000000000001,4.6000000000000005,168
2023,4,14,6,0,14.9,0,0,0,12.3,84.25,134.89000000000001,1.6,4.6000000000000005,170
2023,4,14,7,0,14.3,0,0,8,12.4,88.16,134.89000000000001,1.7000000000000002,4,168
2023,4,14,8,0,13.700000000000001,0,0,0,12.5,92.68,130.64000000000001,2,3.6,168
2023,4,14,9,0,13.5,0,0,0,12.700000000000001,94.84,123.09,2.2,3.5,168
2023,4,14,10,0,13.600000000000001,0,0,0,12.8,95.2,113.4,2.4000000000000004,3.7,168
2023,4,14,11,0,13.600000000000001,0,0,3,13,96.32000000000001,102.4,2.6,3.8000000000000003,167
2023,4,14,12,0,14,0,0,8,13.200000000000001,95.09,90.10000000000001,2.6,4.3,167
2023,4,14,13,0,16.1,148,148,0,13.600000000000001,84.91,78.43,2.7,5.1000000000000005,172
2023,4,14,14,0,19.1,357,357,0,13.9,71.7,66.22,2.8000000000000003,6.2,183
2023,4,14,15,0,21.8,563,563,0,14.3,62.42,54.17,2.8000000000000003,6.7,186
2023,4,14,16,0,24,738,738,0,15,57.120000000000005,42.76,2.7,7,185
2023,4,14,17,0,25.3,862,862,0,15.600000000000001,54.93,32.910000000000004,2.8000000000000003,7.1000000000000005,184
2023,4,14,18,0,26.200000000000003,931,931,0,16,53.58,26.61,2.9000000000000004,7.1000000000000005,184
2023,4,14,19,0,26.700000000000003,926,926,0,16.3,53.02,26.59,3.1,6.9,184
2023,4,14,20,0,26.900000000000002,858,657,3,16.5,52.980000000000004,32.86,3.2,6.5,181
2023,4,14,21,0,26.700000000000003,735,529,3,16.6,54.02,42.69,3.2,6.300000000000001,175
2023,4,14,22,0,25.900000000000002,568,310,8,16.8,57.18,54.09,2.9000000000000004,6.300000000000001,169
2023,4,14,23,0,24.700000000000003,366,304,3,17,62.36,66.12,2.7,6,168
2023,4,15,0,0,22.900000000000002,154,154,0,17.3,70.93,78.32000000000001,2.6,5.4,165
2023,4,15,1,0,21.200000000000003,0,0,0,17.6,79.96000000000001,90,2.5,5.2,163
2023,4,15,2,0,20.200000000000003,0,0,0,17.900000000000002,86.91,102.23,2.4000000000000004,5.4,166
2023,4,15,3,0,19.3,0,0,0,18.3,93.74,113.19,2.5,4.9,170
2023,4,15,4,0,18.7,0,0,0,18.5,98.99000000000001,122.84,2.5,4.5,169
2023,4,15,5,0,18.6,0,0,0,18.6,100,130.34,2,4.7,169
2023,4,15,6,0,18.400000000000002,0,0,1,18.400000000000002,100,134.54,1.6,4.800000000000001,176
2023,4,15,7,0,18.1,0,0,1,18.1,100,134.52,1.4000000000000001,4.7,187
2023,4,15,8,0,17.400000000000002,0,0,1,17.400000000000002,100,130.28,1.4000000000000001,4.2,194
2023,4,15,9,0,16.6,0,0,1,16.6,100,122.77,1.4000000000000001,3.9000000000000004,199
2023,4,15,10,0,15.600000000000001,0,0,1,15.600000000000001,100,113.10000000000001,1.4000000000000001,3.7,208
2023,4,15,11,0,14.4,0,0,0,14.4,100,102.13,1.4000000000000001,3.2,229
2023,4,15,12,0,13.600000000000001,0,0,1,12.700000000000001,94.01,89.88,1.4000000000000001,3.6,272
2023,4,15,13,0,14.5,158,158,0,11.100000000000001,79.81,78.18,1.5,5.300000000000001,320
2023,4,15,14,0,15.3,373,373,0,10.100000000000001,71.33,65.97,1.6,6.4,333
2023,4,15,15,0,16.1,581,433,3,8.8,62.03,53.910000000000004,1.6,6.7,329
2023,4,15,16,0,17.5,758,525,3,7.9,53.15,42.480000000000004,1.6,6.800000000000001,327
2023,4,15,17,0,18.5,886,653,3,7.5,48.63,32.59,1.6,6.800000000000001,326
2023,4,15,18,0,19.200000000000003,956,701,3,7.2,45.74,26.25,1.6,6.800000000000001,326
2023,4,15,19,0,19.900000000000002,959,682,3,6.800000000000001,42.5,26.25,1.5,6.7,326
2023,4,15,20,0,20.400000000000002,897,897,0,6,39.14,32.6,1.3,6.5,326
2023,4,15,21,0,20.5,772,772,0,4.800000000000001,35.72,42.49,1.1,6.7,326
2023,4,15,22,0,19.700000000000003,591,417,2,3.5,34.19,53.92,1.1,7.1000000000000005,327
2023,4,15,23,0,18,380,380,0,2.6,35.730000000000004,65.97,1,7,332
2023,4,16,0,0,15.700000000000001,160,160,0,2.1,39.83,78.17,1,6,339
2023,4,16,1,0,13.4,0,0,0,1.7000000000000002,45.050000000000004,89.84,0.9,4.9,346
2023,4,16,2,0,11.8,0,0,0,1.4000000000000001,48.83,102.05,0.9,4.3,350
2023,4,16,3,0,10.600000000000001,0,0,0,0.9,51.11,112.98,0.8,3.9000000000000004,353
2023,4,16,4,0,9.4,0,0,0,0.7000000000000001,54.51,122.59,0.7000000000000001,3.1,356
2023,4,16,5,0,8.1,0,0,0,0.6000000000000001,59.120000000000005,130.03,0.7000000000000001,2.4000000000000004,358
2023,4,16,6,0,7.2,0,0,0,0.30000000000000004,61.39,134.2,0.6000000000000001,2.2,0
2023,4,16,7,0,6.4,0,0,0,-0.1,63.36,134.16,0.6000000000000001,2.1,358
2023,4,16,8,0,5.7,0,0,0,-0.30000000000000004,65.18,129.93,0.6000000000000001,1.9000000000000001,353
2023,4,16,9,0,5,0,0,0,-0.5,67.45,122.44,0.5,1.7000000000000002,344
2023,4,16,10,0,4.4,0,0,0,-0.7000000000000001,69.22,112.8,0.5,1.6,334
2023,4,16,11,0,3.8000000000000003,0,0,0,-1,70.82000000000001,101.85000000000001,0.5,1.6,325
2023,4,16,12,0,4.9,0,0,0,-1.1,65.31,89.64,0.5,2.1,315
2023,4,16,13,0,7.7,175,175,0,-1.3,52.85,77.93,0.6000000000000001,3,304
2023,4,16,14,0,11.8,401,401,0,-1.8,38.68,65.72,0.6000000000000001,3.4000000000000004,319
2023,4,16,15,0,14.600000000000001,618,618,0,-2.4000000000000004,31,53.65,0.6000000000000001,4.3,334
2023,4,16,16,0,16.3,801,801,0,-2.2,28.150000000000002,42.19,0.6000000000000001,4.6000000000000005,330
2023,4,16,17,0,17.7,932,932,0,-2.1,25.86,32.26,0.6000000000000001,4.9,325
2023,4,16,18,0,18.900000000000002,1001,1001,0,-2.3000000000000003,23.78,25.89,0.6000000000000001,5.2,322
2023,4,16,19,0,19.700000000000003,995,995,0,-2.3000000000000003,22.46,25.92,0.7000000000000001,5.2,319
2023,4,16,20,0,20.1,927,927,0,-2.5,21.71,32.35,0.7000000000000001,5.2,318
2023,4,16,21,0,20.3,796,796,0,-2.7,21.150000000000002,42.29,0.7000000000000001,5.1000000000000005,318
2023,4,16,22,0,20,613,613,0,-2.9000000000000004,21.21,53.75,0.7000000000000001,4.7,319
2023,4,16,23,0,19.1,395,395,0,-1.6,24.650000000000002,65.82000000000001,0.7000000000000001,3.4000000000000004,319
2023,4,17,0,0,15.200000000000001,171,171,0,3,44.04,78.01,0.6000000000000001,1.4000000000000001,317
2023,4,17,1,0,12.700000000000001,0,0,0,1.3,45.67,89.7,0.6000000000000001,1.3,313
2023,4,17,2,0,12.700000000000001,0,0,0,0.30000000000000004,42.52,101.87,0.6000000000000001,1.2000000000000002,307
2023,4,17,3,0,12.9,0,0,0,-0.7000000000000001,39,112.77,0.6000000000000001,0.9,293
2023,4,17,4,0,12.8,0,0,0,-1.6,36.85,122.34,0.6000000000000001,0.7000000000000001,223
2023,4,17,5,0,12,0,0,0,-1.7000000000000002,38.67,129.73,0.6000000000000001,0.9,192
2023,4,17,6,0,10.700000000000001,0,0,0,-1.2000000000000002,43.660000000000004,133.86,0.7000000000000001,1.2000000000000002,198
2023,4,17,7,0,8.9,0,0,0,-0.5,51.78,133.8,0.7000000000000001,1.3,210
2023,4,17,8,0,7.6000000000000005,0,0,0,0,58.52,129.59,0.7000000000000001,1.4000000000000001,219
2023,4,17,9,0,6.7,0,0,0,0.2,63.33,122.12,0.8,1.4000000000000001,226
2023,4,17,10,0,6.1000000000000005,0,0,0,0.30000000000000004,66.36,112.51,0.8,1.4000000000000001,233
2023,4,17,11,0,5.6000000000000005,0,0,0,0.30000000000000004,68.65,101.59,0.9,1.4000000000000001,236
2023,4,17,12,0,6.800000000000001,0,0,0,1.1,67.01,89.43,0.9,1.6,237
2023,4,17,13,0,10.700000000000001,177,177,0,1,50.96,77.69,0.9,2.9000000000000004,233
2023,4,17,14,0,14,399,399,0,2.5,45.89,65.48,1,2.5,216
2023,4,17,15,0,19.3,614,614,0,2,31.470000000000002,53.4,1,4.3,213
2023,4,17,16,0,22.3,790,790,0,1.6,25.490000000000002,41.910000000000004,1.1,5,208
2023,4,17,17,0,23.900000000000002,917,917,0,2.5,24.63,31.94,1.1,5.4,203
2023,4,17,18,0,25,982,982,0,3.4000000000000004,24.63,25.53,1.2000000000000002,5.7,199
2023,4,17,19,0,25.700000000000003,977,977,0,4.2,25.03,25.6,1.3,5.9,196
2023,4,17,20,0,26,907,907,0,4.9,25.740000000000002,32.1,1.4000000000000001,6.1000000000000005,194
2023,4,17,21,0,25.900000000000002,777,777,0,5.4,26.79,42.1,1.5,6.1000000000000005,193
2023,4,17,22,0,25.200000000000003,597,597,0,5.800000000000001,28.89,53.59,1.6,5.800000000000001,191
2023,4,17,23,0,23.8,385,300,3,6.9,33.78,65.67,1.7000000000000002,4.9,186
2023,4,18,0,0,21,166,166,0,7.800000000000001,42.58,77.87,1.7000000000000002,4,180
2023,4,18,1,0,18.6,0,0,0,7.9,49.76,89.57000000000001,1.8,3.8000000000000003,175
2023,4,18,2,0,17.3,0,0,7,8.1,54.78,101.69,1.9000000000000001,4,173
2023,4,18,3,0,16.2,0,0,7,8,58.370000000000005,112.56,1.9000000000000001,4.1000000000000005,173
2023,4,18,4,0,15.3,0,0,8,7.6000000000000005,60.06,122.08,1.8,4.4,175
2023,4,18,5,0,14.5,0,0,8,7.1000000000000005,61.29,129.43,1.7000000000000002,4.5,178
2023,4,18,6,0,13.9,0,0,3,6.800000000000001,62.42,133.52,1.7000000000000002,4.5,182
2023,4,18,7,0,13.4,0,0,3,6.7,64.09,133.45,1.7000000000000002,4.4,185
2023,4,18,8,0,13,0,0,0,6.7,65.67,129.24,1.7000000000000002,4.2,187
2023,4,18,9,0,12.600000000000001,0,0,0,6.800000000000001,67.66,121.81,1.7000000000000002,4.1000000000000005,186
2023,4,18,10,0,12.3,0,0,0,7,70.04,112.22,1.7000000000000002,4,182
2023,4,18,11,0,12.100000000000001,0,0,0,7.5,73.56,101.32000000000001,1.8,4,178
2023,4,18,12,0,12.5,0,0,0,8.4,75.92,89.22,1.9000000000000001,4.2,179
2023,4,18,13,0,14.700000000000001,169,169,1,9.600000000000001,71.29,77.45,2.1,4.7,183
2023,4,18,14,0,18.1,381,381,0,10.8,62.2,65.24,2.3000000000000003,5.800000000000001,196
2023,4,18,15,0,20.900000000000002,585,585,0,12,56.6,53.14,2.4000000000000004,5.9,198
2023,4,18,16,0,23.200000000000003,757,757,0,13,52.79,41.64,2.5,6.1000000000000005,194
2023,4,18,17,0,25,880,880,0,13.9,50.300000000000004,31.63,2.5,6.300000000000001,189
2023,4,18,18,0,26,947,947,0,14.700000000000001,49.620000000000005,25.18,2.5,6.7,184
2023,4,18,19,0,26.5,946,946,0,15.100000000000001,49.67,25.27,2.5,7,180
2023,4,18,20,0,26.5,879,879,0,15.5,50.83,31.85,2.5,7.4,176
2023,4,18,21,0,25.900000000000002,750,750,0,15.8,53.57,41.910000000000004,2.5,7.7,173
2023,4,18,22,0,24.8,572,346,3,15.9,57.86,53.43,2.6,7.9,171
2023,4,18,23,0,23.3,364,147,3,15.9,63.35,65.52,2.7,7.7,169
2023,4,19,0,0,21.700000000000003,155,24,3,15.8,68.95,77.72,2.7,7.1000000000000005,165
2023,4,19,1,0,20.1,0,0,3,15.4,74.59,89.44,2.6,6.800000000000001,165
2023,4,19,2,0,19.200000000000003,0,0,3,15.3,77.93,101.51,2.5,7,167
2023,4,19,3,0,18.5,0,0,1,15.100000000000001,80.64,112.35000000000001,2.6,7.2,169
2023,4,19,4,0,17.900000000000002,0,0,1,14.8,82.29,121.83,2.6,7.2,171
2023,4,19,5,0,17.5,0,0,0,14.3,81.63,129.14000000000001,2.6,7.1000000000000005,173
2023,4,19,6,0,17.2,0,0,8,13.8,80.68,133.18,2.4000000000000004,7,174
2023,4,19,7,0,17.2,0,0,1,13.9,81.21000000000001,133.1,2.2,6.9,177
2023,4,19,8,0,17.400000000000002,0,0,3,14.700000000000001,84.38,128.9,2.1,6.800000000000001,180
2023,4,19,9,0,17.6,0,0,0,15.9,89.75,121.49000000000001,2.1,6.6000000000000005,184
2023,4,19,10,0,17.7,0,0,3,16.8,94.34,111.94,2,6.2,186
2023,4,19,11,0,17.6,0,0,3,17.2,97.37,101.06,2,5.9,185
2023,4,19,12,0,17.8,0,0,1,17.3,96.72,89.01,1.9000000000000001,6,183
2023,4,19,13,0,18.8,168,168,0,17.5,92.45,77.22,1.9000000000000001,6.4,184
2023,4,19,14,0,20.5,383,259,3,18,85.60000000000001,65,1.9000000000000001,7,189
2023,4,19,15,0,22.700000000000003,592,451,3,18.3,76.11,52.9,1.9000000000000001,7.6000000000000005,195
2023,4,19,16,0,25,769,769,0,18.2,66.14,41.37,1.9000000000000001,7.9,197
2023,4,19,17,0,27,894,894,0,17.8,57.29,31.32,2,7.9,196
2023,4,19,18,0,28.6,958,918,7,17.2,50.22,24.830000000000002,2.1,7.800000000000001,195
2023,4,19,19,0,29.6,955,955,0,16.6,45.53,24.95,2.2,7.800000000000001,192
2023,4,19,20,0,30.1,884,763,7,16.1,42.86,31.6,2.4000000000000004,7.7,188
2023,4,19,21,0,29.6,754,671,8,15.9,43.5,41.72,2.6,7.4,182
2023,4,19,22,0,28.5,579,542,8,16.5,48.14,53.27,2.8000000000000003,7.2,174
2023,4,19,23,0,27.3,374,8,9,17.5,55.050000000000004,65.37,2.9000000000000004,7.2,168
2023,4,20,0,0,25.3,162,47,9,18.1,64.31,77.57000000000001,3.1,7.2,165
2023,4,20,1,0,23.5,0,0,9,18.5,73.34,89.3,3.2,7.6000000000000005,164
2023,4,20,2,0,22.3,0,0,9,18.6,79.74,101.33,3.3000000000000003,8,166
2023,4,20,3,0,21.8,0,0,3,18.400000000000002,80.79,112.14,3.2,8.200000000000001,169
2023,4,20,4,0,21.5,0,0,3,18,80.65,121.58,3.1,8.4,173
2023,4,20,5,0,21.1,0,0,0,17.900000000000002,81.98,128.84,3,8.4,178
2023,4,20,6,0,20.700000000000003,0,0,3,18,84.35000000000001,132.85,3,8.200000000000001,183
2023,4,20,7,0,20.5,0,0,3,18.1,85.98,132.75,3,8.1,186
2023,4,20,8,0,20.3,0,0,3,18.2,87.76,128.57,2.8000000000000003,8.1,190
2023,4,20,9,0,20.1,0,0,3,18.400000000000002,89.82000000000001,121.18,2.8000000000000003,7.300000000000001,197
2023,4,20,10,0,19.5,0,0,3,18.5,93.68,111.66,2.7,5.6000000000000005,202
2023,4,20,11,0,18.7,0,0,3,18.1,96.31,100.8,2.3000000000000003,4.2,216
2023,4,20,12,0,17.5,11,7,7,16.400000000000002,93,88.79,1.9000000000000001,3.7,261
2023,4,20,13,0,16,176,176,1,11.700000000000001,75.58,76.98,1.5,5.1000000000000005,317
2023,4,20,14,0,16.3,400,400,1,7.1000000000000005,54.5,64.76,1.4000000000000001,6,341
2023,4,20,15,0,18.1,613,613,0,6.5,46.53,52.65,1.3,5.7,345
2023,4,20,16,0,20,790,790,0,6.800000000000001,42.42,41.1,1.3,5.2,345
2023,4,20,17,0,21.200000000000003,917,917,0,6.6000000000000005,38.82,31.01,1.3,4.9,343
2023,4,20,18,0,21.900000000000002,985,985,0,5.7,34.85,24.48,1.2000000000000002,4.6000000000000005,343
2023,4,20,19,0,22.400000000000002,983,833,7,4.3,30.6,24.63,1.2000000000000002,4.4,344
2023,4,20,20,0,22.5,915,684,7,2.7,27.240000000000002,31.36,1.2000000000000002,4.1000000000000005,344
2023,4,20,21,0,22.3,788,728,8,1.3,25,41.53,1.1,3.7,343
2023,4,20,22,0,21.700000000000003,609,410,7,0.8,25.03,53.11,1.1,3.1,343
2023,4,20,23,0,20.3,398,398,0,4.3,34.910000000000004,65.22,1,2.1,348
2023,4,21,0,0,17.2,178,178,0,6.1000000000000005,48.09,77.42,0.9,1.6,354
2023,4,21,1,0,14.200000000000001,0,0,0,2.8000000000000003,46.24,89.14,0.8,1.9000000000000001,356
2023,4,21,2,0,14,0,0,0,-0.1,38.11,101.15,0.6000000000000001,3.1,354
2023,4,21,3,0,13.3,0,0,0,-0.9,37.61,111.93,0.6000000000000001,3.5,2
2023,4,21,4,0,11.9,0,0,0,-0.4,42.57,121.33,0.6000000000000001,3.6,26
2023,4,21,5,0,11.100000000000001,0,0,0,0,46.37,128.55,0.6000000000000001,3.8000000000000003,41
2023,4,21,6,0,10.3,0,0,0,0.7000000000000001,51.31,132.51,0.7000000000000001,3.8000000000000003,46
2023,4,21,7,0,9.700000000000001,0,0,0,1.1,55,132.4,0.7000000000000001,3.8000000000000003,41
2023,4,21,8,0,9.3,0,0,0,1.2000000000000002,56.97,128.23,0.8,3.7,37
2023,4,21,9,0,9,0,0,0,1.2000000000000002,58.11,120.88,0.8,3.5,31
2023,4,21,10,0,9,0,0,3,1.1,57.65,111.38,0.8,3.4000000000000004,23
2023,4,21,11,0,9,0,0,7,1,57.17,100.54,0.8,3.1,17
2023,4,21,12,0,9.600000000000001,15,7,7,0.8,54.17,88.56,0.8,3.1,13
2023,4,21,13,0,11,190,82,7,0.4,48.120000000000005,76.75,0.8,3.6,10
2023,4,21,14,0,13.3,415,415,0,1,42.93,64.53,0.8,3.8000000000000003,8
2023,4,21,15,0,17.3,632,444,8,-1.4000000000000001,28.01,52.410000000000004,0.8,4.7,13
2023,4,21,16,0,19.400000000000002,816,816,0,-1.9000000000000001,23.6,40.84,0.7000000000000001,4.3,18
2023,4,21,17,0,20.5,944,944,0,-1.2000000000000002,23.2,30.71,0.7000000000000001,3.3000000000000003,15
2023,4,21,18,0,21.3,1005,1005,0,-0.6000000000000001,23.19,24.14,0.8,2.6,2
2023,4,21,19,0,21.700000000000003,1002,711,7,-0.2,23.26,24.32,0.8,2.3000000000000003,341
2023,4,21,20,0,21.900000000000002,929,797,7,-0.2,23,31.12,0.9,2.3000000000000003,326
2023,4,21,21,0,21.6,797,703,8,-0.5,22.95,41.35,0.9,2.5,319
2023,4,21,22,0,21,614,614,0,-0.9,23,52.95,1,2.2,320
2023,4,21,23,0,20.1,402,402,0,0.1,26.14,65.07000000000001,1,1.5,320
2023,4,22,0,0,18.400000000000002,181,181,0,4.3,39.39,77.27,1,0.4,30
2023,4,22,1,0,15.600000000000001,0,0,0,2.1,40.2,89,1,1,110
2023,4,22,2,0,13.4,0,0,0,2.5,47.72,100.97,1,1.2000000000000002,122
2023,4,22,3,0,11.9,0,0,0,2.4000000000000004,52.08,111.72,1,1.3,126
2023,4,22,4,0,10.9,0,0,0,2.1,54.71,121.08,1,1.4000000000000001,126
2023,4,22,5,0,10.100000000000001,0,0,0,2.1,57.550000000000004,128.25,1,1.4000000000000001,123
2023,4,22,6,0,9.5,0,0,0,2.2,60.43,132.19,1,1.4000000000000001,118
2023,4,22,7,0,8.9,0,0,3,2.5,64.23,132.06,1.1,1.3,109
2023,4,22,8,0,8.700000000000001,0,0,0,3,67.42,127.9,1.1,1.3,91
2023,4,22,9,0,8.700000000000001,0,0,7,3.7,70.91,120.57000000000001,1.2000000000000002,1.5,65
2023,4,22,10,0,8.700000000000001,0,0,7,4,72.44,111.10000000000001,1.2000000000000002,2.4000000000000004,39
2023,4,22,11,0,8.3,0,0,7,3.9000000000000004,73.57000000000001,100.29,1.2000000000000002,3.5,27
2023,4,22,12,0,8.1,16,8,7,2.8000000000000003,69.24,88.34,1.3,4.5,22
2023,4,22,13,0,8.6,188,81,8,-0.30000000000000004,53.42,76.52,1.3,6.2,30
2023,4,22,14,0,9.700000000000001,407,286,5,-2.9000000000000004,41.07,64.31,1.3,6.7,35
2023,4,22,15,0,10.9,616,302,8,-3.4000000000000004,36.44,52.18,1.3,6.5,35
2023,4,22,16,0,12.200000000000001,789,503,8,-3.1,34.300000000000004,40.58,1.4000000000000001,6.1000000000000005,33
2023,4,22,17,0,13.4,913,681,7,-2.6,33.01,30.41,1.4000000000000001,5.7,31
2023,4,22,18,0,14.200000000000001,971,414,5,-2,32.62,23.8,1.5,5.2,28
2023,4,22,19,0,14.700000000000001,965,525,8,-1.5,32.88,24.01,1.5,4.9,25
2023,4,22,20,0,14.5,891,463,8,-1,34.4,30.89,1.6,4.5,22
2023,4,22,21,0,13.4,761,140,7,-0.6000000000000001,38.18,41.160000000000004,1.7000000000000002,4.2,19
2023,4,22,22,0,12,585,132,7,0.1,43.88,52.800000000000004,1.7000000000000002,4.2,18
2023,4,22,23,0,10.600000000000001,376,47,7,0.7000000000000001,50.28,64.93,1.8,4.1000000000000005,17
2023,4,23,0,0,9.4,165,4,7,1.1,56.08,77.12,1.8,3.5,18
2023,4,23,1,0,8.3,10,4,7,1.8,63.45,88.85000000000001,1.7000000000000002,2.6,22
2023,4,23,2,0,7.6000000000000005,0,0,4,2.4000000000000004,69.47,100.79,1.7000000000000002,1.7000000000000002,29
2023,4,23,3,0,7.2,0,0,5,2.3000000000000003,70.81,111.51,1.6,1.1,34
2023,4,23,4,0,6.800000000000001,0,0,4,1.6,69.63,120.84,1.5,0.9,31
2023,4,23,5,0,6.6000000000000005,0,0,7,1.3,69.10000000000001,127.96000000000001,1.4000000000000001,0.8,23
2023,4,23,6,0,6.2,0,0,5,1.3,70.65,131.86,1.4000000000000001,0.8,14
2023,4,23,7,0,5.9,0,0,5,1.2000000000000002,71.73,131.72,1.3,0.8,13
2023,4,23,8,0,5.5,0,0,5,0.8,71.76,127.58,1.3,0.9,7
2023,4,23,9,0,5.4,0,0,0,0.6000000000000001,71.19,120.27,1.2000000000000002,1,1
2023,4,23,10,0,5.2,0,0,8,0.4,70.92,110.83,1.2000000000000002,1.1,357
2023,4,23,11,0,5,0,0,5,0.1,70.60000000000001,100.04,1.1,1.2000000000000002,354
2023,4,23,12,0,5.6000000000000005,17,17,0,0,67.43,88.12,1.1,1.5,353
2023,4,23,13,0,7.1000000000000005,193,157,8,-0.8,57.17,76.3,1,1.5,340
2023,4,23,14,0,10.100000000000001,415,327,2,-2,42.910000000000004,64.08,1,1.1,103
2023,4,23,15,0,13,629,629,0,-2.8000000000000003,33.39,51.95,0.9,2.4000000000000004,100
2023,4,23,16,0,15,806,806,0,-2.8000000000000003,29.32,40.33,0.9,2.8000000000000003,89
2023,4,23,17,0,16.3,931,931,0,-2.4000000000000004,27.73,30.12,0.9,2.8000000000000003,87
2023,4,23,18,0,17.3,997,997,0,-1.9000000000000001,26.990000000000002,23.47,0.9,2.7,87
2023,4,23,19,0,17.900000000000002,992,992,0,-1.4000000000000001,26.88,23.7,1,2.4000000000000004,89
2023,4,23,20,0,18.2,924,924,0,-1.2000000000000002,26.94,30.650000000000002,1,2.2,91
2023,4,23,21,0,18.1,796,796,0,-1,27.32,40.980000000000004,1,2,93
2023,4,23,22,0,17.6,615,615,0,-1,28.23,52.64,1.1,2,99
2023,4,23,23,0,16.7,402,402,0,-0.9,30.240000000000002,64.78,1.1,2,106
2023,4,24,0,0,14,181,181,0,3.7,50,76.98,1.1,1.1,113
2023,4,24,1,0,10.600000000000001,13,9,8,2.8000000000000003,58.58,88.71000000000001,1.1,1.2000000000000002,122
2023,4,24,2,0,9.600000000000001,0,0,3,2.4000000000000004,60.79,100.61,1.1,1.4000000000000001,132
2023,4,24,3,0,8.9,0,0,0,2.3000000000000003,63.5,111.3,1.1,1.5,144
2023,4,24,4,0,8.200000000000001,0,0,0,2.5,67.12,120.59,1.1,1.5,153
2023,4,24,5,0,7.6000000000000005,0,0,0,2.6,70.61,127.67,1.1,1.5,159
2023,4,24,6,0,7,0,0,0,2.7,74.04,131.54,1.1,1.4000000000000001,167
2023,4,24,7,0,6.5,0,0,0,2.7,76.93,131.39000000000001,1.1,1.3,175
2023,4,24,8,0,5.800000000000001,0,0,0,2.9000000000000004,81.36,127.26,1.1,1.2000000000000002,185
2023,4,24,9,0,5,0,0,7,3,86.85000000000001,119.98,1.1,1.1,191
2023,4,24,10,0,4.7,0,0,0,3.1,89.32000000000001,110.56,1,1,191
2023,4,24,11,0,4.7,0,0,8,3.2,89.99,99.79,1.1,0.9,185
2023,4,24,12,0,6,19,7,4,3.6,84.7,87.91,1.1,0.8,183
2023,4,24,13,0,8.9,194,124,3,3.6,69.33,76.08,1.2000000000000002,1.9000000000000001,178
2023,4,24,14,0,12.3,413,413,0,2.9000000000000004,52.67,63.870000000000005,1.3,3.3000000000000003,163
2023,4,24,15,0,15.100000000000001,623,623,0,1.7000000000000002,40.37,51.72,1.3,4.6000000000000005,155
2023,4,24,16,0,16.8,795,579,5,1.7000000000000002,36.28,40.08,1.4000000000000001,4.9,156
2023,4,24,17,0,18.1,913,631,4,2.2,34.53,29.830000000000002,1.5,4.800000000000001,159
2023,4,24,18,0,19,966,776,3,2.8000000000000003,33.94,23.14,1.6,4.7,157
2023,4,24,19,0,19.6,958,244,4,3.3000000000000003,34.08,23.400000000000002,1.7000000000000002,4.7,155
2023,4,24,20,0,19.3,884,284,7,3.8000000000000003,35.84,30.42,1.9000000000000001,4.7,157
2023,4,24,21,0,18.400000000000002,755,315,7,4.2,39.02,40.81,2.1,4.6000000000000005,155
2023,4,24,22,0,17.400000000000002,580,114,6,4.800000000000001,43.25,52.49,2.2,4.3,156
2023,4,24,23,0,15.3,374,94,7,6.300000000000001,54.92,64.64,2.4000000000000004,3.5,155
2023,4,25,0,0,13.5,165,4,6,7.6000000000000005,67.72,76.83,2.3000000000000003,2.2,133
2023,4,25,1,0,12.5,11,4,7,8.1,74.35000000000001,88.57000000000001,2.3000000000000003,1.8,117
2023,4,25,2,0,12.100000000000001,0,0,4,7.9,75.57000000000001,100.43,2.2,2.4000000000000004,112
2023,4,25,3,0,12,0,0,7,7.800000000000001,75.28,111.09,2.1,3,119
2023,4,25,4,0,11.8,0,0,8,7.9,76.99,120.34,2.2,3,127
2023,4,25,5,0,11.8,0,0,4,8.200000000000001,78.52,127.39,2.2,3.1,131
2023,4,25,6,0,11.8,0,0,4,8.5,80.29,131.22,2.3000000000000003,3.3000000000000003,134
2023,4,25,7,0,11.8,0,0,5,8.9,82.51,131.05,2.4000000000000004,3.5,135
2023,4,25,8,0,11.700000000000001,0,0,4,9.3,85.47,126.94,2.4000000000000004,3.6,135
2023,4,25,9,0,11.5,0,0,4,9.700000000000001,88.85000000000001,119.69,2.5,3.5,135
2023,4,25,10,0,11.100000000000001,0,0,7,9.9,92.48,110.3,2.6,3.4000000000000004,134
2023,4,25,11,0,10.8,0,0,6,9.9,94.13,99.55,2.6,3.5,131
2023,4,25,12,0,10.700000000000001,15,7,7,9.8,93.98,87.7,2.6,3.7,128
2023,4,25,13,0,10.8,173,4,8,9.600000000000001,92.57000000000001,75.87,2.6,4.1000000000000005,127
2023,4,25,14,0,11.100000000000001,381,10,7,9.4,89.02,63.65,2.6,4.5,129
2023,4,25,15,0,11.5,578,31,9,9,84.84,51.5,2.7,4.9,134
2023,4,25,16,0,11.8,747,42,8,8.9,82.67,39.84,2.8000000000000003,5,138
2023,4,25,17,0,12.600000000000001,870,38,8,9.3,80.23,29.55,2.8000000000000003,4.9,141
2023,4,25,18,0,13.3,930,346,8,9.700000000000001,79.05,22.81,2.8000000000000003,4.5,142
2023,4,25,19,0,13.600000000000001,925,170,8,10.100000000000001,79.44,23.1,2.8000000000000003,4.1000000000000005,139
2023,4,25,20,0,13.700000000000001,858,189,6,10.4,80.68,30.2,2.8000000000000003,4,133
2023,4,25,21,0,13.700000000000001,730,145,6,10.700000000000001,82,40.63,2.8000000000000003,4,127
2023,4,25,22,0,13.5,560,217,8,10.8,83.60000000000001,52.34,2.8000000000000003,4,122
2023,4,25,23,0,12.9,361,41,8,10.9,87.51,64.5,2.8000000000000003,3.6,114
2023,4,26,0,0,12,158,4,7,10.9,92.96000000000001,76.69,2.8000000000000003,3.1,95
2023,4,26,1,0,11.200000000000001,9,3,3,10.700000000000001,96.62,88.43,2.7,3.3000000000000003,81
2023,4,26,2,0,10.700000000000001,0,0,4,10.3,97.65,100.25,2.6,3.7,80
2023,4,26,3,0,10.5,0,0,7,10.100000000000001,97.22,110.88,2.5,3.9000000000000004,83
2023,4,26,4,0,10.3,0,0,8,10,97.7,120.10000000000001,2.5,4,90
2023,4,26,5,0,10.200000000000001,0,0,7,9.9,97.92,127.10000000000001,2.5,3.7,94
2023,4,26,6,0,10.100000000000001,0,0,6,9.8,98.05,130.9,2.5,3.6,92
2023,4,26,7,0,10,0,0,6,9.600000000000001,97.57000000000001,130.73,2.4000000000000004,3.9000000000000004,93
2023,4,26,8,0,9.8,0,0,6,9.5,98.12,126.62,2.4000000000000004,3.7,96
2023,4,26,9,0,9.700000000000001,0,0,6,9.5,98.59,119.4,2.5,3.7,97
2023,4,26,10,0,9.8,0,0,8,9.5,98.09,110.03,2.6,3.8000000000000003,102
2023,4,26,11,0,9.8,0,0,6,9.5,98.29,99.31,2.7,3.8000000000000003,103
2023,4,26,12,0,9.9,16,5,6,9.600000000000001,97.7,87.5,2.7,4.4,108
2023,4,26,13,0,10.200000000000001,174,8,9,9.700000000000001,96.46000000000001,75.65,2.9000000000000004,5.1000000000000005,112
2023,4,26,14,0,10.8,379,11,9,9.8,93.63,63.440000000000005,2.9000000000000004,5.9,118
2023,4,26,15,0,11.700000000000001,579,15,9,10,89.53,51.28,2.9000000000000004,6.300000000000001,123
2023,4,26,16,0,12.700000000000001,749,38,9,10.4,85.77,39.6,2.9000000000000004,5.9,126
2023,4,26,17,0,13.8,873,47,9,10.9,82.57000000000001,29.27,2.8000000000000003,5.300000000000001,128
2023,4,26,18,0,14.600000000000001,938,635,7,11.4,81.08,22.490000000000002,2.8000000000000003,4.800000000000001,128
2023,4,26,19,0,14.9,937,460,5,11.8,81.58,22.8,2.8000000000000003,4.4,127
2023,4,26,20,0,15.200000000000001,873,120,5,12.100000000000001,81.95,29.97,2.7,4.2,126
2023,4,26,21,0,15.200000000000001,751,146,4,12.4,83.58,40.46,2.6,4,126
2023,4,26,22,0,15.100000000000001,581,121,8,12.700000000000001,85.68,52.19,2.5,3.8000000000000003,121
2023,4,26,23,0,14.600000000000001,376,16,4,13,89.87,64.36,2.6,3.8000000000000003,119
2023,4,27,0,0,13.700000000000001,167,7,3,13.200000000000001,96.7,76.54,2.9000000000000004,2,109
2023,4,27,1,0,12.700000000000001,13,3,3,12.700000000000001,100,88.28,3,0.9,91
2023,4,27,2,0,12.3,0,0,3,12.3,100,100.07000000000001,2.8000000000000003,0.6000000000000001,51
2023,4,27,3,0,12.3,0,0,4,12.3,100,110.67,2.5,0.7000000000000001,75
2023,4,27,4,0,12.200000000000001,0,0,3,12.200000000000001,99.72,119.86,2.3000000000000003,0.6000000000000001,83
2023,4,27,5,0,12,0,0,4,12,99.97,126.82000000000001,2.2,0.4,300
2023,4,27,6,0,11.700000000000001,0,0,4,11.700000000000001,100,130.59,2.2,0.7000000000000001,298
2023,4,27,7,0,11.4,0,0,3,11.4,100,130.4,2.2,0.7000000000000001,301
2023,4,27,8,0,11.3,0,0,3,11.3,99.87,126.31,2.3000000000000003,0.8,310
2023,4,27,9,0,10.9,0,0,3,10.9,100,119.11,2.3000000000000003,1.1,319
2023,4,27,10,0,10.600000000000001,0,0,5,10.5,99.53,109.78,2.3000000000000003,1.8,325
2023,4,27,11,0,10.200000000000001,0,0,7,10.200000000000001,99.67,99.07000000000001,2.2,2.3000000000000003,331
2023,4,27,12,0,10.3,24,9,4,10.200000000000001,99.47,87.29,2.2,2.9000000000000004,337
2023,4,27,13,0,11.3,196,18,3,10.9,97.23,75.45,2.2,3.3000000000000003,341
2023,4,27,14,0,12.700000000000001,410,59,3,11.5,92.68,63.24,2.2,3.6,350
2023,4,27,15,0,13.9,615,185,3,11.700000000000001,86.33,51.07,2.2,3.3000000000000003,351
2023,4,27,16,0,14.4,786,90,4,11.5,82.82000000000001,39.37,2.2,2.9000000000000004,341
2023,4,27,17,0,14.9,909,209,3,11.4,79.76,29,2.2,2.8000000000000003,326
2023,4,27,18,0,15.4,974,237,3,11.3,76.48,22.17,2.1,3,314
2023,4,27,19,0,15.9,974,345,3,11.100000000000001,73.31,22.51,2,3.2,309
2023,4,27,20,0,16.5,908,175,3,11,69.87,29.76,1.9000000000000001,3.3000000000000003,306
2023,4,27,21,0,16.8,777,220,3,10.8,67.8,40.29,1.8,3.3000000000000003,305
2023,4,27,22,0,16.8,604,77,3,10.700000000000001,67.12,52.050000000000004,1.7000000000000002,3.1,305
2023,4,27,23,0,16.3,396,44,3,10.5,68.68,64.22,1.7000000000000002,2.7,307
2023,4,28,0,0,14.8,182,20,3,11.700000000000001,81.64,76.4,1.7000000000000002,1,319
2023,4,28,1,0,13,16,5,3,10.3,83.67,88.14,1.7000000000000002,0.8,5
2023,4,28,2,0,12.4,0,0,3,9.9,84.47,99.89,1.6,0.8,62
2023,4,28,3,0,11.200000000000001,0,0,0,9.700000000000001,90.74,110.47,1.6,1,90
2023,4,28,4,0,10.200000000000001,0,0,0,9.700000000000001,96.67,119.61,1.5,1,107
2023,4,28,5,0,9.200000000000001,0,0,0,9.200000000000001,100,126.54,1.5,1.1,126
2023,4,28,6,0,8.4,0,0,0,8.4,100,130.28,1.5,1.1,142
2023,4,28,7,0,8.1,0,0,0,8.1,100,130.08,1.6,1.1,153
2023,4,28,8,0,7.800000000000001,0,0,0,7.800000000000001,100,126.01,1.7000000000000002,1,157
2023,4,28,9,0,8.200000000000001,0,0,0,8.200000000000001,100,118.83,1.8,0.8,144
2023,4,28,10,0,8.700000000000001,0,0,7,8.700000000000001,100,109.52,1.9000000000000001,0.7000000000000001,111
2023,4,28,11,0,8.700000000000001,0,0,5,8.700000000000001,100,98.84,1.9000000000000001,0.6000000000000001,94
2023,4,28,12,0,9.4,25,6,4,9.4,100,87.09,2,0.8,52
2023,4,28,13,0,11.200000000000001,197,177,7,10,92.32000000000001,75.24,2.1,1.7000000000000002,20
2023,4,28,14,0,13.9,408,185,6,10.3,78.7,63.04,2.1,2.5,6
2023,4,28,15,0,15.5,607,498,7,10.4,71.58,50.870000000000005,2.2,3,4
2023,4,28,16,0,16.6,776,255,7,10.5,67.46000000000001,39.14,2.2,3.2,9
2023,4,28,17,0,17.400000000000002,893,195,6,10.700000000000001,64.57000000000001,28.73,2.3000000000000003,3.4000000000000004,8
2023,4,28,18,0,17.6,953,230,6,10.700000000000001,63.78,21.86,2.3000000000000003,3.7,0
2023,4,28,19,0,16.6,945,346,8,10.4,66.95,22.22,2.4000000000000004,4.3,350
2023,4,28,20,0,14.9,874,113,4,10.100000000000001,72.85000000000001,29.54,2.4000000000000004,5,342
2023,4,28,21,0,13.3,747,55,7,9.3,76.81,40.12,2.4000000000000004,5.7,339
2023,4,28,22,0,12.3,580,69,4,8.200000000000001,75.86,51.9,2.3000000000000003,6.2,342
2023,4,28,23,0,11.700000000000001,385,178,4,7,73.10000000000001,64.08,2.2,6.300000000000001,344
2023,4,29,0,0,10.4,181,7,4,6.2,75.43,76.25,2,6.1000000000000005,342
2023,4,29,1,0,8.9,18,2,4,5.9,81.66,87.99,1.9000000000000001,5.4,341
2023,4,29,2,0,8.3,0,0,5,6,85.21000000000001,99.72,1.9000000000000001,4.7,346
2023,4,29,3,0,8.1,0,0,7,6,86.85000000000001,110.26,2,4.2,347
2023,4,29,4,0,8.1,0,0,7,6.2,87.82000000000001,119.37,2,4.3,346
2023,4,29,5,0,8.200000000000001,0,0,4,6.4,88.26,126.26,2,4.5,343
2023,4,29,6,0,8.3,0,0,8,6.4,87.91,129.97,1.9000000000000001,4.7,343
2023,4,29,7,0,8.3,0,0,3,6.300000000000001,87.42,129.77,1.9000000000000001,4.7,343
2023,4,29,8,0,8.1,0,0,0,6.1000000000000005,87.23,125.71000000000001,1.9000000000000001,4.7,345
2023,4,29,9,0,7.6000000000000005,0,0,0,5.9,88.87,118.56,1.8,4.4,344
2023,4,29,10,0,6.800000000000001,0,0,1,5.6000000000000005,92.14,109.27,1.7000000000000002,3.9000000000000004,337
2023,4,29,11,0,6.1000000000000005,0,0,0,5.2,93.75,98.62,1.6,3.7,333
2023,4,29,12,0,6.300000000000001,31,31,0,4.800000000000001,90.09,86.88,1.5,3.9000000000000004,330
2023,4,29,13,0,8.6,217,217,0,4.3,74.42,75.04,1.3,4.2,332
2023,4,29,14,0,12.100000000000001,443,443,0,3.4000000000000004,55.13,62.84,1,5.2,345
2023,4,29,15,0,15,657,657,0,2.3000000000000003,42.42,50.660000000000004,0.9,5.6000000000000005,354
2023,4,29,16,0,16.7,836,836,0,2.2,37.63,38.92,0.8,5.4,351
2023,4,29,17,0,17.900000000000002,962,962,0,2.4000000000000004,35.5,28.47,0.8,5,343
2023,4,29,18,0,18.900000000000002,1022,1022,0,2.8000000000000003,34.26,21.55,0.9,4.6000000000000005,337
2023,4,29,19,0,19.6,1014,1014,0,3.5,34.4,21.93,1,4.3,332
2023,4,29,20,0,20.1,938,938,0,4.4,35.56,29.330000000000002,1.2000000000000002,4.1000000000000005,328
2023,4,29,21,0,20.400000000000002,805,805,0,5.300000000000001,37.24,39.95,1.4000000000000001,3.8000000000000003,325
2023,4,29,22,0,20.5,626,626,0,5.9,38.49,51.76,1.5,3.5,322
2023,4,29,23,0,20,417,417,0,7.6000000000000005,44.83,63.940000000000005,1.5,2.3000000000000003,318
2023,4,30,0,0,17.7,198,198,0,11.600000000000001,67.53,76.11,1.5,0.8,287
2023,4,30,1,0,14.8,21,21,0,8.1,64.16,87.85000000000001,1.5,1.2000000000000002,245
2023,4,30,2,0,13.4,0,0,0,7.800000000000001,68.89,99.54,1.6,1.4000000000000001,236
2023,4,30,3,0,12.8,0,0,0,7.6000000000000005,70.55,110.06,1.6,1.6,244
2023,4,30,4,0,12.4,0,0,0,7.4,71.67,119.14,1.6,1.7000000000000002,262
2023,4,30,5,0,12,0,0,0,7.300000000000001,72.73,125.99000000000001,1.5,1.9000000000000001,290
2023,4,30,6,0,11.3,0,0,0,6.800000000000001,73.83,129.67000000000002,1.4000000000000001,2,321
2023,4,30,7,0,10.200000000000001,0,0,0,6,75.33,129.46,1.3,1.8,346
2023,4,30,8,0,9.3,0,0,0,5.1000000000000005,75.21000000000001,125.41,1.3,1.8,1
2023,4,30,9,0,8.5,0,0,0,4.3,75.13,118.29,1.4000000000000001,1.9000000000000001,3
2023,4,30,10,0,8,0,0,0,3.9000000000000004,75.41,109.03,1.6,1.8,1
2023,4,30,11,0,7.9,0,0,0,3.8000000000000003,75.39,98.39,1.6,1.8,1
2023,4,30,12,0,9.4,32,20,5,3.9000000000000004,68.5,86.69,1.5,2.5,0
2023,4,30,13,0,12,215,215,0,4.3,59.160000000000004,74.85000000000001,1.5,3.1,1
2023,4,30,14,0,15.4,431,218,8,6.1000000000000005,53.84,62.65,1.6,2.7,2
2023,4,30,15,0,18.8,636,501,8,3.4000000000000004,36.09,50.46,1.6,4.7,16
2023,4,30,16,0,19.6,806,680,8,3.2,33.83,38.7,1.7000000000000002,5,16
2023,4,30,17,0,20,926,926,0,4,34.71,28.21,1.8,5.1000000000000005,13
2023,4,30,18,0,20.400000000000002,989,763,3,4.6000000000000005,35.4,21.240000000000002,1.9000000000000001,5.1000000000000005,9
2023,4,30,19,0,20.6,986,986,0,5,35.97,21.650000000000002,1.9000000000000001,4.9,4
2023,4,30,20,0,20.700000000000003,917,917,0,5.1000000000000005,36.02,29.12,1.9000000000000001,4.6000000000000005,358
2023,4,30,21,0,20.400000000000002,791,791,0,4.7,35.78,39.79,1.9000000000000001,4.3,353
2023,4,30,22,0,19.8,619,619,0,4.1000000000000005,35.43,51.61,1.8,3.9000000000000004,352
2023,4,30,23,0,18.7,413,413,0,4.6000000000000005,39.4,63.800000000000004,1.7000000000000002,3.1,356
2023,5,1,0,0,16.1,197,197,0,7.4,56.44,75.97,1.5,1.6,3
2023,5,1,1,0,13.5,22,14,3,6.300000000000001,61.75,87.7,1.4000000000000001,1.4000000000000001,12
2023,5,1,2,0,12.5,0,0,7,5.1000000000000005,60.7,99.37,1.3,1.6,22
2023,5,1,3,0,11.700000000000001,0,0,0,4.1000000000000005,59.52,109.86,1.2000000000000002,1.7000000000000002,27
2023,5,1,4,0,10.3,0,0,3,3.2,61.53,118.9,1.1,1.7000000000000002,31
2023,5,1,5,0,8.8,0,0,0,2.5,64.62,125.72,1.1,1.5,35
2023,5,1,6,0,7.9,0,0,0,2,66.07000000000001,129.37,1.1,1.3,38
2023,5,1,7,0,7.300000000000001,0,0,0,1.5,66.56,129.15,1.2000000000000002,1.2000000000000002,36
2023,5,1,8,0,7.300000000000001,0,0,0,1.5,66.53,125.12,1.3,1.2000000000000002,32
2023,5,1,9,0,7.5,0,0,0,1.7000000000000002,66.74,118.02,1.4000000000000001,1.1,29
2023,5,1,10,0,7.4,0,0,0,1.5,66.22,108.79,1.5,1,26
2023,5,1,11,0,7.300000000000001,0,0,0,0.8,63.35,98.17,1.5,1,25
2023,5,1,12,0,8.5,35,35,0,2.9000000000000004,67.79,86.49,1.4000000000000001,0.8,25
2023,5,1,13,0,10.9,222,222,0,-0.30000000000000004,45.9,74.66,1.4000000000000001,1.2000000000000002,22
2023,5,1,14,0,13.8,442,442,0,0.9,41.52,62.46,1.4000000000000001,0.7000000000000001,52
2023,5,1,15,0,17.2,649,649,0,-0.5,30.18,50.27,1.4000000000000001,1.6,52
2023,5,1,16,0,18.7,821,821,0,0.5,29.38,38.49,1.4000000000000001,1.9000000000000001,27
2023,5,1,17,0,19.8,941,941,0,1.5,29.62,27.96,1.5,1.9000000000000001,13
2023,5,1,18,0,20.8,1003,1003,0,2.5,29.900000000000002,20.94,1.5,1.9000000000000001,2
2023,5,1,19,0,21.5,999,999,0,3.3000000000000003,30.32,21.37,1.5,1.9000000000000001,354
2023,5,1,20,0,21.8,931,931,0,3.9000000000000004,30.990000000000002,28.91,1.5,1.9000000000000001,344
2023,5,1,21,0,21.900000000000002,804,804,0,4.3,31.63,39.63,1.5,1.9000000000000001,340
2023,5,1,22,0,21.5,627,627,0,4.5,32.980000000000004,51.47,1.5,1.7000000000000002,344
2023,5,1,23,0,20.700000000000003,420,420,0,5.300000000000001,36.51,63.67,1.4000000000000001,1.3,2
2023,5,2,0,0,18.5,202,202,0,9.8,57.06,75.83,1.4000000000000001,0.7000000000000001,44
2023,5,2,1,0,16,23,23,0,6.300000000000001,52.660000000000004,87.56,1.4000000000000001,1.1,76
2023,5,2,2,0,14.700000000000001,0,0,0,5.7,54.95,99.19,1.3,1.2000000000000002,97
2023,5,2,3,0,13.700000000000001,0,0,0,5.4,57.300000000000004,109.66,1.3,1.2000000000000002,114
2023,5,2,4,0,12.8,0,0,0,5.1000000000000005,59.64,118.67,1.3,1.2000000000000002,125
2023,5,2,5,0,12.100000000000001,0,0,3,4.9,61.42,125.45,1.3,1.2000000000000002,127
2023,5,2,6,0,11.600000000000001,0,0,3,4.6000000000000005,62.27,129.07,1.4000000000000001,1.2000000000000002,126
2023,5,2,7,0,11.4,0,0,0,4.3,61.78,128.85,1.5,1.2000000000000002,129
2023,5,2,8,0,11.5,0,0,1,4,60,124.83,1.6,1.1,131
2023,5,2,9,0,11.8,0,0,0,3.6,57.160000000000004,117.76,1.7000000000000002,0.9,126
2023,5,2,10,0,12.100000000000001,0,0,0,3.2,54.63,108.55,1.8,0.7000000000000001,113
2023,5,2,11,0,11.5,0,0,0,3.2,56.78,97.96000000000001,1.9000000000000001,0.8,80
2023,5,2,12,0,11.3,37,37,0,6,70.02,86.3,1.9000000000000001,0.9,48
2023,5,2,13,0,14,220,220,0,5.1000000000000005,54.870000000000005,74.47,2,2.4000000000000004,34
2023,5,2,14,0,16.8,434,434,0,5.2,46.410000000000004,62.28,2,2.7,43
2023,5,2,15,0,19.6,636,636,0,4.9,38.13,50.08,2,2.9000000000000004,57
2023,5,2,16,0,21.200000000000003,804,804,0,5.4,35.69,38.28,2.1,2.7,64
2023,5,2,17,0,22.3,922,922,0,6.1000000000000005,34.94,27.71,2.1,2.4000000000000004,70
2023,5,2,18,0,22.900000000000002,977,977,1,6.6000000000000005,34.83,20.650000000000002,2.2,2,68
2023,5,2,19,0,23.200000000000003,974,870,2,6.9,34.910000000000004,21.1,2.2,1.8,60
2023,5,2,20,0,23.200000000000003,905,905,0,7,35.2,28.71,2.3000000000000003,1.7000000000000002,49
2023,5,2,21,0,23,782,658,2,7.1000000000000005,36.06,39.47,2.2,1.7000000000000002,41
2023,5,2,22,0,22.6,609,544,7,7.800000000000001,38.53,51.33,2.2,1.6,43
2023,5,2,23,0,22,407,367,8,8.5,42.050000000000004,63.53,2.1,1.4000000000000001,51
2023,5,3,0,0,19.6,196,196,0,11.8,60.7,75.69,2,1,59
2023,5,3,1,0,16.900000000000002,23,23,1,9.1,60.160000000000004,87.42,1.9000000000000001,1.2000000000000002,65
2023,5,3,2,0,15.700000000000001,0,0,1,8.3,61.24,99.02,1.9000000000000001,1.3,71
2023,5,3,3,0,14.5,0,0,0,7.7,63.7,109.46000000000001,1.9000000000000001,1.3,73
2023,5,3,4,0,13.5,0,0,0,7.2,65.86,118.43,2,1.3,74
2023,5,3,5,0,12.700000000000001,0,0,0,6.800000000000001,67.53,125.18,2,1.3,73
2023,5,3,6,0,11.8,0,0,7,6.300000000000001,69.04,128.78,2,1.3,71
2023,5,3,7,0,10.8,0,0,7,5.7,70.79,128.55,2.1,1.3,68
2023,5,3,8,0,10,0,0,7,5.4,73.10000000000001,124.55,2.1,1.2000000000000002,64
2023,5,3,9,0,9.600000000000001,0,0,7,5.1000000000000005,73.57000000000001,117.5,2.1,1.2000000000000002,64
2023,5,3,10,0,9.3,0,0,7,4.7,72.83,108.32000000000001,2.1,1.2000000000000002,69
2023,5,3,11,0,9,0,0,7,4,71.14,97.75,2,1.2000000000000002,78
2023,5,3,12,0,10.600000000000001,36,28,7,5.1000000000000005,68.69,86.12,2,1.4000000000000001,89
2023,5,3,13,0,13.100000000000001,213,5,9,3.6,52.39,74.29,2.1,2.3000000000000003,96
2023,5,3,14,0,15.5,422,21,6,5.2,50.38,62.1,2.1,1.6,90
2023,5,3,15,0,19.3,618,135,6,3.6,35.38,49.9,2.3000000000000003,1.6,105
2023,5,3,16,0,20.900000000000002,779,162,6,3.8000000000000003,32.38,38.08,2.5,1.2000000000000002,101
2023,5,3,17,0,21.1,893,323,6,5.7,36.550000000000004,27.47,2.6,1.1,77
2023,5,3,18,0,21,953,207,6,7.4,41.38,20.36,2.8000000000000003,1.1,70
2023,5,3,19,0,20.400000000000002,946,360,6,8.8,47.39,20.830000000000002,2.9000000000000004,1.2000000000000002,67
2023,5,3,20,0,19.700000000000003,877,335,6,10.100000000000001,53.72,28.51,3.1,1.4000000000000001,73
2023,5,3,21,0,19.200000000000003,756,509,7,11.100000000000001,59.550000000000004,39.31,3.1,1.6,87
2023,5,3,22,0,19.3,590,457,3,11.600000000000001,60.84,51.19,3.1,1.8,105
2023,5,3,23,0,19.700000000000003,394,394,0,11.8,60.51,63.4,3,1.8,121
2023,5,4,0,0,18.400000000000002,190,190,0,13.9,75.16,75.55,2.9000000000000004,1,117
2023,5,4,1,0,16,24,24,0,12.200000000000001,78.26,87.27,2.8000000000000003,1,108
2023,5,4,2,0,15.100000000000001,0,0,8,11.5,79.33,98.85000000000001,2.8000000000000003,1.1,102
2023,5,4,3,0,14.4,0,0,7,11.100000000000001,80.82000000000001,109.26,2.7,1.2000000000000002,106
2023,5,4,4,0,13.9,0,0,7,10.700000000000001,81.17,118.2,2.6,1.4000000000000001,116
2023,5,4,5,0,13.600000000000001,0,0,6,10.4,80.8,124.92,2.7,1.5,130
2023,5,4,6,0,13.4,0,0,6,10.200000000000001,81.14,128.49,2.8000000000000003,1.7000000000000002,139
2023,5,4,7,0,13.3,0,0,8,10.3,81.82000000000001,128.26,2.8000000000000003,1.7000000000000002,144
2023,5,4,8,0,12.9,0,0,7,10.3,84.08,124.27,2.9000000000000004,1.8,150
2023,5,4,9,0,12.600000000000001,0,0,6,10.4,86.44,117.24000000000001,3,1.8,151
2023,5,4,10,0,12.600000000000001,0,0,6,10.700000000000001,88.4,108.09,3.1,1.9000000000000001,150
2023,5,4,11,0,12.600000000000001,0,0,9,11.100000000000001,90.69,97.54,3.1,2.1,145
2023,5,4,12,0,13.5,35,7,6,11.700000000000001,88.60000000000001,85.94,3.2,2.9000000000000004,145
2023,5,4,13,0,14.5,204,121,7,12.4,87,74.11,3.4000000000000004,3.1,149
2023,5,4,14,0,16.6,401,169,7,14.100000000000001,85.23,61.93,3.6,3.1,159
2023,5,4,15,0,18.3,588,77,6,15.9,85.89,49.72,3.8000000000000003,3.3000000000000003,164
2023,5,4,16,0,19.1,749,278,6,17,87.56,37.88,3.9000000000000004,3.8000000000000003,170
2023,5,4,17,0,19.700000000000003,872,196,6,17.2,85.43,27.240000000000002,3.8000000000000003,4.1000000000000005,168
2023,5,4,18,0,20.700000000000003,937,79,9,17.400000000000002,81.31,20.07,3.8000000000000003,4.5,170
2023,5,4,19,0,21.200000000000003,933,220,6,17.5,79.27,20.56,3.9000000000000004,4.7,176
2023,5,4,20,0,20.700000000000003,862,388,6,17.400000000000002,81.56,28.310000000000002,4,4.6000000000000005,176
2023,5,4,21,0,20,740,133,4,17.400000000000002,85.15,39.160000000000004,4,4.2,166
2023,5,4,22,0,19.8,577,77,4,17.400000000000002,86.27,51.050000000000004,3.9000000000000004,3.8000000000000003,157
2023,5,4,23,0,19.400000000000002,386,76,7,17.400000000000002,87.99,63.26,3.8000000000000003,3.1,148
2023,5,5,0,0,18.5,187,28,7,17.5,93.65,75.41,3.6,2.2,138
2023,5,5,1,0,17.3,24,14,7,17.1,99.01,87.13,3.5,2.1,134
2023,5,5,2,0,17,0,0,3,17,100,98.68,3.4000000000000004,2.7,137
2023,5,5,3,0,16.8,0,0,4,16.8,100,109.06,3.4000000000000004,2.7,141
2023,5,5,4,0,16.400000000000002,0,0,0,16.400000000000002,100,117.97,3.3000000000000003,2.6,151
2023,5,5,5,0,16,0,0,0,16,100,124.66,3.3000000000000003,2.5,155
2023,5,5,6,0,15.700000000000001,0,0,0,15.700000000000001,100,128.21,3.3000000000000003,2.5,152
2023,5,5,7,0,15.5,0,0,1,15.5,100,127.97,3.2,2.3000000000000003,149
2023,5,5,8,0,15.600000000000001,0,0,1,15.600000000000001,100,124,3.1,2.3000000000000003,155
2023,5,5,9,0,16.2,0,0,3,16.2,100,116.99000000000001,2.9000000000000004,2.8000000000000003,175
2023,5,5,10,0,16.3,0,0,5,16.3,100,107.87,2.8000000000000003,2.4000000000000004,180
2023,5,5,11,0,16.1,0,0,1,16.1,100,97.34,2.6,1.9000000000000001,180
2023,5,5,12,0,17.2,39,39,0,17.2,100,85.76,2.5,2.5,180
2023,5,5,13,0,18.900000000000002,221,23,3,18.400000000000002,97.02,73.94,2.2,3,184
2023,5,5,14,0,21.1,438,438,1,19.200000000000003,88.93,61.76,2,3.3000000000000003,197
2023,5,5,15,0,23.6,647,647,0,18.900000000000002,74.91,49.550000000000004,1.8,3.2,200
2023,5,5,16,0,25.8,822,822,0,18.400000000000002,63.59,37.69,1.6,3.1,204
2023,5,5,17,0,27.8,946,946,0,17.6,53.92,27.01,1.5,3.2,208
2023,5,5,18,0,29.5,1010,1010,0,16.900000000000002,46.6,19.79,1.4000000000000001,3.4000000000000004,215
2023,5,5,19,0,30.700000000000003,1008,1008,0,15.8,40.62,20.3,1.4000000000000001,3.7,224
2023,5,5,20,0,31.400000000000002,940,940,0,14.8,36.67,28.12,1.4000000000000001,3.9000000000000004,228
2023,5,5,21,0,31.5,811,811,0,14.8,36.29,39,1.5,3.6,227
2023,5,5,22,0,31,634,634,0,16.5,41.67,50.92,1.6,2.7,217
2023,5,5,23,0,29.700000000000003,427,427,0,17.1,46.76,63.13,1.6,2.3000000000000003,204
2023,5,6,0,0,25.8,210,210,0,19.200000000000003,66.88,75.28,1.6,1.5,183
2023,5,6,1,0,22.5,29,29,0,15.9,66.33,86.99,1.7000000000000002,1.7000000000000002,161
2023,5,6,2,0,22,0,0,0,16.2,69.57000000000001,98.51,2.1,2.3000000000000003,149
2023,5,6,3,0,22.5,0,0,0,18.900000000000002,80.03,108.87,2.7,3.5,150
2023,5,6,4,0,22.6,0,0,0,21.6,93.85000000000001,117.75,3.3000000000000003,4.2,156
2023,5,6,5,0,22.200000000000003,0,0,0,22.200000000000003,100,124.4,3.5,3.7,167
2023,5,6,6,0,22,0,0,0,22,100,127.93,3.6,3.5,180
2023,5,6,7,0,21.700000000000003,0,0,0,21.700000000000003,100,127.69,3.7,3.5,188
2023,5,6,8,0,21.5,0,0,0,21.5,100,123.73,3.6,3.6,187
2023,5,6,9,0,21.3,0,0,0,21.3,100,116.75,3,3.8000000000000003,185
2023,5,6,10,0,20.700000000000003,0,0,0,20.700000000000003,100,107.65,2.3000000000000003,3.8000000000000003,190
2023,5,6,11,0,19.900000000000002,0,0,0,19.900000000000002,100,97.15,1.8,3.6,197
2023,5,6,12,0,20.3,44,44,0,20,98.33,85.59,1.6,4.1000000000000005,203
2023,5,6,13,0,21.700000000000003,234,234,0,19,84.57000000000001,73.77,1.5,4.9,212
2023,5,6,14,0,23.700000000000003,453,453,0,17.400000000000002,67.8,61.59,1.4000000000000001,5.300000000000001,221
2023,5,6,15,0,25.8,659,659,0,16.3,55.78,49.38,1.4000000000000001,5.1000000000000005,221
2023,5,6,16,0,28,830,830,0,16,48.15,37.51,1.4000000000000001,4.7,219
2023,5,6,17,0,29.900000000000002,945,945,0,15.8,42.47,26.78,1.6,4.3,217
2023,5,6,18,0,31.3,1003,1003,0,15.700000000000001,39.1,19.51,1.7000000000000002,3.9000000000000004,217
2023,5,6,19,0,32,996,875,8,15.9,37.910000000000004,20.04,1.8,3.6,214
2023,5,6,20,0,32.2,923,780,7,16.3,38.44,27.92,2,3.4000000000000004,206
2023,5,6,21,0,31.900000000000002,794,667,7,16.900000000000002,40.71,38.85,2.1,3.4000000000000004,197
2023,5,6,22,0,31,616,521,7,18.400000000000002,47.2,50.79,2.4000000000000004,3.4000000000000004,186
2023,5,6,23,0,29.400000000000002,410,348,7,20.8,59.85,63,2.6,3.3000000000000003,175
2023,5,7,0,0,27,198,121,6,22,74.04,75.14,2.8000000000000003,3.3000000000000003,167
2023,5,7,1,0,24.900000000000002,28,18,9,22.200000000000003,84.72,86.85000000000001,2.8000000000000003,3.6,164
2023,5,7,2,0,23.700000000000003,0,0,9,22.3,91.65,98.34,2.8000000000000003,3.8000000000000003,164
2023,5,7,3,0,22.6,0,0,9,22.1,96.85000000000001,108.67,2.8000000000000003,3.4000000000000004,166
2023,5,7,4,0,22.3,0,0,9,22,98.15,117.52,3.3000000000000003,4.2,209
2023,5,7,5,0,22.5,0,0,9,21.900000000000002,96.23,124.15,3.2,4.6000000000000005,225
2023,5,7,6,0,22.3,0,0,7,21.400000000000002,94.59,127.65,3.3000000000000003,4.9,228
2023,5,7,7,0,22.200000000000003,0,0,7,20.6,90.79,127.41,3.3000000000000003,4.6000000000000005,213
2023,5,7,8,0,21.900000000000002,0,0,7,20.200000000000003,90.05,123.46000000000001,3,4.1000000000000005,184
2023,5,7,9,0,21.400000000000002,0,0,0,20.5,94.57000000000001,116.51,2.9000000000000004,3.8000000000000003,177
2023,5,7,10,0,21.1,0,0,0,21,99.31,107.43,3.3000000000000003,3.7,171
2023,5,7,11,0,20.900000000000002,0,0,1,20.900000000000002,100,96.95,3.3000000000000003,4,161
2023,5,7,12,0,21.1,40,40,1,20.8,98.2,85.42,2.9000000000000004,4.9,160
2023,5,7,13,0,22,215,215,1,20.6,91.52,73.61,2.6,5.7,173
2023,5,7,14,0,23.400000000000002,428,257,3,20.1,81.96000000000001,61.44,2.3000000000000003,6.300000000000001,188
2023,5,7,15,0,25.1,633,633,0,19.900000000000002,72.95,49.22,2.1,6.300000000000001,197
2023,5,7,16,0,26.6,804,804,1,20,67.18,37.33,2,6.2,200
2023,5,7,17,0,27.8,924,450,3,20.200000000000003,63.410000000000004,26.57,2,6,200
2023,5,7,18,0,28.900000000000002,984,984,1,20.200000000000003,59.52,19.240000000000002,2.1,5.9,200
2023,5,7,19,0,29.5,978,978,0,20.400000000000002,57.93,19.79,2.2,5.800000000000001,199
2023,5,7,20,0,29.8,910,910,0,20.5,57.31,27.740000000000002,2.3000000000000003,5.6000000000000005,198
2023,5,7,21,0,29.700000000000003,788,788,0,20.5,57.89,38.7,2.3000000000000003,5.6000000000000005,194
2023,5,7,22,0,29.200000000000003,616,616,0,20.5,59.550000000000004,50.65,2.3000000000000003,5.5,191
2023,5,7,23,0,28.200000000000003,413,275,6,20.6,63.56,62.870000000000005,2.3000000000000003,5.1000000000000005,188
2023,5,8,0,0,26.5,202,130,6,21,71.63,75.01,2.3000000000000003,4.3,184
2023,5,8,1,0,24.5,29,19,9,21.1,81.44,86.7,2.3000000000000003,3.6,180
2023,5,8,2,0,23.5,0,0,9,21.400000000000002,88.27,98.17,2.2,3.8000000000000003,179
2023,5,8,3,0,22.8,0,0,9,21.8,94.01,108.48,2.2,3.9000000000000004,180
2023,5,8,4,0,22.3,0,0,6,22,97.93,117.3,2.2,3.9000000000000004,182
2023,5,8,5,0,22,0,0,9,21.900000000000002,99.5,123.9,2.4000000000000004,4,188
2023,5,8,6,0,21.900000000000002,0,0,6,21.6,98.18,127.38000000000001,2.5,4.1000000000000005,194
2023,5,8,7,0,21.6,0,0,6,21.200000000000003,97.38,127.14,2.6,4,200
2023,5,8,8,0,21.200000000000003,0,0,6,20.8,97.71000000000001,123.2,2.6,3.9000000000000004,205
2023,5,8,9,0,20.8,0,0,6,20.5,98.26,116.28,2.7,3.7,209
2023,5,8,10,0,20.3,0,0,7,20.200000000000003,99.52,107.22,2.6,3,210
2023,5,8,11,0,19.700000000000003,0,0,6,19.700000000000003,100,96.77,2.6,2.3000000000000003,210
2023,5,8,12,0,20.200000000000003,44,27,6,19.900000000000002,98.26,85.25,2.5,2.5,208
2023,5,8,13,0,22,225,173,7,20,88.5,73.45,2.4000000000000004,3,219
2023,5,8,14,0,24.1,438,438,0,19.8,76.77,61.28,2.3000000000000003,3,232
2023,5,8,15,0,25.900000000000002,642,642,0,19.1,66.34,49.06,2.2,2.7,229
2023,5,8,16,0,27.6,811,811,0,18.5,57.49,37.160000000000004,2.2,2.8000000000000003,213
2023,5,8,17,0,29,930,930,0,17.900000000000002,51.15,26.36,2.2,3,202
2023,5,8,18,0,30,988,988,0,17.7,47.81,18.98,2.3000000000000003,3.2,193
2023,5,8,19,0,30.5,981,981,0,17.8,46.77,19.54,2.4000000000000004,3.4000000000000004,188
2023,5,8,20,0,30.700000000000003,911,911,0,18.1,47.06,27.55,2.5,3.4000000000000004,184
2023,5,8,21,0,30.700000000000003,787,787,0,18.5,48.13,38.56,2.6,3.2,181
2023,5,8,22,0,30.3,614,614,0,18.900000000000002,50.44,50.52,2.7,3,177
2023,5,8,23,0,29.400000000000002,412,412,0,19.8,56.370000000000005,62.74,2.7,2.6,169
2023,5,9,0,0,27.400000000000002,202,202,0,21.8,71.44,74.87,2.8000000000000003,1.8,153
2023,5,9,1,0,25,31,31,0,21.3,79.88,86.56,2.9000000000000004,2,145
2023,5,9,2,0,24.3,0,0,0,21.700000000000003,85.35000000000001,98,2.9000000000000004,3.1,147
2023,5,9,3,0,23.5,0,0,0,21.900000000000002,90.72,108.29,2.9000000000000004,3.5,151
2023,5,9,4,0,22.8,0,0,0,21.8,94.34,117.08,2.8000000000000003,3.3000000000000003,156
2023,5,9,5,0,22.3,0,0,1,21.8,96.78,123.65,2.7,2.9000000000000004,159
2023,5,9,6,0,21.8,0,0,0,21.700000000000003,99.43,127.12,2.6,2.6,164
2023,5,9,7,0,21.200000000000003,0,0,7,21.200000000000003,100,126.87,2.6,2.3000000000000003,168
2023,5,9,8,0,20.700000000000003,0,0,3,20.700000000000003,100,122.95,2.6,2.1,170
2023,5,9,9,0,20.3,0,0,1,20.3,100,116.05,2.6,2,166
2023,5,9,10,0,20.1,0,0,3,20.1,100,107.02,2.6,2,160
2023,5,9,11,0,20.1,0,0,3,20.1,100,96.58,2.7,2.2,156
2023,5,9,12,0,21.3,45,45,0,21.1,98.57000000000001,85.09,2.8000000000000003,3,156
2023,5,9,13,0,22.5,224,224,0,21.1,91.7,73.3,2.8000000000000003,3.3000000000000003,162
2023,5,9,14,0,24,431,431,1,21,83.37,61.13,2.9000000000000004,3.1,167
2023,5,9,15,0,25.6,626,626,1,21.1,76.19,48.910000000000004,3.1,3.2,166
2023,5,9,16,0,27.400000000000002,789,789,0,21.1,68.69,36.99,3.2,3.5,164
2023,5,9,17,0,28.700000000000003,902,902,0,21.200000000000003,63.97,26.150000000000002,3.4000000000000004,3.7,160
2023,5,9,18,0,29.400000000000002,962,962,0,21.3,61.76,18.72,3.5,4,159
2023,5,9,19,0,29.8,957,957,0,21.200000000000003,60.17,19.29,3.6,4.3,161
2023,5,9,20,0,29.700000000000003,889,790,7,21,59.74,27.37,3.7,4.5,162
2023,5,9,21,0,29.200000000000003,769,769,1,20.6,59.97,38.410000000000004,3.6,4.3,163
2023,5,9,22,0,28.3,603,603,0,20.200000000000003,61.7,50.39,3.4000000000000004,3.7,160
2023,5,9,23,0,27.200000000000003,407,387,7,20.5,66.79,62.61,3.2,2.8000000000000003,151
2023,5,10,0,0,25.400000000000002,201,54,7,20.6,74.60000000000001,74.74,3.1,2.1,140
2023,5,10,1,0,23.900000000000002,31,26,7,19.6,76.95,86.42,3,2.4000000000000004,136
2023,5,10,2,0,23.200000000000003,0,0,7,19.1,77.7,97.84,3,2.9000000000000004,138
2023,5,10,3,0,22.5,0,0,7,18.8,79.73,108.10000000000001,3,3,141
2023,5,10,4,0,21.8,0,0,7,18.7,82.82000000000001,116.87,3.1,3,143
2023,5,10,5,0,21.1,0,0,7,18.900000000000002,87.31,123.4,3,2.6,143
2023,5,10,6,0,20.5,0,0,7,19.200000000000003,92.43,126.85000000000001,2.9000000000000004,2.3000000000000003,143
2023,5,10,7,0,19.900000000000002,0,0,6,19.6,97.98,126.60000000000001,2.7,2.1,146
2023,5,10,8,0,19.400000000000002,0,0,7,19.400000000000002,100,122.7,2.6,1.9000000000000001,154
2023,5,10,9,0,19.200000000000003,0,0,7,19.200000000000003,100,115.82000000000001,2.5,1.7000000000000002,164
2023,5,10,10,0,18.900000000000002,0,0,6,18.900000000000002,100,106.82000000000001,2.6,1.4000000000000001,175
2023,5,10,11,0,18.6,0,0,7,18.6,100,96.4,2.8000000000000003,1,184
2023,5,10,12,0,19.5,47,25,6,19.5,100,84.93,3,0.7000000000000001,180
2023,5,10,13,0,20.900000000000002,224,160,7,19.6,92.47,73.15,3.1,0.9,136
2023,5,10,14,0,22.400000000000002,428,341,7,19.6,84.11,60.99,3.2,1.2000000000000002,96
2023,5,10,15,0,23.6,623,540,8,19.5,77.62,48.76,3.3000000000000003,1.8,88
2023,5,10,16,0,24.400000000000002,787,533,7,19.5,74.22,36.83,3.3000000000000003,2.4000000000000004,96
2023,5,10,17,0,24.8,903,594,7,19.5,72.63,25.95,3.4000000000000004,2.8000000000000003,105
2023,5,10,18,0,25,953,584,7,19.6,72.17,18.47,3.5,3,112
2023,5,10,19,0,25,951,373,3,19.700000000000003,72.47,19.05,3.5,2.9000000000000004,119
2023,5,10,20,0,24.8,886,110,6,19.700000000000003,73.39,27.19,3.5,2.7,125
2023,5,10,21,0,24.5,763,566,7,19.8,74.99,38.27,3.6,2.5,128
2023,5,10,22,0,24.1,596,305,7,19.900000000000002,77.57000000000001,50.26,3.7,2.4000000000000004,128
2023,5,10,23,0,23.5,401,47,9,20.3,82.36,62.480000000000004,3.8000000000000003,2,126
2023,5,11,0,0,22.400000000000002,200,43,6,20.6,89.58,74.60000000000001,3.8000000000000003,1.2000000000000002,125
2023,5,11,1,0,20.900000000000002,33,13,7,20.3,96.33,86.28,3.8000000000000003,1.1,131
2023,5,11,2,0,20.400000000000002,0,0,7,20.3,99.09,97.67,3.8000000000000003,1.2000000000000002,138
2023,5,11,3,0,20,0,0,6,20,100,107.91,3.8000000000000003,1.4000000000000001,144
2023,5,11,4,0,19.8,0,0,7,19.8,100,116.65,3.8000000000000003,1.7000000000000002,149
2023,5,11,5,0,19.6,0,0,7,19.6,100,123.16,3.7,2,155
2023,5,11,6,0,19.400000000000002,0,0,7,19.400000000000002,100,126.60000000000001,3.6,2.2,161
2023,5,11,7,0,19.1,0,0,8,19.1,100,126.35000000000001,3.5,2.1,165
2023,5,11,8,0,18.5,0,0,7,18.5,100,122.46000000000001,3.4000000000000004,1.7000000000000002,162
2023,5,11,9,0,17.900000000000002,0,0,1,17.900000000000002,100,115.60000000000001,3.2,1.4000000000000001,158
2023,5,11,10,0,17.400000000000002,0,0,3,17.400000000000002,100,106.63,3.1,1.2000000000000002,160
2023,5,11,11,0,17.1,0,0,3,17.1,100,96.23,3.1,1.1,163
2023,5,11,12,0,18.400000000000002,52,18,3,17.900000000000002,96.62,84.78,3,2.2,159
2023,5,11,13,0,19.900000000000002,234,39,7,18.2,90.21000000000001,73,3,2.7,158
2023,5,11,14,0,22.1,444,158,6,18.5,79.83,60.85,2.9000000000000004,3.2,154
2023,5,11,15,0,24.1,638,205,9,18.6,71.29,48.620000000000005,3,3.8000000000000003,154
2023,5,11,16,0,25.700000000000003,796,29,9,19.1,66.74,36.67,3.2,4.4,156
2023,5,11,17,0,26.900000000000002,903,39,9,19.700000000000003,64.77,25.76,3.5,4.7,160
2023,5,11,18,0,27.400000000000002,950,134,9,20.400000000000002,65.62,18.22,3.9000000000000004,5,166
2023,5,11,19,0,27.200000000000003,944,511,6,21,68.83,18.82,3.9000000000000004,5.2,172
2023,5,11,20,0,26.700000000000003,878,504,7,21.5,73.2,27.02,3.8000000000000003,5.300000000000001,173
2023,5,11,21,0,26.6,751,334,3,21.900000000000002,75.26,38.13,3.8000000000000003,5,172
2023,5,11,22,0,26.200000000000003,582,582,1,22.1,78.21000000000001,50.13,3.9000000000000004,4.4,166
2023,5,11,23,0,25.400000000000002,388,388,0,22.400000000000002,83.57000000000001,62.36,3.9000000000000004,3.7,154
2023,5,12,0,0,24.3,192,36,9,22.400000000000002,89.16,74.47,3.8000000000000003,3.7,150
2023,5,12,1,0,23.3,30,21,9,22.3,94.05,86.14,3.6,3.5,152
2023,5,12,2,0,22.8,0,0,9,22.3,97,97.51,3.4000000000000004,3.2,153
2023,5,12,3,0,22.5,0,0,9,22.400000000000002,99.22,107.73,3.2,3.1,154
2023,5,12,4,0,22.400000000000002,0,0,6,22.400000000000002,100,116.44,3,3.1,159
2023,5,12,5,0,22.400000000000002,0,0,6,22.400000000000002,100,122.93,2.8000000000000003,3.3000000000000003,167
2023,5,12,6,0,22.400000000000002,0,0,7,22.400000000000002,100,126.34,2.7,3.5,175
2023,5,12,7,0,22.3,0,0,7,22.3,100,126.09,2.6,3.7,178
2023,5,12,8,0,22.3,0,0,6,22.3,100,122.22,2.7,4.2,183
2023,5,12,9,0,22.1,0,0,7,22,99.64,115.39,2.7,4.5,180
2023,5,12,10,0,21.8,0,0,7,21.700000000000003,99.66,106.44,2.8000000000000003,4.6000000000000005,175
2023,5,12,11,0,21.6,0,0,3,21.5,99.53,96.06,2.8000000000000003,4.6000000000000005,173
2023,5,12,12,0,21.700000000000003,47,47,0,21.6,99.24000000000001,84.63,2.8000000000000003,4.7,173
2023,5,12,13,0,22.3,221,221,0,22,98.03,72.86,2.8000000000000003,4.7,173
2023,5,12,14,0,23.3,422,422,0,22.5,95.11,60.71,2.9000000000000004,5,178
2023,5,12,15,0,24.400000000000002,613,613,0,22.6,89.88,48.480000000000004,3,5.2,186
2023,5,12,16,0,25.900000000000002,772,772,0,22.6,81.89,36.52,3.1,5.2,194
2023,5,12,17,0,27.6,890,890,0,22.5,73.62,25.580000000000002,3.2,5.1000000000000005,199
2023,5,12,18,0,28.700000000000003,950,950,0,22.200000000000003,68.11,17.97,3.2,4.9,201
2023,5,12,19,0,29.3,949,949,0,22,64.77,18.580000000000002,3.1,4.7,201
2023,5,12,20,0,29.3,881,519,8,21.700000000000003,63.75,26.84,3.2,4.5,199
2023,5,12,21,0,28.900000000000002,764,295,4,21.900000000000002,66.13,37.99,3.2,3.9000000000000004,197
2023,5,12,22,0,28.6,596,16,6,22.700000000000003,70.64,50.01,3.3000000000000003,3.3000000000000003,185
2023,5,12,23,0,27.6,399,38,9,23.5,78.34,62.230000000000004,3.4000000000000004,2.9000000000000004,172
2023,5,13,0,0,26.1,196,143,7,23.700000000000003,86.63,74.34,3.6,2.7,163
2023,5,13,1,0,24.900000000000002,31,27,7,23.5,91.77,86,3.7,3.2,161
2023,5,13,2,0,24.3,0,0,7,23.400000000000002,94.74,97.35000000000001,3.8000000000000003,3.6,164
2023,5,13,3,0,23.8,0,0,6,23.3,97.32000000000001,107.54,3.8000000000000003,3.4000000000000004,163
2023,5,13,4,0,23.3,0,0,9,23.200000000000003,99.65,116.23,3.7,2.9000000000000004,164
2023,5,13,5,0,23.200000000000003,0,0,6,23.1,99.67,122.69,3.6,2.9000000000000004,171
2023,5,13,6,0,22.700000000000003,0,0,9,22.700000000000003,100,126.10000000000001,3.5,2.1,173
2023,5,13,7,0,22.1,0,0,7,22.1,100,125.84,3.6,1.8,182
2023,5,13,8,0,22.6,0,0,6,22.6,100,121.99000000000001,3.9000000000000004,3,203
2023,5,13,9,0,22.400000000000002,0,0,9,22.400000000000002,100,115.18,4,2.3000000000000003,208
2023,5,13,10,0,21.3,0,0,7,21.3,100,106.25,3.9000000000000004,1,216
2023,5,13,11,0,21,0,0,7,21,100,95.9,3.8000000000000003,0.5,270
2023,5,13,12,0,21.3,50,21,8,21.3,100,84.49,3.8000000000000003,1,23
2023,5,13,13,0,21.8,226,8,7,21.700000000000003,99.28,72.73,3.7,2.5,29
2023,5,13,14,0,22.1,433,326,7,21.400000000000002,95.78,60.58,3.7,3.1,39
2023,5,13,15,0,23.1,628,528,7,20.8,86.64,48.35,3.8000000000000003,3.3000000000000003,50
2023,5,13,16,0,24,787,622,7,20.5,80.96000000000001,36.37,4,3.3000000000000003,63
2023,5,13,17,0,24.5,901,792,8,20.700000000000003,79.60000000000001,25.400000000000002,4,3.3000000000000003,74
2023,5,13,18,0,24.8,959,822,7,21.1,79.76,17.740000000000002,4,3,88
2023,5,13,19,0,24.900000000000002,954,910,7,21.400000000000002,81,18.36,4.2,2.6,106
2023,5,13,20,0,24.900000000000002,887,643,3,21.6,82.12,26.68,4.4,2.2,125
2023,5,13,21,0,24.8,761,404,8,21.8,83.3,37.85,4.5,1.8,140
2023,5,13,22,0,24.6,597,168,8,21.900000000000002,84.88,49.88,4.5,1.4000000000000001,156
2023,5,13,23,0,24.3,404,354,3,22.200000000000003,88.02,62.11,4.5,1,181
2023,5,14,0,0,23.5,204,146,8,22.3,92.84,74.21000000000001,4.4,0.6000000000000001,209
2023,5,14,1,0,22.400000000000002,37,37,0,21,92.04,85.86,4.3,0.6000000000000001,248
2023,5,14,2,0,21.900000000000002,0,0,3,20.400000000000002,91.31,97.19,4.1000000000000005,0.7000000000000001,281
2023,5,14,3,0,21.5,0,0,0,20.1,91.81,107.36,4,0.7000000000000001,308
2023,5,14,4,0,21.200000000000003,0,0,0,20,92.78,116.03,4,0.7000000000000001,336
2023,5,14,5,0,20.900000000000002,0,0,8,19.900000000000002,94.27,122.47,4.1000000000000005,0.6000000000000001,2
2023,5,14,6,0,20.6,0,0,4,20,96.14,125.85000000000001,4.2,0.6000000000000001,32
2023,5,14,7,0,20.200000000000003,0,0,0,19.900000000000002,98.28,125.60000000000001,4.3,0.6000000000000001,62
2023,5,14,8,0,19.900000000000002,0,0,7,19.8,99.16,121.76,4.2,0.7000000000000001,83
2023,5,14,9,0,19.6,0,0,3,19.6,99.8,114.98,4.2,0.7000000000000001,97
2023,5,14,10,0,19.5,0,0,7,19.400000000000002,99.37,106.07000000000001,4.1000000000000005,0.7000000000000001,110
2023,5,14,11,0,19.5,0,0,7,19.400000000000002,99.28,95.74000000000001,4.1000000000000005,0.6000000000000001,117
2023,5,14,12,0,20,54,19,7,20,100,84.35000000000001,4.1000000000000005,0.5,120
2023,5,14,13,0,20.8,230,85,8,20.5,98.11,72.60000000000001,4.1000000000000005,0.8,125
2023,5,14,14,0,21.900000000000002,432,193,7,21,94.58,60.46,4.2,1,137
2023,5,14,15,0,22.6,623,118,7,21.1,91.12,48.230000000000004,4.2,1.4000000000000001,140
2023,5,14,16,0,23,783,254,7,20.900000000000002,87.96000000000001,36.24,4.3,2.1,142
2023,5,14,17,0,23.5,897,414,8,20.900000000000002,85.28,25.22,4.3,2.6,147
2023,5,14,18,0,23.900000000000002,954,510,7,20.8,82.9,17.51,4.3,2.9000000000000004,153
2023,5,14,19,0,24.200000000000003,952,614,7,20.700000000000003,80.99,18.13,4.2,2.9000000000000004,159
2023,5,14,20,0,24.3,889,429,7,20.700000000000003,80.16,26.51,4.2,2.7,163
2023,5,14,21,0,24.3,770,245,7,20.700000000000003,80.54,37.71,4.2,2.1,168
2023,5,14,22,0,24.200000000000003,605,376,7,21,82.13,49.76,4.2,1.5,171
2023,5,14,23,0,24,410,196,7,21.400000000000002,85.22,61.980000000000004,4.2,0.8,174
2023,5,15,0,0,23.400000000000002,206,168,7,21.6,89.61,74.08,4.3,0.4,182
2023,5,15,1,0,22.8,37,18,7,20.5,86.93,85.72,4.5,0.4,267
2023,5,15,2,0,22.3,0,0,7,20.400000000000002,88.93,97.03,4.6000000000000005,0.5,309
2023,5,15,3,0,21.700000000000003,0,0,7,20.400000000000002,92.49,107.18,4.7,0.6000000000000001,327
2023,5,15,4,0,21,0,0,7,20.400000000000002,96.12,115.83,4.800000000000001,0.8,339
2023,5,15,5,0,20.5,0,0,7,20.3,98.55,122.24000000000001,4.9,1,346
2023,5,15,6,0,20.3,0,0,8,20.200000000000003,99.67,125.61,5,1.1,348
2023,5,15,7,0,20.1,0,0,7,20.1,100,125.36,5.1000000000000005,1,345
2023,5,15,8,0,19.8,0,0,8,19.8,100,121.54,5.1000000000000005,0.9,318
2023,5,15,9,0,19.3,0,0,7,19.3,100,114.78,5,0.9,285
2023,5,15,10,0,19,0,0,7,19,100,105.9,4.800000000000001,1.1,288
2023,5,15,11,0,19,0,0,7,19,100,95.59,4.6000000000000005,1.2000000000000002,293
2023,5,15,12,0,19.6,54,16,4,19.6,100,84.21000000000001,4.4,1.3,294
2023,5,15,13,0,20.400000000000002,231,127,5,20.1,98.35000000000001,72.47,4.3,1.7000000000000002,290
2023,5,15,14,0,21.3,436,348,5,20.3,93.99,60.34,4.2,1.8,283
2023,5,15,15,0,22.1,629,241,3,20.3,89.28,48.11,4.1000000000000005,2.1,280
2023,5,15,16,0,23,788,561,3,20.200000000000003,84.3,36.1,4.1000000000000005,2.5,284
2023,5,15,17,0,23.900000000000002,904,689,3,20.3,80.07000000000001,25.060000000000002,4,2.7,296
2023,5,15,18,0,24.400000000000002,955,624,2,20.3,77.7,17.28,4,2.9000000000000004,314
2023,5,15,19,0,24.6,954,954,1,20.200000000000003,76.69,17.91,4,3.3000000000000003,334
2023,5,15,20,0,24.400000000000002,892,892,1,20,76.61,26.35,4,3.7,344
2023,5,15,21,0,23.900000000000002,776,292,2,19.700000000000003,77.26,37.58,3.9000000000000004,4.1000000000000005,346
2023,5,15,22,0,23,612,612,1,19.200000000000003,79.34,49.63,3.9000000000000004,4.2,349
2023,5,15,23,0,22,420,420,1,18.7,81.52,61.86,3.8000000000000003,3.9000000000000004,349
2023,5,16,0,0,20.900000000000002,216,216,1,18.2,84.58,73.95,3.7,3.2,345
2023,5,16,1,0,19.1,42,42,1,17.6,90.82000000000001,85.58,3.5,2.4000000000000004,341
2023,5,16,2,0,18.1,0,0,8,16.7,91.67,96.87,3.4000000000000004,2.4000000000000004,341
2023,5,16,3,0,17.3,0,0,3,15.9,91.60000000000001,107.01,3.3000000000000003,2.4000000000000004,340
2023,5,16,4,0,16.7,0,0,3,15.200000000000001,90.79,115.63,3.3000000000000003,2.5,340
2023,5,16,5,0,16,0,0,8,14.5,90.91,122.02,3.3000000000000003,2.7,340
2023,5,16,6,0,15.4,0,0,1,14,91.18,125.38000000000001,3.2,2.7,340
2023,5,16,7,0,14.8,0,0,3,13.5,92.05,125.13000000000001,3.1,2.8000000000000003,341
2023,5,16,8,0,14.200000000000001,0,0,3,13.200000000000001,93.42,121.33,3.1,2.8000000000000003,342
2023,5,16,9,0,13.700000000000001,0,0,0,12.9,94.7,114.59,3,2.5,341
2023,5,16,10,0,13.200000000000001,0,0,0,12.600000000000001,96.32000000000001,105.73,2.8000000000000003,2.4000000000000004,339
2023,5,16,11,0,12.9,0,0,1,12.4,96.88,95.44,2.6,2.4000000000000004,336
2023,5,16,12,0,14,63,63,0,12.5,90.92,84.08,2.5,3.1,334
2023,5,16,13,0,16,252,252,0,12.5,79.88,72.35000000000001,2.4000000000000004,3.5,344
2023,5,16,14,0,18.2,464,181,3,12.700000000000001,70.49,60.230000000000004,2.3000000000000003,3.8000000000000003,345
2023,5,16,15,0,19.8,662,222,3,13.200000000000001,65.77,47.99,2.3000000000000003,3.9000000000000004,341
2023,5,16,16,0,20.8,826,281,3,13.700000000000001,64,35.97,2.3000000000000003,3.7,336
2023,5,16,17,0,21.700000000000003,940,274,3,14.200000000000001,62.42,24.900000000000002,2.4000000000000004,3.5,333
2023,5,16,18,0,22.5,1001,178,3,14.700000000000001,61.26,17.06,2.4000000000000004,3.3000000000000003,333
2023,5,16,19,0,23.200000000000003,998,396,3,15,60.120000000000005,17.7,2.4000000000000004,3,336
2023,5,16,20,0,23.6,933,266,3,15.3,59.79,26.18,2.4000000000000004,2.8000000000000003,342
2023,5,16,21,0,23.700000000000003,808,457,3,15.4,59.58,37.45,2.4000000000000004,2.7,348
2023,5,16,22,0,23.400000000000002,639,461,3,15.200000000000001,60.09,49.51,2.4000000000000004,2.5,353
2023,5,16,23,0,22.700000000000003,440,440,1,15.100000000000001,62.190000000000005,61.74,2.3000000000000003,2.3000000000000003,359
2023,5,17,0,0,21.3,229,229,0,15.8,70.8,73.82000000000001,2.3000000000000003,1.4000000000000001,8
2023,5,17,1,0,18.5,46,46,0,15.9,84.61,85.45,2.3000000000000003,0.8,25
2023,5,17,2,0,17.400000000000002,0,0,0,14.8,84.78,96.72,2.3000000000000003,0.9,41
2023,5,17,3,0,16.6,0,0,0,14.4,86.95,106.83,2.2,0.9,52
2023,5,17,4,0,15.700000000000001,0,0,0,14.100000000000001,90.3,115.43,2.2,0.9,56
2023,5,17,5,0,15,0,0,0,14,93.9,121.8,2.1,0.9,60
2023,5,17,6,0,14.4,0,0,0,14.100000000000001,97.8,125.15,2.1,0.9,61
2023,5,17,7,0,14,0,0,0,14,100,124.91,2.1,0.9,56
2023,5,17,8,0,13.700000000000001,0,0,0,13.700000000000001,100,121.12,2.1,0.8,36
2023,5,17,9,0,13.4,0,0,0,13.4,100,114.4,2.2,0.7000000000000001,2
2023,5,17,10,0,13,0,0,0,13,100,105.57000000000001,2.3000000000000003,0.8,344
2023,5,17,11,0,12.700000000000001,0,0,0,12.700000000000001,100,95.3,2.4000000000000004,0.8,346
2023,5,17,12,0,14.8,62,62,0,14.3,96.51,83.96000000000001,2.5,1.1,5
2023,5,17,13,0,17.1,247,247,0,14.700000000000001,85.63,72.24,2.5,1.2000000000000002,20
2023,5,17,14,0,19.6,454,454,0,14.600000000000001,72.75,60.120000000000005,2.6,1.5,24
2023,5,17,15,0,21.1,650,650,0,15,68.11,47.88,2.6,1.6,29
2023,5,17,16,0,22.5,814,814,1,15.4,64.3,35.85,2.6,1.7000000000000002,35
2023,5,17,17,0,23.8,928,762,3,15.8,60.88,24.740000000000002,2.7,1.6,37
2023,5,17,18,0,24.900000000000002,979,979,0,15.9,57.52,16.85,2.7,1.6,36
2023,5,17,19,0,25.700000000000003,974,810,3,16.1,55.27,17.490000000000002,2.8000000000000003,1.5,35
2023,5,17,20,0,26.1,909,909,0,16.2,54.300000000000004,26.03,2.8000000000000003,1.3,37
2023,5,17,21,0,26.1,787,787,0,16.2,54.46,37.32,2.9000000000000004,1.2000000000000002,40
2023,5,17,22,0,25.700000000000003,620,620,0,16.1,55.52,49.39,2.9000000000000004,1.2000000000000002,44
2023,5,17,23,0,24.900000000000002,422,422,0,16.2,58.410000000000004,61.620000000000005,2.9000000000000004,1.2000000000000002,54
2023,5,18,0,0,23.6,218,218,0,17.2,67.22,73.7,2.9000000000000004,1.1,72
2023,5,18,1,0,20.3,44,44,0,17.5,83.71000000000001,85.31,2.9000000000000004,1,86
2023,5,18,2,0,19.1,0,0,0,16.5,84.9,96.57000000000001,2.9000000000000004,1.4000000000000001,95
2023,5,18,3,0,18.400000000000002,0,0,7,16.3,87.82000000000001,106.66,2.9000000000000004,1.8,100
2023,5,18,4,0,17.8,0,0,7,16.3,91.11,115.24000000000001,2.9000000000000004,1.8,103
2023,5,18,5,0,17.2,0,0,6,16.3,94.24,121.59,2.9000000000000004,1.7000000000000002,105
2023,5,18,6,0,16.6,0,0,7,16.3,97.95,124.93,3,1.5,110
2023,5,18,7,0,16.2,0,0,7,16.2,100,124.69,3,1.3,119
2023,5,18,8,0,16,0,0,7,16,100,120.91,3.2,1.1,127
2023,5,18,9,0,16,0,0,9,16,100,114.22,3.3000000000000003,0.9,130
2023,5,18,10,0,16,0,0,9,16,100,105.41,3.4000000000000004,0.7000000000000001,126
2023,5,18,11,0,16,0,0,9,16,100,95.16,3.5,0.7000000000000001,125
2023,5,18,12,0,16.900000000000002,61,8,9,16.7,98.56,83.84,3.5,1.3,132
2023,5,18,13,0,18,241,161,7,17.2,94.87,72.13,3.6,1.4000000000000001,144
2023,5,18,14,0,19.6,445,270,7,17.6,88.19,60.01,3.6,1.2000000000000002,156
2023,5,18,15,0,21.3,636,421,7,17.7,80.04,47.78,3.7,1,158
2023,5,18,16,0,23.3,797,445,8,17.1,68.2,35.74,3.7,0.7000000000000001,158
2023,5,18,17,0,24.6,909,355,8,17,62.82,24.59,3.8000000000000003,0.6000000000000001,175
2023,5,18,18,0,25,970,62,4,17.400000000000002,62.79,16.64,4,0.7000000000000001,197
2023,5,18,19,0,25,966,297,4,17.900000000000002,64.62,17.28,4.1000000000000005,0.9,191
2023,5,18,20,0,25.1,904,166,4,18.400000000000002,66.4,25.87,4.1000000000000005,1,172
2023,5,18,21,0,25.3,777,499,4,18.7,66.94,37.19,4.1000000000000005,1,163
2023,5,18,22,0,25.1,613,613,0,18.8,68.07000000000001,49.27,4.1000000000000005,1.1,155
2023,5,18,23,0,24.6,421,421,0,19.5,73.32000000000001,61.5,4,1.1,153
2023,5,19,0,0,23.3,218,181,7,20.5,84.24,73.57000000000001,4,0.9,143
2023,5,19,1,0,21.3,46,26,7,19.700000000000003,90.54,85.18,3.9000000000000004,1,124
2023,5,19,2,0,20.400000000000002,0,0,7,19.1,92.35000000000001,96.41,3.9000000000000004,1.2000000000000002,126
2023,5,19,3,0,20,0,0,7,19,93.88,106.49000000000001,4,1.1,138
2023,5,19,4,0,19.8,0,0,7,19,95.18,115.05,4.1000000000000005,1.1,136
2023,5,19,5,0,19.6,0,0,7,19,96.21000000000001,121.38,4.2,1.2000000000000002,135
2023,5,19,6,0,19.5,0,0,6,19.1,97.47,124.71000000000001,4.2,1.6,142
2023,5,19,7,0,19.6,0,0,7,19.200000000000003,97.73,124.47,4.4,2.2,153
2023,5,19,8,0,19.6,0,0,7,19.400000000000002,98.85000000000001,120.72,4.5,2.6,162
2023,5,19,9,0,19.700000000000003,0,0,7,19.6,99.65,114.05,4.6000000000000005,2.3000000000000003,165
2023,5,19,10,0,19.6,0,0,7,19.6,100,105.26,4.6000000000000005,1.8,173
2023,5,19,11,0,19.400000000000002,0,0,7,19.400000000000002,100,95.03,4.5,1.6,173
2023,5,19,12,0,20,59,15,4,20,100,83.72,4.5,1.7000000000000002,177
2023,5,19,13,0,21,233,82,3,20.8,98.93,72.02,4.4,2.3000000000000003,195
2023,5,19,14,0,21.900000000000002,434,434,0,21.400000000000002,96.93,59.910000000000004,4.3,2.5,206
2023,5,19,15,0,23.200000000000003,640,640,1,21.400000000000002,89.69,47.68,4.1000000000000005,3.2,217
2023,5,19,16,0,25.1,803,803,0,21,78.24,35.63,4,4.1000000000000005,227
2023,5,19,17,0,26.5,916,916,0,20.700000000000003,70.68,24.45,4,4.4,236
2023,5,19,18,0,27.3,972,972,0,20.700000000000003,67.15,16.44,4,4.4,247
2023,5,19,19,0,27.6,967,775,2,20.5,65.12,17.080000000000002,4,4.4,262
2023,5,19,20,0,27.200000000000003,902,902,0,20.1,65.08,25.72,3.9000000000000004,4.4,281
2023,5,19,21,0,25.8,770,522,2,19.5,68.3,37.07,3.8000000000000003,5,303
2023,5,19,22,0,23.200000000000003,592,592,0,18.6,75.15,49.160000000000004,3.7,5.9,332
2023,5,19,23,0,20.200000000000003,395,155,2,17,81.72,61.38,3.5,6.7,355
2023,5,20,0,0,17.7,201,56,2,15.100000000000001,84.65,73.44,3.3000000000000003,6.300000000000001,6
2023,5,20,1,0,16,37,37,0,13.700000000000001,86.31,85.05,3.3000000000000003,5.1000000000000005,9
2023,5,20,2,0,15.100000000000001,0,0,3,13.200000000000001,88.17,96.26,3.2,4.3,4
2023,5,20,3,0,14.600000000000001,0,0,0,12.700000000000001,88.61,106.32000000000001,3.2,4,360
2023,5,20,4,0,14.100000000000001,0,0,0,12.3,88.85000000000001,114.86,3.1,3.5,356
2023,5,20,5,0,13.5,0,0,0,11.700000000000001,88.77,121.18,2.9000000000000004,3.3000000000000003,354
2023,5,20,6,0,13,0,0,1,10.8,86.57000000000001,124.5,2.7,3.3000000000000003,355
2023,5,20,7,0,12.4,0,0,3,10,85.29,124.26,2.6,3.3000000000000003,355
2023,5,20,8,0,11.8,0,0,8,9.4,85.26,120.52,2.4000000000000004,3.3000000000000003,355
2023,5,20,9,0,11.5,0,0,8,9,84.72,113.88,2.3000000000000003,3.5,356
2023,5,20,10,0,11,0,0,8,8.8,86.52,105.11,2.1,3.1,354
2023,5,20,11,0,10.4,0,0,7,8.700000000000001,89.35000000000001,94.9,1.9000000000000001,2.6,350
2023,5,20,12,0,11.4,65,55,8,8.8,84.06,83.61,1.8,3.1,349
2023,5,20,13,0,13.5,253,189,3,9.4,76.08,71.92,1.7000000000000002,2.9000000000000004,351
2023,5,20,14,0,16.8,466,397,8,8.1,56.63,59.82,1.6,3.6,20
2023,5,20,15,0,18.6,666,589,8,7.6000000000000005,48.88,47.58,1.6,3.9000000000000004,23
2023,5,20,16,0,19.900000000000002,832,832,0,8.3,47,35.52,1.6,3.9000000000000004,18
2023,5,20,17,0,21.1,951,951,0,9.1,46.18,24.32,1.6,3.9000000000000004,16
2023,5,20,18,0,22.1,1009,1009,0,9.9,45.74,16.25,1.7000000000000002,3.7,13
2023,5,20,19,0,22.8,1005,1005,0,10.3,45.24,16.88,1.7000000000000002,3.4000000000000004,13
2023,5,20,20,0,23.200000000000003,936,869,8,10.700000000000001,45.15,25.57,1.8,3.2,15
2023,5,20,21,0,23.200000000000003,812,812,0,10.8,45.71,36.94,1.8,2.8000000000000003,16
2023,5,20,22,0,22.6,642,642,0,10.8,47.15,49.04,1.8,2.4000000000000004,18
2023,5,20,23,0,21.8,439,439,0,11.3,51.45,61.27,1.8,1.9000000000000001,26
2023,5,21,0,0,20.3,227,65,7,14.3,68.5,73.32000000000001,1.8,0.9,41
2023,5,21,1,0,17.900000000000002,49,32,6,13.100000000000001,73.36,84.92,1.7000000000000002,0.9,57
2023,5,21,2,0,17.2,0,0,6,11.9,71,96.12,1.7000000000000002,1,69
2023,5,21,3,0,16.5,0,0,8,11.8,73.85000000000001,106.16,1.7000000000000002,1,78
2023,5,21,4,0,15.5,0,0,3,11.9,79.13,114.68,1.7000000000000002,1,82
2023,5,21,5,0,14.5,0,0,3,11.700000000000001,83.46000000000001,120.98,1.8,0.9,92
2023,5,21,6,0,13.700000000000001,0,0,0,11.4,86.26,124.29,1.9000000000000001,1,103
2023,5,21,7,0,13,0,0,3,11.200000000000001,89.01,124.06,1.9000000000000001,0.9,108
2023,5,21,8,0,12.600000000000001,0,0,0,11.200000000000001,90.95,120.34,2,0.9,110
2023,5,21,9,0,12.4,0,0,8,11.100000000000001,91.97,113.71000000000001,2,0.8,112
2023,5,21,10,0,12.4,0,0,8,11.100000000000001,92.07000000000001,104.97,2,0.8,112
2023,5,21,11,0,12.5,0,0,8,11.200000000000001,91.89,94.78,2,0.8,109
2023,5,21,12,0,13.700000000000001,69,35,7,12.200000000000001,90.79,83.51,2,0.6000000000000001,103
2023,5,21,13,0,15,255,233,8,12.100000000000001,82.71000000000001,71.83,2,0.9,103
2023,5,21,14,0,17.400000000000002,464,398,8,12.4,72.38,59.730000000000004,2,0.8,131
2023,5,21,15,0,20.200000000000003,662,486,7,12.100000000000001,59.52,47.49,2,0.8,156
2023,5,21,16,0,21.700000000000003,825,530,7,12.4,55.36,35.43,2,0.6000000000000001,146
2023,5,21,17,0,22.900000000000002,939,816,8,12.600000000000001,52.24,24.19,2.1,0.7000000000000001,137
2023,5,21,18,0,23.700000000000003,997,842,7,12.600000000000001,49.93,16.06,2.1,0.9,133
2023,5,21,19,0,24.1,991,754,7,12.5,48.42,16.69,2.2,1.2000000000000002,134
2023,5,21,20,0,24.1,924,846,7,12.4,47.84,25.43,2.3000000000000003,1.5,141
2023,5,21,21,0,23.6,801,569,7,12.200000000000001,48.81,36.82,2.3000000000000003,1.7000000000000002,146
2023,5,21,22,0,22.900000000000002,634,567,7,12.200000000000001,50.97,48.93,2.3000000000000003,1.8,151
2023,5,21,23,0,21.8,436,404,7,13.100000000000001,57.65,61.15,2.4000000000000004,1.7000000000000002,158
2023,5,22,0,0,20.1,230,212,2,14.600000000000001,70.8,73.2,2.4000000000000004,1.3,162
2023,5,22,1,0,17.8,51,43,7,13.9,77.71000000000001,84.79,2.4000000000000004,1.1,166
2023,5,22,2,0,16.7,0,0,0,13,78.86,95.97,2.3000000000000003,1.1,172
2023,5,22,3,0,15.8,0,0,0,12.4,80.27,106,2.4000000000000004,1.1,176
2023,5,22,4,0,15.200000000000001,0,0,5,12,80.96000000000001,114.5,2.4000000000000004,1.1,178
2023,5,22,5,0,14.600000000000001,0,0,0,11.600000000000001,82.10000000000001,120.79,2.4000000000000004,1,175
2023,5,22,6,0,14.200000000000001,0,0,0,11.200000000000001,82.37,124.09,2.5,1,168
2023,5,22,7,0,13.700000000000001,0,0,0,10.9,83.33,123.87,2.5,1,163
2023,5,22,8,0,13.4,0,0,0,10.600000000000001,83.35000000000001,120.16,2.5,1,159
2023,5,22,9,0,13.100000000000001,0,0,0,10.5,84.33,113.56,2.6,1,156
2023,5,22,10,0,12.9,0,0,0,10.600000000000001,86.15,104.83,2.6,0.9,152
2023,5,22,11,0,12.9,0,0,0,10.9,87.53,94.66,2.6,0.9,149
2023,5,22,12,0,14.600000000000001,65,65,0,12.100000000000001,85.2,83.41,2.6,0.9,149
2023,5,22,13,0,16.6,244,244,0,12.700000000000001,77.78,71.74,2.6,1.1,149
2023,5,22,14,0,20,448,448,0,13.4,65.74,59.65,2.6,2,177
2023,5,22,15,0,21.8,639,639,0,13.8,60.33,47.410000000000004,2.7,1.9000000000000001,180
2023,5,22,16,0,23.1,800,800,0,14.100000000000001,56.79,35.33,2.8000000000000003,1.7000000000000002,170
2023,5,22,17,0,24.3,913,748,7,14.100000000000001,53.050000000000004,24.07,2.9000000000000004,1.7000000000000002,159
2023,5,22,18,0,25.200000000000003,963,644,7,14.200000000000001,50.47,15.88,3.1,1.6,152
2023,5,22,19,0,25.5,958,482,7,14,48.96,16.5,3.2,1.6,142
2023,5,22,20,0,25.400000000000002,892,217,8,13.9,49.03,25.28,3.3000000000000003,1.8,134
2023,5,22,21,0,25.5,770,664,7,14.100000000000001,49.370000000000005,36.7,3.3000000000000003,2,130
2023,5,22,22,0,25.400000000000002,610,433,3,14.3,50.370000000000005,48.81,3.2,2.2,131
2023,5,22,23,0,24.700000000000003,419,419,1,14.600000000000001,53.550000000000004,61.04,3.2,2.1,130
2023,5,23,0,0,22.900000000000002,220,220,1,16.6,67.55,73.08,3.2,1.5,121
2023,5,23,1,0,19.900000000000002,49,39,7,16,78.38,84.66,3.2,1.3,115
2023,5,23,2,0,18.8,0,0,7,15.3,80.05,95.83,3.3000000000000003,1.6,116
2023,5,23,3,0,18.5,0,0,7,15.100000000000001,80.56,105.84,3.4000000000000004,1.7000000000000002,119
2023,5,23,4,0,18.2,0,0,7,14.9,80.89,114.32000000000001,3.5,1.8,119
2023,5,23,5,0,18.1,0,0,7,14.600000000000001,80.21000000000001,120.60000000000001,3.6,1.9000000000000001,117
2023,5,23,6,0,17.900000000000002,0,0,7,14.5,80.44,123.89,3.6,1.8,114
2023,5,23,7,0,17.6,0,0,7,14.4,81.41,123.67,3.6,1.7000000000000002,114
2023,5,23,8,0,17.3,0,0,7,14.3,82.49,119.99000000000001,3.6,1.6,118
2023,5,23,9,0,17,0,0,6,14.3,83.96000000000001,113.41,3.6,1.6,124
2023,5,23,10,0,16.6,0,0,8,14.3,86.16,104.7,3.6,1.5,126
2023,5,23,11,0,16.5,0,0,6,14.3,86.96000000000001,94.55,3.5,1.5,131
2023,5,23,12,0,17.6,64,27,5,14.700000000000001,83.04,83.31,3.5,2.3000000000000003,134
2023,5,23,13,0,18.900000000000002,242,204,3,15.3,79.41,71.65,3.5,2.6,129
2023,5,23,14,0,21.700000000000003,443,148,5,15.8,68.96000000000001,59.57,3.5,2.8000000000000003,129
2023,5,23,15,0,24.1,633,199,5,15.8,59.82,47.33,3.5,3,127
2023,5,23,16,0,25.400000000000002,789,375,7,16.3,57.01,35.24,3.6,3.2,120
2023,5,23,17,0,26.200000000000003,898,652,8,16.7,55.75,23.95,3.7,3.4000000000000004,118
2023,5,23,18,0,26.3,950,794,8,16.8,56.08,15.71,3.8000000000000003,3.6,117
2023,5,23,19,0,26.1,941,310,5,17,57.13,16.32,3.9000000000000004,3.6,118
2023,5,23,20,0,25.8,875,729,3,17,58.34,25.14,3.9000000000000004,3.5,118
2023,5,23,21,0,25.6,755,574,3,16.900000000000002,58.730000000000004,36.58,3.9000000000000004,3.3000000000000003,117
2023,5,23,22,0,25.200000000000003,594,594,0,16.900000000000002,59.99,48.7,3.8000000000000003,3.2,114
2023,5,23,23,0,24.400000000000002,406,406,0,17.400000000000002,64.84,60.93,3.7,2.9000000000000004,104
2023,5,24,0,0,23,212,212,0,17.900000000000002,72.77,72.97,3.7,2.7,96
2023,5,24,1,0,21.400000000000002,46,46,0,17.7,79.4,84.54,3.6,2.9000000000000004,94
2023,5,24,2,0,20.200000000000003,0,0,0,17.6,85.13,95.69,3.6,3.2,93
2023,5,24,3,0,19.3,0,0,0,17.400000000000002,88.89,105.68,3.6,2.9000000000000004,95
2023,5,24,4,0,18.6,0,0,3,17.2,91.56,114.15,3.6,2.5,99
2023,5,24,5,0,18.1,0,0,7,17,93.56,120.41,3.6,2.1,98
2023,5,24,6,0,17.8,0,0,7,16.900000000000002,94.49,123.7,3.6,1.8,99
2023,5,24,7,0,17.5,0,0,7,16.8,95.72,123.49000000000001,3.6,1.6,105
2023,5,24,8,0,17.400000000000002,0,0,6,16.8,96.27,119.82000000000001,3.5,1.6,111
2023,5,24,9,0,17.2,0,0,7,16.8,97.4,113.26,3.5,1.7000000000000002,109
2023,5,24,10,0,17,0,0,7,16.8,98.5,104.58,3.5,1.7000000000000002,105
2023,5,24,11,0,16.900000000000002,0,0,7,16.7,98.96000000000001,94.45,3.4000000000000004,1.8,102
2023,5,24,12,0,17.6,64,15,7,17.1,96.77,83.22,3.4000000000000004,2.4000000000000004,93
2023,5,24,13,0,18.7,240,122,8,17.6,93.54,71.57000000000001,3.4000000000000004,2.5,78
2023,5,24,14,0,20.6,439,439,0,18.1,85.78,59.49,3.4000000000000004,2.7,70
2023,5,24,15,0,23,632,632,0,18,73.58,47.26,3.3000000000000003,2.8000000000000003,84
2023,5,24,16,0,25.1,791,791,0,17.6,63.34,35.160000000000004,3.3000000000000003,2.7,108
2023,5,24,17,0,26.200000000000003,903,903,0,17.5,58.89,23.84,3.4000000000000004,2.6,122
2023,5,24,18,0,26.5,954,954,1,17.5,57.68,15.540000000000001,3.5,2.4000000000000004,126
2023,5,24,19,0,26.700000000000003,947,947,1,17.5,57,16.14,3.5,2.2,122
2023,5,24,20,0,26.8,883,883,0,17.5,56.67,25.01,3.6,2.2,115
2023,5,24,21,0,26.5,769,603,3,17.5,57.93,36.47,3.6,2.1,109
2023,5,24,22,0,26,608,608,0,17.7,60.17,48.59,3.6,2.2,102
2023,5,24,23,0,25.1,417,417,0,18.400000000000002,66.52,60.82,3.6,2,97
2023,5,25,0,0,23.700000000000003,220,220,0,19.400000000000002,76.79,72.85000000000001,3.6,1.6,97
2023,5,25,1,0,21.900000000000002,51,51,0,19,83.67,84.42,3.6,1.5,103
2023,5,25,2,0,21.1,0,0,0,19,87.57000000000001,95.55,3.6,2,110
2023,5,25,3,0,20.5,0,0,8,19.1,91.66,105.53,3.6,2.4000000000000004,115
2023,5,25,4,0,19.8,0,0,7,19.200000000000003,96.06,113.98,3.7,2.4000000000000004,118
2023,5,25,5,0,19.1,0,0,7,19,99.54,120.23,3.7,2,119
2023,5,25,6,0,18.6,0,0,7,18.6,100,123.52,3.7,1.9000000000000001,118
2023,5,25,7,0,18.2,0,0,7,18.2,99.9,123.31,3.6,2,117
2023,5,25,8,0,17.8,0,0,7,17.6,98.97,119.66,3.5,2.3000000000000003,118
2023,5,25,9,0,17.2,0,0,7,17.2,99.76,113.12,3.4000000000000004,1.9000000000000001,120
2023,5,25,10,0,16.6,0,0,6,16.6,100,104.46000000000001,3.3000000000000003,1.5,122
2023,5,25,11,0,16.6,0,0,7,16.6,100,94.34,3.2,1.7000000000000002,123
2023,5,25,12,0,17.8,70,48,7,16.900000000000002,94.4,83.14,3.1,2.5,125
2023,5,25,13,0,18.900000000000002,254,165,7,17.400000000000002,90.76,71.5,3,2.3000000000000003,124
2023,5,25,14,0,20.8,458,268,6,17.900000000000002,83.60000000000001,59.42,3,2.4000000000000004,140
2023,5,25,15,0,23.1,651,455,7,17.400000000000002,70.28,47.19,3,3.4000000000000004,150
2023,5,25,16,0,23.900000000000002,809,455,6,16.8,64.6,35.09,3.1,3.5,145
2023,5,25,17,0,24.400000000000002,921,456,6,16.7,62.21,23.740000000000002,3.2,3.2,140
2023,5,25,18,0,25,978,646,7,16.8,60.21,15.38,3.3000000000000003,2.8000000000000003,134
2023,5,25,19,0,25.1,972,363,6,16.7,59.72,15.97,3.4000000000000004,2.6,123
2023,5,25,20,0,24.900000000000002,906,159,5,16.7,60.53,24.87,3.5,2.3000000000000003,116
2023,5,25,21,0,24.6,773,159,4,16.8,62.050000000000004,36.35,3.5,2.2,110
2023,5,25,22,0,24.3,611,155,4,17.1,64.11,48.49,3.5,2.3000000000000003,106
2023,5,25,23,0,23.8,420,42,4,17.7,68.55,60.71,3.5,2.2,100
2023,5,26,0,0,22.6,223,25,4,18.5,77.68,72.74,3.5,1.5,95
2023,5,26,1,0,20.8,53,20,4,17.900000000000002,83.38,84.29,3.4000000000000004,1.3,92
2023,5,26,2,0,20,0,0,3,17.400000000000002,85.22,95.42,3.4000000000000004,1.3,92
2023,5,26,3,0,19.400000000000002,0,0,3,17.2,87.27,105.38,3.3000000000000003,1.3,93
2023,5,26,4,0,18.900000000000002,0,0,7,17.2,89.61,113.82000000000001,3.3000000000000003,1.2000000000000002,95
2023,5,26,5,0,18.6,0,0,7,17.2,91.28,120.06,3.3000000000000003,1.1,97
2023,5,26,6,0,18.2,0,0,8,17.2,93.78,123.34,3.4000000000000004,1,100
2023,5,26,7,0,18,0,0,4,17.2,95.08,123.14,3.4000000000000004,1,100
2023,5,26,8,0,17.7,0,0,8,17.2,96.97,119.5,3.4000000000000004,1,97
2023,5,26,9,0,17.3,0,0,8,17.2,99.51,112.98,3.3000000000000003,1,95
2023,5,26,10,0,16.900000000000002,0,0,7,16.900000000000002,100,104.35000000000001,3.2,1,93
2023,5,26,11,0,16.8,0,0,7,16.8,100,94.25,3.2,1.1,94
2023,5,26,12,0,19.1,68,68,0,17.900000000000002,92.83,83.06,3.1,2,99
2023,5,26,13,0,21,247,178,3,18.6,86.29,71.42,3,2.1,103
2023,5,26,14,0,24.200000000000003,449,393,8,18.1,68.67,59.36,3,2.6,130
2023,5,26,15,0,26.200000000000003,638,559,8,16.900000000000002,56.67,47.13,3,3,142
2023,5,26,16,0,27.200000000000003,798,695,8,16.7,52.6,35.02,3,2.9000000000000004,138
2023,5,26,17,0,27.900000000000002,910,910,1,16.400000000000002,49.71,23.650000000000002,3.1,2.9000000000000004,130
2023,5,26,18,0,28.200000000000003,965,965,1,16.2,48.19,15.23,3.1,2.9000000000000004,123
2023,5,26,19,0,28.3,959,530,7,16.1,47.49,15.8,3.2,2.9000000000000004,120
2023,5,26,20,0,28.1,892,563,7,16,47.77,24.740000000000002,3.3000000000000003,2.9000000000000004,119
2023,5,26,21,0,27.700000000000003,770,367,7,15.8,48.45,36.24,3.4000000000000004,2.8000000000000003,117
2023,5,26,22,0,26.900000000000002,606,285,7,16,51.14,48.38,3.4000000000000004,2.6,118
2023,5,26,23,0,25.6,416,96,7,17.1,59.47,60.6,3.4000000000000004,2,118
2023,5,27,0,0,24,220,120,7,18.400000000000002,70.86,72.62,3.4000000000000004,1.4000000000000001,118
2023,5,27,1,0,22.200000000000003,51,24,7,17.6,75.04,84.18,3.4000000000000004,1.2000000000000002,118
2023,5,27,2,0,21.3,0,0,5,17.1,76.9,95.28,3.3000000000000003,1.2000000000000002,117
2023,5,27,3,0,20.8,0,0,4,16.900000000000002,78.26,105.23,3.3000000000000003,1.2000000000000002,112
2023,5,27,4,0,20.3,0,0,4,16.7,79.71000000000001,113.66,3.3000000000000003,1.2000000000000002,106
2023,5,27,5,0,19.900000000000002,0,0,3,16.6,81.12,119.89,3.2,1.3,104
2023,5,27,6,0,19.5,0,0,3,16.6,83.34,123.16,3.2,1.1,110
2023,5,27,7,0,19.1,0,0,7,16.6,85.64,122.97,3.3000000000000003,1,124
2023,5,27,8,0,19,0,0,8,16.900000000000002,87.43,119.35000000000001,3.3000000000000003,1.1,134
2023,5,27,9,0,18.6,0,0,8,17,90.3,112.86,3.2,1.2000000000000002,133
2023,5,27,10,0,17.8,0,0,8,17.1,95.92,104.24000000000001,3,1.5,133
2023,5,27,11,0,17.7,0,0,7,17.400000000000002,98.43,94.16,3,2,138
2023,5,27,12,0,19.3,68,55,7,18,92,82.98,2.9000000000000004,3,144
2023,5,27,13,0,21.200000000000003,244,151,7,18.400000000000002,84.19,71.36,2.9000000000000004,3,148
2023,5,27,14,0,23.700000000000003,443,377,7,17.8,69.44,59.300000000000004,2.9000000000000004,4,161
2023,5,27,15,0,25.3,633,415,7,17.3,61.31,47.07,2.9000000000000004,4,167
2023,5,27,16,0,26.5,791,568,6,17.3,57.02,34.95,3,3.6,167
2023,5,27,17,0,27.3,905,618,6,17.400000000000002,54.83,23.56,3,3.2,161
2023,5,27,18,0,27.8,964,736,7,17.400000000000002,53.27,15.08,3.1,3.1,155
2023,5,27,19,0,28,959,863,7,17.2,51.97,15.64,3.2,3.1,154
2023,5,27,20,0,27.8,891,612,7,16.900000000000002,51.58,24.62,3.4000000000000004,3,155
2023,5,27,21,0,27.6,775,549,7,16.7,51.35,36.13,3.4000000000000004,2.9000000000000004,153
2023,5,27,22,0,26.900000000000002,614,552,8,16.400000000000002,52.72,48.28,3.5,2.8000000000000003,149
2023,5,27,23,0,26.1,425,425,1,16.6,55.94,60.49,3.5,2.7,145
2023,5,28,0,0,24.8,228,182,3,17.8,65.26,72.51,3.5,2,142
2023,5,28,1,0,22.400000000000002,56,56,1,17.7,74.56,84.06,3.4000000000000004,1.5,139
2023,5,28,2,0,21.3,0,0,3,17.1,76.84,95.15,3.4000000000000004,1.7000000000000002,142
2023,5,28,3,0,20.700000000000003,0,0,4,16.900000000000002,78.75,105.09,3.4000000000000004,1.7000000000000002,146
2023,5,28,4,0,20.1,0,0,7,16.7,80.69,113.51,3.4000000000000004,1.7000000000000002,151
2023,5,28,5,0,19.6,0,0,7,16.5,82.16,119.72,3.4000000000000004,1.6,152
2023,5,28,6,0,18.900000000000002,0,0,0,16.2,84.60000000000001,123,3.3000000000000003,1.5,151
2023,5,28,7,0,18.3,0,0,3,16,86.73,122.81,3.3000000000000003,1.5,151
2023,5,28,8,0,17.8,0,0,3,15.8,87.93,119.21000000000001,3.2,1.5,153
2023,5,28,9,0,17.6,0,0,0,15.3,86.33,112.73,3.1,2,161
2023,5,28,10,0,17.6,0,0,0,14.700000000000001,83.2,104.14,3.1,2.7,166
2023,5,28,11,0,17.3,0,0,0,14.200000000000001,82.25,94.07000000000001,3.1,2.8000000000000003,164
2023,5,28,12,0,18.2,70,70,0,14.100000000000001,77.17,82.91,3.1,3.2,156
2023,5,28,13,0,19.900000000000002,250,171,3,14.700000000000001,71.88,71.3,3.1,3.1,148
2023,5,28,14,0,23.1,452,376,8,14.9,60.11,59.25,3,4.4,154
2023,5,28,15,0,25.5,636,544,7,15.100000000000001,52.730000000000004,47.02,3.1,4.800000000000001,158
2023,5,28,16,0,26.900000000000002,792,686,7,15.9,51.11,34.89,3.2,4.4,155
2023,5,28,17,0,27.8,900,781,7,16.5,50.370000000000005,23.47,3.3000000000000003,4.1000000000000005,153
2023,5,28,18,0,28.3,948,709,7,17,50.25,14.94,3.5,3.9000000000000004,154
2023,5,28,19,0,27.5,932,419,6,17.3,53.660000000000004,15.48,3.7,3.6,157
2023,5,28,20,0,26.700000000000003,868,310,6,17.8,58.01,24.490000000000002,3.9000000000000004,3.3000000000000003,160
2023,5,28,21,0,26.1,772,64,6,18.2,61.79,36.02,3.9000000000000004,3,158
2023,5,28,22,0,25.700000000000003,615,115,9,18.2,63.46,48.17,3.8000000000000003,3.1,153
2023,5,28,23,0,24.6,430,153,6,18.900000000000002,70.39,60.39,3.6,2.5,152
2023,5,29,0,0,23.1,233,5,6,19.8,81.86,72.4,3.4000000000000004,1.8,150
2023,5,29,1,0,21.200000000000003,59,59,0,19.5,90.24,83.94,3.3000000000000003,1.5,149
2023,5,29,2,0,20.200000000000003,0,0,7,19.1,93.3,95.03,3.2,1.4000000000000001,149
2023,5,29,3,0,19.6,0,0,7,18.8,94.99,104.95,3.2,1.2000000000000002,157
2023,5,29,4,0,19.1,0,0,6,18.5,96.43,113.35000000000001,3.3000000000000003,1,168
2023,5,29,5,0,18.6,0,0,7,18.3,97.93,119.56,3.4000000000000004,0.9,169
2023,5,29,6,0,18.2,0,0,7,18,98.75,122.83,3.4000000000000004,0.8,157
2023,5,29,7,0,17.900000000000002,0,0,7,17.8,99.11,122.66,3.4000000000000004,0.8,148
2023,5,29,8,0,17.6,0,0,6,17.5,99.36,119.07000000000001,3.4000000000000004,1,151
2023,5,29,9,0,17.1,0,0,7,17.1,100,112.62,3.4000000000000004,1.1,157
2023,5,29,10,0,16.8,0,0,7,16.7,99.64,104.04,3.3000000000000003,1.2000000000000002,164
2023,5,29,11,0,16.7,0,0,7,16.5,98.9,93.99,3.3000000000000003,1.2000000000000002,168
2023,5,29,12,0,18.2,75,19,6,17.2,93.85000000000001,82.85000000000001,3.2,2.1,169
2023,5,29,13,0,19.8,257,179,7,18.1,90.06,71.24,3.2,2,165
2023,5,29,14,0,23.3,460,276,8,18.3,73.69,59.2,3.2,2.5,183
2023,5,29,15,0,25.900000000000002,649,529,3,17.900000000000002,61.51,46.97,3.3000000000000003,3.1,189
2023,5,29,16,0,27,805,711,3,18.1,58.34,34.83,3.4000000000000004,3.2,187
2023,5,29,17,0,27.6,913,643,7,18.5,57.7,23.39,3.6,3.3000000000000003,186
2023,5,29,18,0,27.5,969,611,8,18.8,59.14,14.81,3.8000000000000003,3.3000000000000003,186
2023,5,29,19,0,27.1,962,60,9,19.1,61.75,15.33,3.9000000000000004,3.3000000000000003,187
2023,5,29,20,0,26.6,897,86,9,19.400000000000002,64.57000000000001,24.37,4,3.1,187
2023,5,29,21,0,25.900000000000002,783,593,7,19.6,68.39,35.92,4,2.7,185
2023,5,29,22,0,25.1,623,590,8,20.3,74.63,48.07,4,2,178
2023,5,29,23,0,24.200000000000003,433,398,7,20.900000000000002,81.73,60.29,3.9000000000000004,1.6,166
2023,5,30,0,0,23,234,85,7,21.200000000000003,89.36,72.3,3.8000000000000003,1.2000000000000002,157
2023,5,30,1,0,21.700000000000003,60,40,7,20.400000000000002,92.39,83.83,3.8000000000000003,1.2000000000000002,149
2023,5,30,2,0,21,0,0,7,19.900000000000002,93.66,94.9,3.8000000000000003,1.3,144
2023,5,30,3,0,20.6,0,0,3,19.6,94.16,104.82000000000001,3.7,1.4000000000000001,144
2023,5,30,4,0,20.1,0,0,0,19.400000000000002,95.72,113.21000000000001,3.6,1.5,146
2023,5,30,5,0,19.700000000000003,0,0,0,19.200000000000003,97.16,119.41,3.6,1.5,149
2023,5,30,6,0,19.3,0,0,3,19.1,98.96000000000001,122.68,3.5,1.6,153
2023,5,30,7,0,19,0,0,7,19,100,122.51,3.4000000000000004,1.5,158
2023,5,30,8,0,18.6,0,0,7,18.6,100,118.94,3.4000000000000004,1.3,161
2023,5,30,9,0,18.2,0,0,7,18.2,100,112.51,3.4000000000000004,1.2000000000000002,165
2023,5,30,10,0,18,0,0,7,18,100,103.95,3.4000000000000004,1.1,169
2023,5,30,11,0,18,0,0,7,18,100,93.92,3.4000000000000004,1.1,171
2023,5,30,12,0,19.6,74,63,7,19.400000000000002,98.49000000000001,82.79,3.3000000000000003,2.1,172
2023,5,30,13,0,21.200000000000003,257,225,8,20.1,93.52,71.19,3.3000000000000003,2.3000000000000003,183
2023,5,30,14,0,23.3,460,395,7,20.1,82.22,59.15,3.3000000000000003,2.2,200
2023,5,30,15,0,25.8,651,558,8,19.8,69.36,46.92,3.3000000000000003,1.9000000000000001,211
2023,5,30,16,0,27.3,809,809,0,19.900000000000002,63.910000000000004,34.78,3.4000000000000004,1.8,202
2023,5,30,17,0,28.200000000000003,921,921,0,19.900000000000002,60.59,23.32,3.5,2,191
2023,5,30,18,0,28.8,983,983,0,19.8,58.27,14.68,3.6,2.4000000000000004,183
2023,5,30,19,0,29.1,979,979,0,19.700000000000003,56.92,15.18,3.7,2.7,179
2023,5,30,20,0,29.200000000000003,916,778,2,19.6,56.28,24.25,3.7,2.8000000000000003,175
2023,5,30,21,0,29,798,798,0,19.5,56.45,35.82,3.7,2.8000000000000003,173
2023,5,30,22,0,28.6,637,637,0,19.3,57.34,47.97,3.6,2.7,167
2023,5,30,23,0,27.700000000000003,446,446,0,19.700000000000003,61.84,60.19,3.5,2.6,156
2023,5,31,0,0,25.900000000000002,245,245,0,20.6,72.60000000000001,72.19,3.3000000000000003,2.1,147
2023,5,31,1,0,23.900000000000002,65,65,0,20.200000000000003,79.59,83.72,3.2,2.3000000000000003,148
2023,5,31,2,0,23,0,0,0,20,83.39,94.78,3.2,2.9000000000000004,152
2023,5,31,3,0,22.200000000000003,0,0,0,20,87.19,104.69,3.1,2.9000000000000004,157
2023,5,31,4,0,21.5,0,0,0,19.8,90.10000000000001,113.07000000000001,3.1,2.7,162
2023,5,31,5,0,20.700000000000003,0,0,0,19.6,93.4,119.26,3.1,2.4000000000000004,166
2023,5,31,6,0,20.1,0,0,0,19.400000000000002,95.73,122.53,3.1,2,171
2023,5,31,7,0,19.5,0,0,0,19.200000000000003,98.3,122.37,3.1,1.7000000000000002,175
2023,5,31,8,0,19,0,0,8,19,100,118.82000000000001,3,1.5,177
2023,5,31,9,0,18.6,0,0,3,18.6,100,112.4,3,1.4000000000000001,176
2023,5,31,10,0,18.2,0,0,7,18.2,100,103.86,2.9000000000000004,1.3,173
2023,5,31,11,0,18.2,0,0,0,18.2,100,93.85000000000001,2.9000000000000004,1.5,170
2023,5,31,12,0,20.1,79,78,7,19.1,93.69,82.73,3,2.6,168
2023,5,31,13,0,22.3,264,203,3,19.6,84.48,71.14,3.1,2.5,176
2023,5,31,14,0,25,467,415,7,19.5,71.53,59.11,3.2,3.2,195
2023,5,31,15,0,26.700000000000003,651,582,8,19.3,64.08,46.88,3.4000000000000004,3.2,196
2023,5,31,16,0,28,807,719,7,19.3,59.34,34.74,3.5,3.3000000000000003,188
2023,5,31,17,0,28.8,916,916,1,19.400000000000002,56.99,23.25,3.7,3.4000000000000004,180
2023,5,31,18,0,29.3,970,805,8,19.5,55.550000000000004,14.56,3.9000000000000004,3.6,176
2023,5,31,19,0,29.5,964,821,8,19.5,54.94,15.040000000000001,4,3.7,174
2023,5,31,20,0,29.400000000000002,898,898,0,19.400000000000002,55.07,24.14,4.1000000000000005,3.7,176
2023,5,31,21,0,29,782,782,0,19.400000000000002,56.27,35.72,4.2,3.6,176
2023,5,31,22,0,28.5,623,566,3,19.6,58.7,47.88,4.1000000000000005,3.3000000000000003,176
2023,5,31,23,0,27.400000000000002,436,436,1,20.5,65.99,60.09,4,2.5,172
2023,6,1,0,0,25.900000000000002,237,237,0,21.200000000000003,75.15,72.09,4,1.8,168
2023,6,1,1,0,24.3,63,44,3,20.6,79.63,83.61,3.9000000000000004,1.8,165
2023,6,1,2,0,23.700000000000003,0,0,5,20.200000000000003,80.82000000000001,94.66,3.9000000000000004,2,159
2023,6,1,3,0,23.3,0,0,4,20,81.95,104.56,3.9000000000000004,2.3000000000000003,152
2023,6,1,4,0,23,0,0,4,19.900000000000002,82.78,112.93,3.9000000000000004,2.8000000000000003,145
2023,6,1,5,0,22.5,0,0,3,19.900000000000002,85.03,119.11,3.8000000000000003,3.2,141
2023,6,1,6,0,22,0,0,0,19.8,87.38,122.39,3.8000000000000003,3,142
2023,6,1,7,0,21.6,0,0,3,19.8,89.27,122.24000000000001,3.9000000000000004,2.6,145
2023,6,1,8,0,21.200000000000003,0,0,0,19.700000000000003,91.2,118.7,4,2.5,145
2023,6,1,9,0,20.8,0,0,0,19.700000000000003,93.23,112.3,4,2.5,146
2023,6,1,10,0,20.400000000000002,0,0,0,19.700000000000003,95.56,103.78,4,2.5,148
2023,6,1,11,0,20.1,0,0,0,19.700000000000003,97.56,93.78,4,2.4000000000000004,150
2023,6,1,12,0,21.1,73,73,0,20,93.59,82.68,4,2.8000000000000003,152
2023,6,1,13,0,22.400000000000002,250,250,0,20.6,89.52,71.10000000000001,4,2.4000000000000004,156
2023,6,1,14,0,24.3,448,448,0,20.900000000000002,81.15,59.07,4,2.8000000000000003,175
2023,6,1,15,0,25.5,635,473,7,20.6,74.28,46.85,4,2.8000000000000003,173
2023,6,1,16,0,26.400000000000002,792,534,7,20.400000000000002,69.76,34.7,4,3,160
2023,6,1,17,0,27,902,764,7,20.3,66.9,23.19,4.1000000000000005,3.3000000000000003,152
2023,6,1,18,0,27.3,954,848,3,20.1,64.81,14.450000000000001,4.2,3.5,149
2023,6,1,19,0,27.400000000000002,950,950,1,19.8,63.28,14.9,4.2,3.7,146
2023,6,1,20,0,27.400000000000002,888,724,3,19.6,62.52,24.03,4.2,3.8000000000000003,141
2023,6,1,21,0,27.200000000000003,770,606,7,19.6,63.24,35.62,4.3,3.7,141
2023,6,1,22,0,26.8,611,240,6,19.8,65.52,47.78,4.2,3.5,142
2023,6,1,23,0,25.900000000000002,424,403,7,20.5,72.35000000000001,59.99,4.2,2.7,137
2023,6,2,0,0,24.5,230,181,7,21.1,81.35000000000001,71.99,4.1000000000000005,2,130
2023,6,2,1,0,23,60,34,6,20.6,86.48,83.51,4,1.7000000000000002,130
2023,6,2,2,0,22.3,0,0,7,20.200000000000003,88.03,94.55,4,1.8,135
2023,6,2,3,0,22,0,0,7,20,88.43,104.43,4,1.8,137
2023,6,2,4,0,21.700000000000003,0,0,7,19.8,89.13,112.8,4,1.7000000000000002,137
2023,6,2,5,0,21.400000000000002,0,0,8,19.700000000000003,90.15,118.98,3.9000000000000004,1.7000000000000002,137
2023,6,2,6,0,21.1,0,0,8,19.6,90.96000000000001,122.25,3.8000000000000003,1.7000000000000002,135
2023,6,2,7,0,20.700000000000003,0,0,5,19.3,91.9,122.11,3.7,1.7000000000000002,133
2023,6,2,8,0,20.400000000000002,0,0,0,19.1,92.06,118.59,3.7,1.8,131
2023,6,2,9,0,20,0,0,0,18.8,92.84,112.21000000000001,3.6,1.7000000000000002,131
2023,6,2,10,0,19.5,0,0,0,18.6,94.55,103.71000000000001,3.6,1.6,134
2023,6,2,11,0,19.3,0,0,0,18.6,95.64,93.72,3.6,1.7000000000000002,134
2023,6,2,12,0,20.700000000000003,76,76,0,19.200000000000003,91.31,82.63,3.6,2.6,134
2023,6,2,13,0,22.3,255,255,0,20.200000000000003,87.94,71.06,3.6,2.4000000000000004,133
2023,6,2,14,0,25.3,456,456,0,20.6,75.10000000000001,59.04,3.6,3,148
2023,6,2,15,0,27.400000000000002,642,642,0,19.900000000000002,63.51,46.82,3.7,3.6,152
2023,6,2,16,0,28.3,799,799,0,20,60.76,34.660000000000004,3.7,3.7,149
2023,6,2,17,0,28.900000000000002,912,912,0,20.1,58.92,23.14,3.7,3.7,147
2023,6,2,18,0,29.400000000000002,968,968,1,20,56.96,14.34,3.7,3.6,147
2023,6,2,19,0,29.400000000000002,965,557,2,19.8,56.22,14.77,3.8000000000000003,3.4000000000000004,147
2023,6,2,20,0,29.3,904,308,3,19.700000000000003,56.15,23.92,3.8000000000000003,3.2,146
2023,6,2,21,0,28.900000000000002,788,539,3,19.700000000000003,57.480000000000004,35.52,3.8000000000000003,3.1,140
2023,6,2,22,0,28.200000000000003,629,629,1,20.200000000000003,61.7,47.69,3.7,2.9000000000000004,133
2023,6,2,23,0,26.900000000000002,439,439,0,21.3,71.4,59.9,3.7,2.3000000000000003,129
2023,6,3,0,0,25.400000000000002,241,241,0,21.8,80.55,71.89,3.7,1.8,127
2023,6,3,1,0,23.900000000000002,65,52,8,21,83.81,83.41,3.7,2,124
2023,6,3,2,0,23.1,0,0,7,20.400000000000002,84.84,94.43,3.7,2.3000000000000003,124
2023,6,3,3,0,22.400000000000002,0,0,7,20.3,88.15,104.31,3.8000000000000003,2.1,127
2023,6,3,4,0,21.700000000000003,0,0,6,20.400000000000002,92.51,112.67,4,1.9000000000000001,125
2023,6,3,5,0,21.200000000000003,0,0,6,20.5,95.8,118.84,4.2,1.8,124
2023,6,3,6,0,20.700000000000003,0,0,7,20.5,98.92,122.12,4.3,1.8,122
2023,6,3,7,0,20.5,0,0,6,20.5,100,121.99000000000001,4.4,2.1,115
2023,6,3,8,0,20.400000000000002,0,0,7,20.400000000000002,100,118.48,4.4,2.2,112
2023,6,3,9,0,20.3,0,0,7,20.3,100,112.13,4.3,2.1,112
2023,6,3,10,0,20,0,0,7,20,100,103.64,4.2,1.7000000000000002,116
2023,6,3,11,0,19.8,0,0,7,19.8,100,93.67,4.1000000000000005,1.4000000000000001,120
2023,6,3,12,0,20.200000000000003,74,16,3,20.200000000000003,99.86,82.59,3.9000000000000004,1.9000000000000001,126
2023,6,3,13,0,20.900000000000002,251,32,5,20.6,97.94,71.03,3.8000000000000003,1.8,136
2023,6,3,14,0,21.900000000000002,451,133,8,20.700000000000003,92.86,59.01,3.7,1.7000000000000002,159
2023,6,3,15,0,22.900000000000002,638,437,8,20.400000000000002,85.66,46.79,3.7,1.5,186
2023,6,3,16,0,23.900000000000002,796,513,7,20.200000000000003,79.92,34.63,3.7,1.4000000000000001,210
2023,6,3,17,0,24.5,908,605,7,20.200000000000003,76.85000000000001,23.09,3.7,1.1,230
2023,6,3,18,0,24.900000000000002,968,693,7,20.200000000000003,75.16,14.25,3.6,0.9,261
2023,6,3,19,0,25,967,834,7,20.200000000000003,74.67,14.64,3.6,0.9,304
2023,6,3,20,0,25,907,839,8,20.200000000000003,74.83,23.81,3.6,1.1,336
2023,6,3,21,0,25,798,632,7,20.3,75.04,35.43,3.6,1.3,351
2023,6,3,22,0,24.900000000000002,639,188,6,20.400000000000002,76.28,47.6,3.6,1.4000000000000001,358
2023,6,3,23,0,24.5,449,105,6,20.900000000000002,80.61,59.81,3.6,1.2000000000000002,1
2023,6,4,0,0,23.700000000000003,248,120,6,21.5,87.71000000000001,71.79,3.6,0.9,1
2023,6,4,1,0,22.3,69,44,6,20.6,89.89,83.3,3.7,0.8,12
2023,6,4,2,0,21.700000000000003,0,0,7,20,90.16,94.33,3.8000000000000003,0.8,38
2023,6,4,3,0,21.3,0,0,7,20,92.31,104.2,3.8000000000000003,0.8,58
2023,6,4,4,0,20.900000000000002,0,0,7,19.8,93.56,112.55,3.7,0.8,57
2023,6,4,5,0,20.400000000000002,0,0,3,19.700000000000003,95.72,118.72,3.5,0.8,53
2023,6,4,6,0,20.200000000000003,0,0,7,19.5,96.01,121.99000000000001,3.5,0.7000000000000001,62
2023,6,4,7,0,20,0,0,7,19.5,96.9,121.88,3.5,0.7000000000000001,65
2023,6,4,8,0,19.8,0,0,7,19.400000000000002,97.55,118.39,3.5,0.6000000000000001,47
2023,6,4,9,0,19.3,0,0,6,19.200000000000003,99.3,112.05,3.6,0.7000000000000001,31
2023,6,4,10,0,18.7,0,0,6,18.7,100,103.58,3.6,0.8,29
2023,6,4,11,0,18.5,0,0,7,18.5,100,93.62,3.6,0.8,31
2023,6,4,12,0,19.5,80,36,7,19.400000000000002,99.51,82.55,3.5,1.3,35
2023,6,4,13,0,20.3,264,264,0,19.700000000000003,96.41,71,3.5,2.1,36
2023,6,4,14,0,21.1,466,430,8,20,93.28,58.99,3.5,2.3000000000000003,40
2023,6,4,15,0,22.200000000000003,656,359,8,19.8,86.52,46.77,3.5,2.5,44
2023,6,4,16,0,23.1,814,309,4,19.6,80.84,34.61,3.5,2.6,44
2023,6,4,17,0,24.200000000000003,926,90,5,19.5,75.2,23.05,3.6,2.8000000000000003,42
2023,6,4,18,0,25,980,379,8,19.400000000000002,71.19,14.15,3.6,3.1,46
2023,6,4,19,0,25.5,973,349,8,19.200000000000003,68.14,14.52,3.7,3.4000000000000004,53
2023,6,4,20,0,25.400000000000002,908,190,8,19,67.55,23.71,3.7,3.4000000000000004,59
2023,6,4,21,0,25.1,795,119,5,18.900000000000002,68.38,35.33,3.6,3.1,63
2023,6,4,22,0,24.8,633,193,5,19.1,70.45,47.51,3.5,2.6,67
2023,6,4,23,0,24.200000000000003,442,343,3,19.700000000000003,75.77,59.72,3.4000000000000004,1.9000000000000001,73
2023,6,5,0,0,23.1,242,25,4,20.6,85.81,71.7,3.3000000000000003,1.1,84
2023,6,5,1,0,21.700000000000003,67,29,4,19.400000000000002,87.03,83.21000000000001,3.2,0.9,91
2023,6,5,2,0,21.200000000000003,0,0,5,18.900000000000002,86.58,94.22,3,0.8,83
2023,6,5,3,0,20.700000000000003,0,0,0,18.6,87.91,104.09,3,0.8,43
2023,6,5,4,0,19.8,0,0,5,18.400000000000002,91.43,112.43,2.9000000000000004,0.9,11
2023,6,5,5,0,19.3,0,0,0,18.2,93.25,118.60000000000001,2.9000000000000004,1.2000000000000002,355
2023,6,5,6,0,19,0,0,0,18,93.92,121.87,2.9000000000000004,1.6,350
2023,6,5,7,0,18.8,0,0,0,17.7,93.44,121.77,2.8000000000000003,1.9000000000000001,353
2023,6,5,8,0,18.5,0,0,0,17.3,92.57000000000001,118.29,2.8000000000000003,2.2,358
2023,6,5,9,0,18.1,0,0,1,16.8,92.18,111.97,2.8000000000000003,2.2,1
2023,6,5,10,0,17.6,0,0,3,16.5,93.28,103.52,2.8000000000000003,2,2
2023,6,5,11,0,17.3,0,0,3,16.400000000000002,94.24,93.58,2.8000000000000003,1.8,1
2023,6,5,12,0,18.900000000000002,77,77,0,16.7,87.18,82.52,2.8000000000000003,2.5,357
2023,6,5,13,0,20.8,258,258,0,17.6,81.85000000000001,70.98,2.8000000000000003,2,346
2023,6,5,14,0,24,460,460,0,18.400000000000002,70.99,58.97,2.8000000000000003,1.4000000000000001,352
2023,6,5,15,0,27.5,651,651,0,17.3,53.800000000000004,46.75,2.8000000000000003,1.2000000000000002,69
2023,6,5,16,0,28.8,810,810,0,17.6,50.870000000000005,34.59,2.8000000000000003,1.3,81
2023,6,5,17,0,29.400000000000002,923,568,2,17.900000000000002,50.01,23.01,2.9000000000000004,1.4000000000000001,75
2023,6,5,18,0,29.8,984,760,3,18,49.15,14.07,2.9000000000000004,1.5,70
2023,6,5,19,0,29.900000000000002,981,981,1,18,48.99,14.4,3,1.5,70
2023,6,5,20,0,29.900000000000002,918,682,2,18,49,23.61,3.1,1.4000000000000001,73
2023,6,5,21,0,29.700000000000003,796,434,6,17.900000000000002,49.28,35.24,3.1,1.3,80
2023,6,5,22,0,29.400000000000002,634,475,7,17.8,49.75,47.42,3.1,1.2000000000000002,89
2023,6,5,23,0,28.900000000000002,444,444,0,18.400000000000002,53.04,59.63,3.1,0.9,97
2023,6,6,0,0,27.900000000000002,244,244,0,18.400000000000002,56.47,71.61,3.1,0.9,104
2023,6,6,1,0,25.8,67,67,0,19.1,66.47,83.11,3.1,0.7000000000000001,120
2023,6,6,2,0,25,0,0,7,17.7,63.78,94.12,3.2,0.7000000000000001,129
2023,6,6,3,0,24.700000000000003,0,0,3,17.2,63.18,103.98,3.3000000000000003,0.6000000000000001,142
2023,6,6,4,0,24.6,0,0,3,17.1,63.14,112.31,3.4000000000000004,0.5,169
2023,6,6,5,0,23.8,0,0,0,17.400000000000002,67.51,118.48,3.6,0.4,216
2023,6,6,6,0,22.6,0,0,0,17.8,74.18,121.76,3.6,0.6000000000000001,268
2023,6,6,7,0,21.6,0,0,0,17.900000000000002,79.74,121.67,3.7,0.7000000000000001,290
2023,6,6,8,0,20.700000000000003,0,0,1,17.8,83.55,118.21000000000001,3.6,0.8,307
2023,6,6,9,0,19.700000000000003,0,0,3,17.3,85.96000000000001,111.9,3.6,0.9,323
2023,6,6,10,0,19,0,0,4,16.8,87.22,103.47,3.5,1,336
2023,6,6,11,0,18.6,0,0,3,16.7,88.54,93.54,3.4000000000000004,1.1,347
2023,6,6,12,0,20.400000000000002,76,76,8,17,80.73,82.5,3.3000000000000003,2.1,356
2023,6,6,13,0,21.900000000000002,254,89,5,17.5,76.3,70.96000000000001,3.3000000000000003,2.1,1
2023,6,6,14,0,25,452,70,4,17.6,63.550000000000004,58.96,3.3000000000000003,2.1,17
2023,6,6,15,0,27.1,640,158,5,17.6,55.93,46.74,3.3000000000000003,2,30
2023,6,6,16,0,28.3,796,630,3,17.6,52.24,34.57,3.4000000000000004,2,47
2023,6,6,17,0,28.900000000000002,909,909,0,17.7,50.84,22.98,3.4000000000000004,1.9000000000000001,63
2023,6,6,18,0,29,977,977,1,17.900000000000002,51.15,13.99,3.4000000000000004,1.9000000000000001,75
2023,6,6,19,0,29.200000000000003,975,975,0,18.1,51.17,14.290000000000001,3.4000000000000004,1.9000000000000001,83
2023,6,6,20,0,29.1,914,914,0,18.3,52.33,23.51,3.4000000000000004,1.8,91
2023,6,6,21,0,28.700000000000003,792,792,1,18.7,54.65,35.160000000000004,3.4000000000000004,1.8,98
2023,6,6,22,0,28.3,635,580,7,19,57.230000000000004,47.34,3.3000000000000003,1.7000000000000002,100
2023,6,6,23,0,27.8,447,74,9,19.6,61.13,59.54,3.3000000000000003,1.3,101
2023,6,7,0,0,26.5,248,35,6,20.200000000000003,68.33,71.52,3.2,1.1,102
2023,6,7,1,0,24.400000000000002,71,53,7,20.400000000000002,78.18,83.02,3.2,0.8,103
2023,6,7,2,0,23.8,0,0,8,18.8,73.45,94.02,3.1,0.8,101
2023,6,7,3,0,23.3,0,0,7,18.2,73.11,103.87,3,0.8,96
2023,6,7,4,0,22.5,0,0,8,17.8,74.87,112.21000000000001,3,0.8,92
2023,6,7,5,0,21.8,0,0,0,17.5,76.51,118.37,3,0.7000000000000001,90
2023,6,7,6,0,21.200000000000003,0,0,0,17.2,77.87,121.66,3,0.8,89
2023,6,7,7,0,20.400000000000002,0,0,4,17,80.60000000000001,121.57000000000001,3,0.8,86
2023,6,7,8,0,19.5,0,0,5,16.8,84.43,118.13,3,0.8,81
2023,6,7,9,0,18.900000000000002,0,0,3,16.7,86.79,111.84,3,0.8,80
2023,6,7,10,0,18.5,0,0,0,16.5,88.27,103.42,3.1,0.8,86
2023,6,7,11,0,18.400000000000002,0,0,0,16.7,89.61,93.51,3.2,0.7000000000000001,95
2023,6,7,12,0,20,78,78,0,17.5,85.66,82.47,3.2,1,102
2023,6,7,13,0,21.6,258,258,1,18.1,80.65,70.94,3.2,1.3,103
2023,6,7,14,0,25.1,457,457,0,17.7,63.67,58.95,3.3000000000000003,1.7000000000000002,121
2023,6,7,15,0,27.3,646,646,0,17.7,55.92,46.730000000000004,3.3000000000000003,1.7000000000000002,125
2023,6,7,16,0,28.6,805,805,1,18.2,53.22,34.56,3.3000000000000003,1.5,127
2023,6,7,17,0,29.3,919,919,0,18.3,51.51,22.95,3.3000000000000003,1.5,133
2023,6,7,18,0,29.8,974,974,0,18.3,49.97,13.92,3.3000000000000003,1.5,139
2023,6,7,19,0,30.1,974,974,0,18.1,48.78,14.18,3.3000000000000003,1.5,147
2023,6,7,20,0,30.1,912,912,0,18,48.29,23.42,3.4000000000000004,1.5,153
2023,6,7,21,0,30,798,526,3,17.900000000000002,48.18,35.07,3.4000000000000004,1.4000000000000001,160
2023,6,7,22,0,29.700000000000003,638,161,4,17.8,48.76,47.25,3.4000000000000004,1.3,169
2023,6,7,23,0,29.1,449,449,0,18.2,51.99,59.46,3.4000000000000004,1.1,184
2023,6,8,0,0,28.3,249,189,3,18.2,54.160000000000004,71.43,3.4000000000000004,1,201
2023,6,8,1,0,26,72,20,4,19.6,67.86,82.93,3.4000000000000004,0.8,217
2023,6,8,2,0,24.900000000000002,0,0,6,17.900000000000002,65.25,93.92,3.4000000000000004,0.9,231
2023,6,8,3,0,24,0,0,4,17.7,67.96000000000001,103.77,3.3000000000000003,0.9,242
2023,6,8,4,0,23,0,0,0,17.6,71.83,112.10000000000001,3.3000000000000003,0.9,255
2023,6,8,5,0,22.200000000000003,0,0,0,17.5,74.7,118.27,3.2,0.8,279
2023,6,8,6,0,21.400000000000002,0,0,0,17.400000000000002,78.19,121.56,3.2,0.8,303
2023,6,8,7,0,20.3,0,0,0,17.6,84.68,121.48,3.3000000000000003,0.9,299
2023,6,8,8,0,19.3,0,0,0,17.900000000000002,91.47,118.06,3.3000000000000003,0.9,300
2023,6,8,9,0,18.7,0,0,0,18,95.83,111.79,3.4000000000000004,0.9,308
2023,6,8,10,0,18.2,0,0,3,18.1,99.33,103.38,3.4000000000000004,0.9,314
2023,6,8,11,0,18.3,0,0,0,18.2,99.64,93.48,3.4000000000000004,1,321
2023,6,8,12,0,20.6,79,39,3,18.7,88.91,82.46000000000001,3.3000000000000003,2,331
2023,6,8,13,0,22.6,261,261,0,19.400000000000002,81.93,70.93,3.3000000000000003,1.5,341
2023,6,8,14,0,26.3,462,462,0,18.400000000000002,61.67,58.94,3.3000000000000003,0.5,308
2023,6,8,15,0,28.400000000000002,652,652,0,18,53.44,46.730000000000004,3.3000000000000003,0.9,183
2023,6,8,16,0,29.5,810,810,0,18.2,50.58,34.550000000000004,3.3000000000000003,1.4000000000000001,176
2023,6,8,17,0,30.400000000000002,922,922,0,18.400000000000002,48.75,22.93,3.4000000000000004,1.9000000000000001,183
2023,6,8,18,0,30.900000000000002,984,984,0,18.6,47.870000000000005,13.86,3.6,2.2,193
2023,6,8,19,0,31,980,980,0,18.7,47.870000000000005,14.08,3.7,2.3000000000000003,204
2023,6,8,20,0,30.900000000000002,918,400,3,18.7,48.230000000000004,23.330000000000002,3.8000000000000003,2.4000000000000004,214
2023,6,8,21,0,30.6,801,623,3,18.7,49.09,34.99,3.8000000000000003,2.4000000000000004,221
2023,6,8,22,0,30.200000000000003,643,461,3,18.5,49.660000000000004,47.17,3.7,2.4000000000000004,229
2023,6,8,23,0,29.5,456,197,3,19.1,53.53,59.38,3.6,1.9000000000000001,236
2023,6,9,0,0,28.400000000000002,257,257,0,19.900000000000002,60.11,71.35000000000001,3.5,1.4000000000000001,240
2023,6,9,1,0,25.8,77,56,2,20.700000000000003,73.46000000000001,82.85000000000001,3.4000000000000004,0.9,238
2023,6,9,2,0,24.5,0,0,7,19.200000000000003,72.19,93.83,3.3000000000000003,1,235
2023,6,9,3,0,23.700000000000003,0,0,0,18.8,73.82000000000001,103.68,3.2,1,233
2023,6,9,4,0,22.900000000000002,0,0,0,18.5,76.08,112,3.1,1,231
2023,6,9,5,0,22.1,0,0,0,18.2,78.62,118.17,3.1,1.1,231
2023,6,9,6,0,21.5,0,0,0,18,80.5,121.47,3.1,1.1,234
2023,6,9,7,0,20.900000000000002,0,0,0,17.8,82.65,121.4,3.1,1.2000000000000002,240
2023,6,9,8,0,20.5,0,0,3,17.7,84.03,117.99000000000001,3.2,1.2000000000000002,249
2023,6,9,9,0,20.1,0,0,8,17.7,86.32000000000001,111.74000000000001,3.2,1.2000000000000002,257
2023,6,9,10,0,19.700000000000003,0,0,7,17.900000000000002,89.13,103.35000000000001,3.2,1.1,267
2023,6,9,11,0,19.700000000000003,0,0,3,18.2,90.83,93.46000000000001,3.2,0.9,280
2023,6,9,12,0,22.200000000000003,84,84,1,18.8,81.08,82.44,3.1,1.4000000000000001,303
2023,6,9,13,0,24,271,271,0,19.5,75.95,70.93,3,0.9,341
2023,6,9,14,0,27.700000000000003,475,475,0,19.400000000000002,60.6,58.94,2.9000000000000004,0.30000000000000004,54
2023,6,9,15,0,30.1,666,666,0,18.900000000000002,51.22,46.730000000000004,2.9000000000000004,0.8,144
2023,6,9,16,0,31.200000000000003,825,825,0,19.1,48.6,34.550000000000004,2.9000000000000004,1.3,154
2023,6,9,17,0,32,938,938,0,19.3,46.94,22.91,3,1.6,159
2023,6,9,18,0,32.6,1000,1000,0,19.3,45.62,13.8,3,1.7000000000000002,160
2023,6,9,19,0,33,997,997,0,19.400000000000002,44.660000000000004,13.98,3.1,1.8,166
2023,6,9,20,0,33.2,937,937,0,19.3,43.96,23.240000000000002,3.1,1.8,171
2023,6,9,21,0,33,820,820,0,19.200000000000003,44.28,34.910000000000004,3.1,1.8,169
2023,6,9,22,0,32.6,659,659,0,19,44.71,47.09,3.2,1.7000000000000002,166
2023,6,9,23,0,31.8,468,468,0,19.5,48.22,59.300000000000004,3.2,1.5,157
2023,6,10,0,0,30.8,265,265,0,19.900000000000002,52.36,71.27,3.2,1.3,148
2023,6,10,1,0,27.200000000000003,80,63,7,21.400000000000002,70.46000000000001,82.76,3.2,0.9,133
2023,6,10,2,0,25.400000000000002,0,0,7,19.6,70.44,93.74,3.2,1.2000000000000002,130
2023,6,10,3,0,24.700000000000003,0,0,7,19.200000000000003,71.71000000000001,103.59,3.2,1.6,134
2023,6,10,4,0,24.3,0,0,6,19.3,73.49,111.91,3.3000000000000003,2.1,141
2023,6,10,5,0,24.1,0,0,7,19.5,75.46000000000001,118.08,3.3000000000000003,2.8000000000000003,148
2023,6,10,6,0,23.700000000000003,0,0,7,19.8,78.7,121.38,3.4000000000000004,3,154
2023,6,10,7,0,23.3,0,0,7,20,81.63,121.33,3.5,2.9000000000000004,158
2023,6,10,8,0,22.700000000000003,0,0,7,20.200000000000003,86,117.93,3.7,2.6,163
2023,6,10,9,0,21.900000000000002,0,0,7,20.6,92.26,111.69,3.9000000000000004,1.8,164
2023,6,10,10,0,21.1,0,0,6,20.900000000000002,98.5,103.32000000000001,4,1.2000000000000002,159
2023,6,10,11,0,21,0,0,9,21,100,93.44,4.2,1.3,151
2023,6,10,12,0,21.700000000000003,77,9,9,21.6,99.14,82.43,4.2,2.2,145
2023,6,10,13,0,22.700000000000003,256,13,9,22.3,97.32000000000001,70.92,4.1000000000000005,2.4000000000000004,139
2023,6,10,14,0,24.1,457,16,9,22.8,92.47,58.94,3.9000000000000004,2.3000000000000003,129
2023,6,10,15,0,25.8,649,220,6,21.900000000000002,79.14,46.730000000000004,3.6,2.3000000000000003,124
2023,6,10,16,0,27.3,812,568,7,20.900000000000002,68.09,34.550000000000004,3.4000000000000004,2.2,131
2023,6,10,17,0,28.400000000000002,927,927,0,20.6,62.68,22.900000000000002,3.3000000000000003,2.2,141
2023,6,10,18,0,29.200000000000003,988,988,0,20.400000000000002,59.15,13.75,3.3000000000000003,2.1,153
2023,6,10,19,0,29.8,983,983,0,20.3,56.65,13.89,3.5,2.1,165
2023,6,10,20,0,30,921,921,0,20.200000000000003,55.910000000000004,23.16,3.6,1.7000000000000002,170
2023,6,10,21,0,30.1,807,807,0,20.400000000000002,55.99,34.83,3.8000000000000003,1.2000000000000002,169
2023,6,10,22,0,30,648,648,0,21,58.59,47.02,3.8000000000000003,0.7000000000000001,153
2023,6,10,23,0,29.3,458,458,0,21.200000000000003,61.65,59.22,3.9000000000000004,0.6000000000000001,46
2023,6,11,0,0,27.8,259,259,0,22.400000000000002,72.34,71.19,3.8000000000000003,0.8,53
2023,6,11,1,0,25.3,78,78,1,21.8,81.19,82.68,3.7,1,71
2023,6,11,2,0,24.1,0,0,0,21.1,83.33,93.66,3.5,1.2000000000000002,89
2023,6,11,3,0,23.400000000000002,0,0,7,21.3,87.85000000000001,103.5,3.3000000000000003,1.2000000000000002,108
2023,6,11,4,0,22.700000000000003,0,0,7,21.700000000000003,94.29,111.82000000000001,3.2,1.1,130
2023,6,11,5,0,22.200000000000003,0,0,6,22.200000000000003,100,117.99000000000001,3.1,1,151
2023,6,11,6,0,21.700000000000003,0,0,7,21.700000000000003,100,121.3,2.9000000000000004,1,167
2023,6,11,7,0,21.400000000000002,0,0,7,21.400000000000002,100,121.26,2.9000000000000004,1,186
2023,6,11,8,0,21.1,0,0,7,21.1,100,117.88,2.8000000000000003,1,204
2023,6,11,9,0,20.900000000000002,0,0,0,20.900000000000002,100,111.66,2.8000000000000003,1,215
2023,6,11,10,0,20.5,0,0,0,20.5,100,103.29,2.8000000000000003,1,225
2023,6,11,11,0,20.5,0,0,0,20.5,100,93.43,2.8000000000000003,1.1,240
2023,6,11,12,0,22.3,84,30,3,22,97.95,82.43,2.8000000000000003,2.2,264
2023,6,11,13,0,23.6,270,270,0,22.3,92.16,70.93,2.9000000000000004,2.3000000000000003,285
2023,6,11,14,0,26,472,472,0,21.5,76.18,58.95,3,2.7,297
2023,6,11,15,0,28.1,663,663,0,20,61.45,46.74,3,2.9000000000000004,307
2023,6,11,16,0,29.5,821,821,0,19.1,53.72,34.550000000000004,3.1,3,314
2023,6,11,17,0,30.400000000000002,935,935,0,18.8,50.06,22.900000000000002,3.1,3.1,321
2023,6,11,18,0,31,994,994,0,18.8,48.13,13.71,3.2,3.3000000000000003,329
2023,6,11,19,0,31.200000000000003,992,992,0,18.7,47.45,13.81,3.3000000000000003,3.5,336
2023,6,11,20,0,31.1,932,932,0,18.7,47.6,23.080000000000002,3.3000000000000003,3.6,343
2023,6,11,21,0,30.8,818,818,0,18.5,47.86,34.76,3.3000000000000003,3.6,348
2023,6,11,22,0,30.1,659,659,0,18.2,48.94,46.94,3.2,3.6,355
2023,6,11,23,0,28.900000000000002,469,469,0,18.1,52.25,59.15,3.1,3.4000000000000004,3
2023,6,12,0,0,27,265,265,0,18.8,60.84,71.12,3,2.7,11
2023,6,12,1,0,24.200000000000003,80,80,0,18.7,71.26,82.60000000000001,2.9000000000000004,2.2,18
2023,6,12,2,0,22.900000000000002,0,0,0,17.900000000000002,73.64,93.58,2.8000000000000003,2.8000000000000003,24
2023,6,12,3,0,21.900000000000002,0,0,7,17.7,77.18,103.42,2.7,3.1,30
2023,6,12,4,0,20.8,0,0,7,17.8,82.89,111.74000000000001,2.8000000000000003,2.9000000000000004,38
2023,6,12,5,0,19.8,0,0,7,17.900000000000002,89.07000000000001,117.91,2.8000000000000003,2.8000000000000003,47
2023,6,12,6,0,18.8,0,0,7,18.1,95.89,121.23,2.8000000000000003,2.5,56
2023,6,12,7,0,18,0,0,0,18,99.93,121.2,2.8000000000000003,2.1,60
2023,6,12,8,0,17.5,0,0,0,17.5,100,117.83,2.8000000000000003,2,58
2023,6,12,9,0,17,0,0,6,17,100,111.63,2.9000000000000004,2.2,51
2023,6,12,10,0,16.6,0,0,9,16.6,99.95,103.27,3,2.3000000000000003,47
2023,6,12,11,0,16.400000000000002,0,0,9,16.3,99.61,93.42,3.2,2.2,53
2023,6,12,12,0,17.3,76,5,9,16.7,96.15,82.43,3.4000000000000004,2.8000000000000003,64
2023,6,12,13,0,18.5,252,16,9,16.6,88.8,70.93,3.6,3.1,70
2023,6,12,14,0,19.6,446,10,9,16.2,80.95,58.96,3.8000000000000003,3.2,67
2023,6,12,15,0,20.5,636,32,9,16.1,75.81,46.75,3.9000000000000004,3.3000000000000003,60
2023,6,12,16,0,21.5,793,139,6,16.1,71.17,34.56,3.9000000000000004,3.4000000000000004,58
2023,6,12,17,0,22.8,906,68,6,16,65.31,22.89,3.9000000000000004,3.5,64
2023,6,12,18,0,24.3,967,45,6,15.9,59.28,13.67,3.8000000000000003,3.5,74
2023,6,12,19,0,25.400000000000002,966,353,7,15.8,55.29,13.73,3.8000000000000003,3.3000000000000003,90
2023,6,12,20,0,26,913,64,6,15.9,53.75,23.01,3.6,3.4000000000000004,111
2023,6,12,21,0,26,800,34,9,16.1,54.32,34.68,3.6,2.9000000000000004,130
2023,6,12,22,0,25.1,640,307,7,16.5,58.83,46.87,3.7,1.7000000000000002,136
2023,6,12,23,0,23.5,450,13,7,17.3,68.04,59.07,3.9000000000000004,1,98
2023,6,13,0,0,21.8,250,10,5,17.7,77.76,71.04,4.1000000000000005,0.9,51
2023,6,13,1,0,19.900000000000002,75,46,3,17.400000000000002,85.72,82.53,4.1000000000000005,1.6,17
2023,6,13,2,0,18.2,0,0,3,16.8,91.69,93.5,3.9000000000000004,2.6,9
2023,6,13,3,0,17.400000000000002,0,0,1,16.5,94.53,103.34,3.8000000000000003,2.6,18
2023,6,13,4,0,17.1,0,0,0,16.400000000000002,95.85000000000001,111.66,3.5,2.4000000000000004,36
2023,6,13,5,0,16.900000000000002,0,0,1,16.400000000000002,96.79,117.83,3.4000000000000004,2.1,55
2023,6,13,6,0,16.7,0,0,3,16.3,97.71000000000001,121.16,3.4000000000000004,2,68
2023,6,13,7,0,16.7,0,0,0,16.3,97.56,121.15,3.4000000000000004,2.2,74
2023,6,13,8,0,16.6,0,0,1,16.3,98.10000000000001,117.79,3.5,2.2,76
2023,6,13,9,0,16.5,0,0,1,16.3,98.48,111.60000000000001,3.6,2.3000000000000003,76
2023,6,13,10,0,16.400000000000002,0,0,3,16.2,98.77,103.26,3.7,2.2,76
2023,6,13,11,0,16.400000000000002,0,0,3,16.2,98.65,93.42,3.7,2.2,78
2023,6,13,12,0,17,76,76,0,16.400000000000002,96,82.43,3.7,2.5,83
2023,6,13,13,0,18.1,251,251,0,16.400000000000002,89.57000000000001,70.94,3.7,2.6,86
2023,6,13,14,0,19.8,449,449,0,16.2,79.82000000000001,58.97,3.7,2.8000000000000003,85
2023,6,13,15,0,21.5,638,638,0,16.2,71.79,46.77,3.6,2.8000000000000003,85
2023,6,13,16,0,23.1,796,371,3,16.6,67.03,34.58,3.6,2.7,88
2023,6,13,17,0,24.5,912,624,3,17.400000000000002,64.74,22.900000000000002,3.5,2.6,94
2023,6,13,18,0,25.6,975,437,3,18.2,63.85,13.64,3.4000000000000004,2.3000000000000003,105
2023,6,13,19,0,26.3,976,561,3,19,64.04,13.66,3.3000000000000003,2,119
2023,6,13,20,0,26.700000000000003,917,917,0,19.5,64.81,22.93,3.3000000000000003,1.8,135
2023,6,13,21,0,26.8,801,118,3,20,66.19,34.62,3.4000000000000004,1.7000000000000002,143
2023,6,13,22,0,26.6,643,643,1,20.200000000000003,68.14,46.800000000000004,3.4000000000000004,1.6,150
2023,6,13,23,0,26.1,455,181,3,20.400000000000002,70.97,59.01,3.4000000000000004,1.3,160
2023,6,14,0,0,25.400000000000002,256,132,3,20.8,75.94,70.97,3.4000000000000004,0.7000000000000001,175
2023,6,14,1,0,24.200000000000003,79,48,3,21.200000000000003,83.54,82.46000000000001,3.3000000000000003,0.30000000000000004,309
2023,6,14,2,0,23.5,0,0,3,20.3,82.32000000000001,93.43,3,0.4,357
2023,6,14,3,0,22.900000000000002,0,0,6,20.1,84.32000000000001,103.27,2.8000000000000003,0.5,40
2023,6,14,4,0,21.700000000000003,0,0,7,20,89.94,111.59,2.8000000000000003,0.7000000000000001,89
2023,6,14,5,0,20.8,0,0,3,19.900000000000002,94.56,117.77,2.9000000000000004,0.8,101
2023,6,14,6,0,20.6,0,0,0,19.8,95.14,121.10000000000001,3.1,0.7000000000000001,104
2023,6,14,7,0,20.6,0,0,0,19.700000000000003,94.43,121.10000000000001,3.2,0.5,130
2023,6,14,8,0,19.900000000000002,0,0,0,19.6,97.98,117.76,3.2,0.6000000000000001,197
2023,6,14,9,0,18.900000000000002,0,0,0,18.900000000000002,100,111.58,3.2,0.8,235
2023,6,14,10,0,18.1,0,0,1,18.1,100,103.25,3.1,0.9,269
2023,6,14,11,0,18,0,0,0,18,100,93.42,3,1,298
2023,6,14,12,0,20.200000000000003,80,80,0,19.400000000000002,95.41,82.44,2.9000000000000004,2.3000000000000003,321
2023,6,14,13,0,22.400000000000002,263,263,0,19.700000000000003,84.55,70.96000000000001,2.8000000000000003,2.6,336
2023,6,14,14,0,24.400000000000002,465,465,0,19.400000000000002,73.63,58.99,2.8000000000000003,3.2,345
2023,6,14,15,0,25.8,654,654,0,19.1,66.5,46.79,2.8000000000000003,3.2,348
2023,6,14,16,0,27.1,815,815,0,18.7,60.1,34.6,2.9000000000000004,2.9000000000000004,348
2023,6,14,17,0,28.200000000000003,931,931,0,18.400000000000002,55.36,22.91,2.9000000000000004,2.6,344
2023,6,14,18,0,29,995,995,0,18.3,52.38,13.620000000000001,2.9000000000000004,2.4000000000000004,336
2023,6,14,19,0,29.700000000000003,995,995,0,18.2,50.04,13.59,3,2.2,325
2023,6,14,20,0,30,936,936,0,18.1,49.02,22.86,3,2.1,315
2023,6,14,21,0,30,823,823,0,18,48.59,34.550000000000004,3.1,2,308
2023,6,14,22,0,29.700000000000003,662,662,0,17.900000000000002,49,46.74,3.2,2,306
2023,6,14,23,0,29,471,471,0,17.900000000000002,51.32,58.94,3.2,1.8,307
2023,6,15,0,0,27.8,268,268,0,19,58.92,70.91,3.1,1.3,315
2023,6,15,1,0,25.5,82,63,3,19.6,70.07000000000001,82.39,3,0.8,331
2023,6,15,2,0,24.700000000000003,0,0,0,17.5,64.18,93.36,2.9000000000000004,0.9,355
2023,6,15,3,0,24.200000000000003,0,0,0,16.8,63.24,103.2,2.7,0.9,24
2023,6,15,4,0,23.5,0,0,0,16.3,64.01,111.52,2.6,0.8,53
2023,6,15,5,0,23.3,0,0,0,15.8,62.56,117.7,2.4000000000000004,0.7000000000000001,83
2023,6,15,6,0,22.700000000000003,0,0,0,15.4,63.54,121.05,2.3000000000000003,0.7000000000000001,113
2023,6,15,7,0,21.700000000000003,0,0,0,15.3,67.12,121.06,2.1,0.8,129
2023,6,15,8,0,20.6,0,0,0,15.3,71.52,117.73,2.1,0.8,134
2023,6,15,9,0,19.8,0,0,0,15.200000000000001,74.95,111.57000000000001,2.2,0.9,134
2023,6,15,10,0,19.3,0,0,0,15.3,77.8,103.25,2.3000000000000003,0.8,127
2023,6,15,11,0,18.8,0,0,0,15.8,82.47,93.43,2.5,0.9,111
2023,6,15,12,0,20.5,81,81,0,17.3,81.98,82.46000000000001,2.5,1.2000000000000002,103
2023,6,15,13,0,22.3,264,264,0,17.5,74.29,70.98,2.6,1.7000000000000002,105
2023,6,15,14,0,25.700000000000003,468,468,0,17.900000000000002,62.24,59.01,2.6,2.1,128
2023,6,15,15,0,28.200000000000003,659,659,0,17.8,53.22,46.81,2.7,2.4000000000000004,140
2023,6,15,16,0,29.400000000000002,819,819,0,17.7,49.38,34.62,2.7,2.6,137
2023,6,15,17,0,30,931,931,0,17.900000000000002,48.410000000000004,22.92,2.8000000000000003,2.9000000000000004,138
2023,6,15,18,0,30.6,996,996,0,18.2,47.7,13.6,2.9000000000000004,3.2,143
2023,6,15,19,0,30.900000000000002,993,993,0,18.6,47.82,13.530000000000001,3,3.4000000000000004,144
2023,6,15,20,0,30.8,932,932,0,18.900000000000002,49.26,22.8,3.1,3.6,143
2023,6,15,21,0,30.700000000000003,812,54,6,19.400000000000002,51.07,34.480000000000004,3.2,3.8000000000000003,143
2023,6,15,22,0,30.6,647,76,9,20,53.24,46.68,3.3000000000000003,4,146
2023,6,15,23,0,29.700000000000003,451,24,9,21,59.550000000000004,58.88,3.5,3.4000000000000004,142
2023,6,16,0,0,27.900000000000002,249,128,6,22.400000000000002,71.86,70.84,3.9000000000000004,2.7,129
2023,6,16,1,0,25.5,73,48,6,22.400000000000002,83.13,82.33,4,2.9000000000000004,128
2023,6,16,2,0,24.400000000000002,0,0,9,22.5,89.09,93.3,4,3.4000000000000004,133
2023,6,16,3,0,23.700000000000003,0,0,6,22.6,93.84,103.13,4,3.7,132
2023,6,16,4,0,22.900000000000002,0,0,7,22.700000000000003,98.63,111.46000000000001,3.8000000000000003,3.5,131
2023,6,16,5,0,22.400000000000002,0,0,1,22.400000000000002,100,117.65,3.6,3.3000000000000003,132
2023,6,16,6,0,22,0,0,0,22,100,121,3.5,3,127
2023,6,16,7,0,21.5,0,0,3,21.5,100,121.02,3.4000000000000004,2.4000000000000004,116
2023,6,16,8,0,20.8,0,0,3,20.8,100,117.71000000000001,3.4000000000000004,1.9000000000000001,96
2023,6,16,9,0,20.200000000000003,0,0,0,20.200000000000003,100,111.56,3.4000000000000004,1.3,83
2023,6,16,10,0,19.6,0,0,0,19.6,100,103.26,3.4000000000000004,0.9,78
2023,6,16,11,0,19.5,0,0,3,19.5,100,93.44,3.4000000000000004,1,58
2023,6,16,12,0,20.3,72,72,1,19.900000000000002,97.67,82.48,3.3000000000000003,1.6,35
2023,6,16,13,0,21.8,248,120,3,20.900000000000002,94.92,71,3.2,1.3,343
2023,6,16,14,0,23.8,449,179,3,21.5,86.98,59.04,3.1,2,318
2023,6,16,15,0,25.6,645,645,1,21,75.75,46.84,3,2.4000000000000004,324
2023,6,16,16,0,27.200000000000003,812,578,3,20.700000000000003,67.66,34.64,2.9000000000000004,2.6,331
2023,6,16,17,0,28.5,929,929,0,20.6,62.29,22.94,2.9000000000000004,2.6,333
2023,6,16,18,0,29.6,998,998,0,20.6,58.46,13.59,2.9000000000000004,2.6,336
2023,6,16,19,0,30.3,1002,1002,0,20.5,55.97,13.48,2.9000000000000004,2.6,343
2023,6,16,20,0,30.700000000000003,942,942,0,20.400000000000002,54.13,22.740000000000002,3,2.7,354
2023,6,16,21,0,30.8,830,830,0,20.1,53.04,34.42,3,2.8000000000000003,2
2023,6,16,22,0,30.5,673,673,0,19.8,52.82,46.61,2.9000000000000004,2.6,9
2023,6,16,23,0,29.8,483,483,0,19.6,54.19,58.82,2.8000000000000003,2.3000000000000003,17
2023,6,17,0,0,28.5,279,279,0,20.400000000000002,61.75,70.78,2.7,1.5,27
2023,6,17,1,0,25.8,90,90,0,20.700000000000003,73.35000000000001,82.27,2.7,0.9,36
2023,6,17,2,0,25.3,0,0,0,18.5,66.16,93.24,2.6,0.8,43
2023,6,17,3,0,25.6,0,0,0,17.8,61.97,103.07000000000001,2.6,0.5,77
2023,6,17,4,0,25.200000000000003,0,0,0,17.6,62.71,111.41,2.6,0.30000000000000004,158
2023,6,17,5,0,24.5,0,0,0,17.5,65.13,117.60000000000001,2.5,0.4,196
2023,6,17,6,0,24,0,0,0,17.3,66.34,120.96000000000001,2.5,0.30000000000000004,170
2023,6,17,7,0,23.400000000000002,0,0,0,17.2,67.97,121,2.5,0.5,128
2023,6,17,8,0,22,0,0,0,17,73.14,117.7,2.5,0.7000000000000001,150
2023,6,17,9,0,21.700000000000003,0,0,0,17.2,75.72,111.56,2.5,0.7000000000000001,152
2023,6,17,10,0,21.5,0,0,0,17.6,78.32000000000001,103.27,2.5,0.5,96
2023,6,17,11,0,20.200000000000003,0,0,3,17.8,86.21000000000001,93.45,2.5,0.8,49
2023,6,17,12,0,21.6,83,71,3,18.900000000000002,84.7,82.5,2.6,1.6,43
2023,6,17,13,0,23.200000000000003,265,265,0,19.3,78.78,71.03,2.7,2.3000000000000003,34
2023,6,17,14,0,26.1,466,466,0,19.5,67.01,59.07,2.8000000000000003,2.9000000000000004,50
2023,6,17,15,0,27.900000000000002,653,653,0,18.8,57.86,46.87,3,3.2,64
2023,6,17,16,0,29,810,810,0,18.8,54.08,34.67,3.1,3,86
2023,6,17,17,0,29.6,922,681,8,18.900000000000002,52.69,22.96,3.2,3,112
2023,6,17,18,0,29.900000000000002,977,977,1,19.200000000000003,52.83,13.59,3.4000000000000004,3.2,137
2023,6,17,19,0,30,972,844,3,19.8,54.52,13.43,3.6,3.5,153
2023,6,17,20,0,29.8,906,906,0,20.6,57.93,22.68,3.8000000000000003,3.5,162
2023,6,17,21,0,29.6,793,716,7,21.5,61.93,34.37,4,3.5,165
2023,6,17,22,0,29.3,635,635,0,22.6,67.12,46.56,4,3,160
2023,6,17,23,0,28.6,447,447,0,24,76.07000000000001,58.76,4.1000000000000005,1.9000000000000001,141
2023,6,18,0,0,27.700000000000003,250,126,6,24.6,83.29,70.72,4.2,1.5,87
2023,6,18,1,0,25.8,73,38,7,24.700000000000003,93.47,82.21000000000001,4.6000000000000005,1.6,116
2023,6,18,2,0,25.200000000000003,0,0,9,24.400000000000002,95.25,93.18,4.9,2.5,134
2023,6,18,3,0,25,0,0,1,24.6,97.56,103.02,5,3.8000000000000003,159
2023,6,18,4,0,24.700000000000003,0,0,7,24.3,97.49000000000001,111.36,4.3,5.2,156
2023,6,18,5,0,23.1,0,0,7,21.8,92.60000000000001,117.56,3.7,4.6000000000000005,158
2023,6,18,6,0,21,0,0,9,19,88.54,120.93,3.5,3,167
2023,6,18,7,0,20,0,0,9,17.7,86.49,120.98,3.4000000000000004,2.4000000000000004,169
2023,6,18,8,0,19.400000000000002,0,0,9,17.400000000000002,88.46000000000001,117.69,3.2,2.1,178
2023,6,18,9,0,19.1,0,0,6,18.1,93.98,111.56,3.2,1.6,189
2023,6,18,10,0,18.900000000000002,0,0,0,18.8,99.27,103.28,3.2,1.3,212
2023,6,18,11,0,19.6,0,0,1,19.6,100,93.48,3,1.6,228
2023,6,18,12,0,20.8,79,79,1,20.700000000000003,99.22,82.52,2.7,2.1,247
2023,6,18,13,0,22.200000000000003,265,265,0,21.400000000000002,95.26,71.06,2.6,2.4000000000000004,290
2023,6,18,14,0,23.700000000000003,470,470,0,21,84.85000000000001,59.1,2.6,3.4000000000000004,323
2023,6,18,15,0,25,663,663,0,20,74.03,46.9,2.6,3.6,329
2023,6,18,16,0,26.3,823,823,0,19.8,67.46000000000001,34.71,2.7,3.3000000000000003,321
2023,6,18,17,0,27.400000000000002,940,940,0,19.8,63.06,22.990000000000002,2.7,3.1,309
2023,6,18,18,0,28.400000000000002,1007,1007,0,19.700000000000003,59.15,13.59,2.7,3.1,303
2023,6,18,19,0,29.1,1008,1008,0,19.400000000000002,55.730000000000004,13.38,2.7,3.1,302
2023,6,18,20,0,29.5,950,950,0,19,53.19,22.63,2.7,3,301
2023,6,18,21,0,29.6,837,837,0,18.7,51.93,34.31,2.7,2.8000000000000003,301
2023,6,18,22,0,29.400000000000002,679,679,0,18.400000000000002,51.76,46.5,2.6,2.4000000000000004,299
2023,6,18,23,0,28.900000000000002,488,488,0,18.5,53.39,58.7,2.6,1.9000000000000001,297
2023,6,19,0,0,27.8,284,284,0,19.5,60.69,70.67,2.5,1.2000000000000002,293
2023,6,19,1,0,25.8,94,94,0,19.6,68.79,82.16,2.4000000000000004,0.7000000000000001,282
2023,6,19,2,0,25.6,0,0,0,17.400000000000002,60.51,93.13,2.4000000000000004,0.6000000000000001,236
2023,6,19,3,0,24.400000000000002,0,0,0,17.400000000000002,65,102.97,2.3000000000000003,0.8,182
2023,6,19,4,0,22.900000000000002,0,0,0,17.400000000000002,71.17,111.31,2.3000000000000003,1.1,166
2023,6,19,5,0,21.3,0,0,0,17.400000000000002,78.44,117.52,2.4000000000000004,1.1,161
2023,6,19,6,0,20.400000000000002,0,0,0,17.3,82.45,120.9,2.5,1.2000000000000002,160
2023,6,19,7,0,19.8,0,0,0,17.2,85.06,120.96000000000001,2.5,1.2000000000000002,161
2023,6,19,8,0,19.3,0,0,0,17.2,87.54,117.69,2.5,1.3,163
2023,6,19,9,0,18.8,0,0,0,17.3,90.97,111.58,2.5,1.3,166
2023,6,19,10,0,18.3,0,0,0,17.5,95.10000000000001,103.3,2.5,1.2000000000000002,166
2023,6,19,11,0,18.3,0,0,0,17.900000000000002,97.34,93.5,2.5,1.2000000000000002,162
2023,6,19,12,0,21.1,85,85,0,18.900000000000002,87.48,82.55,2.5,2.2,156
2023,6,19,13,0,23.1,272,272,0,20,82.87,71.09,2.6,2.3000000000000003,147
2023,6,19,14,0,26.200000000000003,476,476,0,20.700000000000003,71.75,59.14,2.6,2.9000000000000004,147
2023,6,19,15,0,28.5,664,664,0,19.900000000000002,59.71,46.94,2.7,3.6,146
2023,6,19,16,0,30,822,822,0,19.5,53.52,34.74,2.8000000000000003,4,145
2023,6,19,17,0,31.200000000000003,932,932,0,19.700000000000003,50.32,23.02,3,4.3,145
2023,6,19,18,0,32,986,986,0,20,49.24,13.6,3.2,4.4,146
2023,6,19,19,0,32.5,980,980,0,20.6,49.7,13.35,3.5,4.3,147
2023,6,19,20,0,32.7,914,914,0,21.400000000000002,51.42,22.580000000000002,3.8000000000000003,4.2,146
2023,6,19,21,0,32.6,803,803,0,22.1,53.93,34.26,4,4,142
2023,6,19,22,0,32.1,645,645,0,22.700000000000003,57.53,46.45,4.1000000000000005,3.9000000000000004,135
2023,6,19,23,0,31.1,458,458,0,23.3,63.21,58.65,4.2,3.7,124
2023,6,20,0,0,29.5,259,259,0,24,72.35000000000001,70.62,4.3,3.2,113
2023,6,20,1,0,27.400000000000002,81,81,0,23.900000000000002,81.16,82.11,4.3,3.1,110
2023,6,20,2,0,26.200000000000003,0,0,0,23.5,85.19,93.08,4.1000000000000005,3.5,112
2023,6,20,3,0,25.5,0,0,0,23.3,87.84,102.93,4.1000000000000005,3.7,114
2023,6,20,4,0,25.1,0,0,0,23.1,88.67,111.27,4.1000000000000005,3.7,115
2023,6,20,5,0,24.700000000000003,0,0,0,22.8,88.95,117.49000000000001,4.2,3.6,116
2023,6,20,6,0,24.400000000000002,0,0,0,22.5,88.99,120.88,4.3,3.4000000000000004,116
2023,6,20,7,0,24.1,0,0,3,22.3,89.95,120.96000000000001,4.3,3.2,117
2023,6,20,8,0,23.900000000000002,0,0,3,22.3,91.03,117.7,4.1000000000000005,3.3000000000000003,118
2023,6,20,9,0,23.6,0,0,0,22.3,92.59,111.59,3.9000000000000004,3.3000000000000003,120
2023,6,20,10,0,23.1,0,0,0,22.200000000000003,94.9,103.32000000000001,3.7,3.3000000000000003,122
2023,6,20,11,0,22.700000000000003,0,0,0,22.1,96.13,93.53,3.6,3.2,120
2023,6,20,12,0,23.6,77,77,0,22,90.94,82.59,3.5,3.7,123
2023,6,20,13,0,25.700000000000003,255,255,0,22.400000000000002,81.87,71.13,3.6,4,129
2023,6,20,14,0,28,454,454,0,22.8,73.19,59.18,3.6,4.6000000000000005,139
2023,6,20,15,0,29.8,643,643,0,22.700000000000003,65.9,46.980000000000004,3.6,4.7,139
2023,6,20,16,0,31.3,798,798,0,22.8,60.75,34.78,3.8000000000000003,4.6000000000000005,137
2023,6,20,17,0,32.5,908,908,0,23.200000000000003,58.21,23.05,4,4.5,135
2023,6,20,18,0,33.300000000000004,969,969,0,23.700000000000003,57.15,13.61,4.2,4.3,132
2023,6,20,19,0,33.800000000000004,967,967,0,24,56.84,13.32,4.4,4.1000000000000005,129
2023,6,20,20,0,33.9,907,907,0,24.3,57.43,22.53,4.5,4,126
2023,6,20,21,0,33.800000000000004,797,797,0,24.6,58.67,34.21,4.5,3.9000000000000004,122
2023,6,20,22,0,33.300000000000004,641,641,0,24.8,61.050000000000004,46.4,4.4,4,120
2023,6,20,23,0,32.4,455,455,0,24.900000000000002,64.85,58.6,4.3,3.9000000000000004,119
2023,6,21,0,0,31,256,256,0,25.3,71.83,70.57000000000001,4.3,3.3000000000000003,120
2023,6,21,1,0,29.1,79,73,8,25.3,80.22,82.07000000000001,4.4,2.4000000000000004,125
2023,6,21,2,0,28.200000000000003,0,0,7,25.200000000000003,83.74,93.04,4.5,2.3000000000000003,132
2023,6,21,3,0,27.400000000000002,0,0,0,25.3,88.44,102.89,4.4,2.1,137
2023,6,21,4,0,26.8,0,0,1,25.5,92.38,111.24000000000001,4.4,2.2,137
2023,6,21,5,0,26.5,0,0,0,25.5,94.31,117.47,4.4,2.6,134
2023,6,21,6,0,26,0,0,0,25.5,96.83,120.87,4.5,2.8000000000000003,130
2023,6,21,7,0,25.700000000000003,0,0,0,25.3,97.52,120.96000000000001,4.4,2.9000000000000004,126
2023,6,21,8,0,25.3,0,0,1,25,98.03,117.71000000000001,4.4,2.7,123
2023,6,21,9,0,24.700000000000003,0,0,0,24.5,98.74000000000001,111.61,4.3,2.4000000000000004,121
2023,6,21,10,0,24.200000000000003,0,0,0,23.900000000000002,98.19,103.35000000000001,4.2,2.4000000000000004,119
2023,6,21,11,0,24,0,0,1,23.3,95.92,93.57000000000001,4.2,2.6,117
2023,6,21,12,0,24.700000000000003,73,73,0,23,90.35000000000001,82.63,4.2,3.2,115
2023,6,21,13,0,26,245,245,0,22.8,82.63,71.17,4.3,3.8000000000000003,126
2023,6,21,14,0,27.3,440,440,1,23,77.36,59.22,4.3,3.9000000000000004,131
2023,6,21,15,0,28.3,621,621,0,23.3,74.21000000000001,47.02,4.5,3.8000000000000003,124
2023,6,21,16,0,28.700000000000003,774,586,8,23.3,72.74,34.82,4.7,3.9000000000000004,114
2023,6,21,17,0,28.8,886,314,6,23.200000000000003,71.99,23.09,4.800000000000001,4.1000000000000005,107
2023,6,21,18,0,28.700000000000003,943,833,7,23.1,71.68,13.63,4.800000000000001,4.4,102
2023,6,21,19,0,28.700000000000003,947,947,0,22.8,70.61,13.290000000000001,4.800000000000001,4.7,101
2023,6,21,20,0,28.700000000000003,895,895,0,22.6,69.46000000000001,22.490000000000002,4.7,4.7,101
2023,6,21,21,0,28.6,783,783,0,22.3,68.58,34.17,4.7,4.3,101
2023,6,21,22,0,28.400000000000002,633,633,0,22,68.39,46.36,4.6000000000000005,3.7,101
2023,6,21,23,0,27.900000000000002,450,450,0,22.200000000000003,71.14,58.56,4.6000000000000005,2.7,103
2023,6,22,0,0,26.8,256,256,0,22.900000000000002,79.37,70.53,4.5,1.6,101
2023,6,22,1,0,25.3,82,67,7,22.5,84.75,82.02,4.4,1,99
2023,6,22,2,0,24.400000000000002,0,0,6,21.8,85.52,93,4.3,0.9,93
2023,6,22,3,0,23.900000000000002,0,0,6,21.400000000000002,85.9,102.86,4.3,1,84
2023,6,22,4,0,23.3,0,0,6,21.1,87.21000000000001,111.21000000000001,4.3,1.1,77
2023,6,22,5,0,22.900000000000002,0,0,6,20.700000000000003,87.29,117.45,4.2,1.3,73
2023,6,22,6,0,22.6,0,0,7,20.200000000000003,86.38,120.86,4.2,1.6,71
2023,6,22,7,0,22.200000000000003,0,0,6,19.700000000000003,85.83,120.96000000000001,4.1000000000000005,1.8,70
2023,6,22,8,0,21.8,0,0,7,19.3,85.51,117.73,4,2,70
2023,6,22,9,0,21.3,0,0,7,18.900000000000002,86.41,111.64,3.8000000000000003,1.9000000000000001,70
2023,6,22,10,0,20.8,0,0,7,18.8,88.2,103.39,3.7,1.8,69
2023,6,22,11,0,20.700000000000003,0,0,0,18.900000000000002,89.5,93.61,3.5,1.8,71
2023,6,22,12,0,22.1,77,77,0,19.400000000000002,84.93,82.67,3.4000000000000004,2.6,73
2023,6,22,13,0,24.1,258,258,0,20.6,80.86,71.21000000000001,3.4000000000000004,2.4000000000000004,82
2023,6,22,14,0,27.400000000000002,459,459,0,22,72.31,59.26,3.3000000000000003,3,116
2023,6,22,15,0,29.3,647,647,0,22.200000000000003,65.53,47.07,3.4000000000000004,3.1,122
2023,6,22,16,0,30.400000000000002,802,802,0,22.1,61.160000000000004,34.87,3.7,2.8000000000000003,122
2023,6,22,17,0,31.400000000000002,912,912,0,21.900000000000002,57.25,23.14,3.9000000000000004,2.6,125
2023,6,22,18,0,32,969,969,0,21.8,54.83,13.66,4.2,2.5,129
2023,6,22,19,0,32.1,965,965,0,21.700000000000003,54.160000000000004,13.27,4.5,2.4000000000000004,129
2023,6,22,20,0,32,905,793,7,21.6,54.370000000000005,22.45,4.7,2.3000000000000003,128
2023,6,22,21,0,31.5,793,668,8,21.6,55.7,34.12,4.800000000000001,2.2,126
2023,6,22,22,0,30.700000000000003,639,397,7,21.700000000000003,58.63,46.31,4.800000000000001,2.1,124
2023,6,22,23,0,29.900000000000002,454,351,7,22.3,63.96,58.52,4.800000000000001,1.8,121
2023,6,23,0,0,28.700000000000003,259,129,6,23.1,71.66,70.49,4.7,1.4000000000000001,118
2023,6,23,1,0,26.900000000000002,82,40,6,23.200000000000003,80.25,81.99,4.6000000000000005,0.9,118
2023,6,23,2,0,25.900000000000002,0,0,6,22.5,81.62,92.97,4.6000000000000005,0.9,122
2023,6,23,3,0,25.3,0,0,6,22.3,83.35000000000001,102.83,4.5,0.9,131
2023,6,23,4,0,24.6,0,0,6,22,85.49,111.19,4.4,1,140
2023,6,23,5,0,24,0,0,7,21.8,87.67,117.44,4.3,1.1,147
2023,6,23,6,0,23.5,0,0,7,21.8,90.09,120.87,4.2,1.2000000000000002,152
2023,6,23,7,0,22.900000000000002,0,0,7,21.8,93.4,120.98,4.1000000000000005,1.2000000000000002,156
2023,6,23,8,0,22.400000000000002,0,0,7,21.8,96.58,117.76,4.1000000000000005,1.1,158
2023,6,23,9,0,21.900000000000002,0,0,8,21.8,99.35000000000001,111.68,4.1000000000000005,0.9,160
2023,6,23,10,0,21.400000000000002,0,0,0,21.400000000000002,100,103.43,4,0.8,161
2023,6,23,11,0,21.5,0,0,0,21.5,100,93.65,4,0.8,156
2023,6,23,12,0,23.3,75,75,0,22.6,95.8,82.71000000000001,4,1.9000000000000001,147
2023,6,23,13,0,24.900000000000002,252,252,1,23.3,91.12,71.26,4,2.3000000000000003,143
2023,6,23,14,0,27.3,450,384,3,23.1,77.65,59.31,4.1000000000000005,3.4000000000000004,154
2023,6,23,15,0,28.400000000000002,637,637,0,22.1,68.79,47.12,4.2,3.6,155
2023,6,23,16,0,29.1,792,550,7,21.5,63.65,34.92,4.3,3.7,153
2023,6,23,17,0,29.900000000000002,903,370,6,21,58.99,23.18,4.4,3.9000000000000004,154
2023,6,23,18,0,30.700000000000003,952,47,6,20.700000000000003,55.18,13.700000000000001,4.5,4,155
2023,6,23,19,0,31.200000000000003,952,46,6,20.5,52.93,13.26,4.5,4,157
2023,6,23,20,0,31.400000000000002,899,44,6,20.3,51.870000000000005,22.42,4.4,4,159
2023,6,23,21,0,30.8,799,412,6,20.3,53.65,34.09,4.3,3.7,160
2023,6,23,22,0,30,646,571,8,20.6,57.08,46.28,4.1000000000000005,3.4000000000000004,160
2023,6,23,23,0,29,461,461,0,21.3,63.09,58.480000000000004,4,3,157
2023,6,24,0,0,27.6,263,263,0,22.3,72.84,70.45,3.9000000000000004,2.2,149
2023,6,24,1,0,25.5,83,83,0,22.6,84.25,81.95,3.8000000000000003,1.4000000000000001,144
2023,6,24,2,0,24.3,0,0,0,22.6,90.31,92.94,3.7,1.5,148
2023,6,24,3,0,23.8,0,0,3,22.900000000000002,94.52,102.8,3.8000000000000003,2.1,157
2023,6,24,4,0,23.700000000000003,0,0,7,23.3,97.51,111.18,4.1000000000000005,2.8000000000000003,162
2023,6,24,5,0,23.6,0,0,0,23.6,100,117.43,4.2,3.1,162
2023,6,24,6,0,23.700000000000003,0,0,0,23.700000000000003,100,120.87,4.3,3.2,162
2023,6,24,7,0,23.8,0,0,6,23.8,100,121,4.3,3.3000000000000003,163
2023,6,24,8,0,23.900000000000002,0,0,7,23.900000000000002,100,117.79,4.2,3.4000000000000004,164
2023,6,24,9,0,23.8,0,0,7,23.8,100,111.72,4.1000000000000005,3,161
2023,6,24,10,0,23.6,0,0,7,23.6,100,103.47,4.1000000000000005,2.5,158
2023,6,24,11,0,23.6,0,0,0,23.6,100,93.7,4.1000000000000005,2.5,158
2023,6,24,12,0,24.400000000000002,70,70,0,24.400000000000002,100,82.77,4.1000000000000005,3.1,161
2023,6,24,13,0,25.700000000000003,243,243,0,25.3,97.71000000000001,71.31,3.9000000000000004,3.4000000000000004,181
2023,6,24,14,0,27.5,439,439,0,25.5,88.68,59.36,3.8000000000000003,3.6,206
2023,6,24,15,0,29.5,631,631,1,25.3,78.12,47.17,3.9000000000000004,3.6,215
2023,6,24,16,0,31,791,791,0,25.200000000000003,71.51,34.97,4,3.6,215
2023,6,24,17,0,32.2,907,907,0,25.3,66.98,23.23,4,3.7,212
2023,6,24,18,0,33.1,968,968,0,25.400000000000002,64,13.74,4.1000000000000005,3.7,210
2023,6,24,19,0,33.7,971,971,0,25.5,62.22,13.26,4.1000000000000005,3.7,206
2023,6,24,20,0,34,913,913,0,25.5,61.22,22.39,4.2,3.6,201
2023,6,24,21,0,34.1,807,807,0,25.3,60.35,34.05,4.3,3.5,197
2023,6,24,22,0,34,650,650,0,25.1,60,46.24,4.4,3.2,192
2023,6,24,23,0,33.4,465,465,0,25.3,62.74,58.45,4.4,2.5,182
2023,6,25,0,0,32.2,268,268,0,26.200000000000003,70.77,70.42,4.4,1.6,162
2023,6,25,1,0,29.700000000000003,86,86,0,26.200000000000003,81.36,81.93,4.4,1.2000000000000002,139
2023,6,25,2,0,28.400000000000002,0,0,0,25.1,82.19,92.91,4.4,1.6,135
2023,6,25,3,0,27.700000000000003,0,0,0,24.8,84.24,102.79,4.3,2,140
2023,6,25,4,0,27,0,0,0,24.6,86.60000000000001,111.17,4.1000000000000005,2.1,145
2023,6,25,5,0,26.3,0,0,0,24.200000000000003,88.38,117.43,4,2,154
2023,6,25,6,0,25.700000000000003,0,0,0,23.8,89.54,120.89,3.9000000000000004,1.9000000000000001,164
2023,6,25,7,0,25.3,0,0,0,23.5,89.82000000000001,121.03,3.8000000000000003,1.9000000000000001,171
2023,6,25,8,0,24.900000000000002,0,0,0,23.200000000000003,90.42,117.83,3.7,2,173
2023,6,25,9,0,24.400000000000002,0,0,0,23,91.94,111.76,3.7,1.9000000000000001,170
2023,6,25,10,0,23.900000000000002,0,0,0,22.900000000000002,94.43,103.52,3.7,1.7000000000000002,163
2023,6,25,11,0,23.700000000000003,0,0,0,23.1,96.73,93.75,3.8000000000000003,1.5,154
2023,6,25,12,0,25.200000000000003,72,72,0,23.700000000000003,91.33,82.82000000000001,3.9000000000000004,2.2,136
2023,6,25,13,0,27.200000000000003,247,247,0,24.3,84.38,71.37,4,1.7000000000000002,112
2023,6,25,14,0,29.5,443,443,0,24.5,74.59,59.42,4.1000000000000005,1.7000000000000002,48
2023,6,25,15,0,31.200000000000003,630,630,0,24.200000000000003,66.61,47.230000000000004,4.2,2.8000000000000003,35
2023,6,25,16,0,32.5,788,788,0,24.1,61.33,35.03,4.2,3.4000000000000004,52
2023,6,25,17,0,33.5,903,903,0,24.1,58.07,23.29,4.3,3.4000000000000004,65
2023,6,25,18,0,34.4,970,970,0,24.200000000000003,55.56,13.780000000000001,4.3,3,76
2023,6,25,19,0,34.9,970,680,3,24.3,54.29,13.26,4.4,2.6,87
2023,6,25,20,0,35,912,579,3,24.400000000000002,54.15,22.37,4.5,2.1,96
2023,6,25,21,0,34.800000000000004,804,804,0,24.5,55.25,34.02,4.5,1.8,94
2023,6,25,22,0,34.4,647,647,1,24.6,56.89,46.21,4.5,1.6,73
2023,6,25,23,0,33.5,460,460,0,24.700000000000003,60.26,58.410000000000004,4.6000000000000005,1.8,48
2023,6,26,0,0,32.2,263,263,0,25.200000000000003,66.54,70.39,4.6000000000000005,1.9000000000000001,36
2023,6,26,1,0,30,85,85,0,24.900000000000002,74.02,81.9,4.6000000000000005,1.8,35
2023,6,26,2,0,28.8,0,0,0,23.3,72.27,92.89,4.5,2.5,38
2023,6,26,3,0,27.8,0,0,0,22.1,71.03,102.77,4.4,2.6,42
2023,6,26,4,0,26.8,0,0,1,21.1,70.86,111.17,4.3,2.4000000000000004,47
2023,6,26,5,0,25.900000000000002,0,0,0,20.3,71.32000000000001,117.44,4.2,2.3000000000000003,55
2023,6,26,6,0,25.200000000000003,0,0,0,19.8,72.04,120.91,4.1000000000000005,2.2,63
2023,6,26,7,0,24.6,0,0,1,19.400000000000002,72.75,121.06,4,2.3000000000000003,69
2023,6,26,8,0,24.1,0,0,0,19,73.16,117.87,4,2.4000000000000004,71
2023,6,26,9,0,23.700000000000003,0,0,0,18.5,72.66,111.81,4,2.8000000000000003,71
2023,6,26,10,0,23.1,0,0,0,18,72.86,103.58,4,3.2,70
2023,6,26,11,0,22.5,0,0,1,17.5,73.56,93.81,3.9000000000000004,3.4000000000000004,70
2023,6,26,12,0,23,72,72,0,17.400000000000002,70.93,82.87,3.8000000000000003,3.8000000000000003,71
2023,6,26,13,0,25,248,248,0,17.2,62.03,71.42,3.8000000000000003,4,74
2023,6,26,14,0,27.5,445,445,0,16.1,49.76,59.480000000000004,3.7,4.4,75
2023,6,26,15,0,29.3,633,396,3,15.600000000000001,43.33,47.28,3.6,4.6000000000000005,78
2023,6,26,16,0,30.8,794,794,0,16,40.93,35.08,3.6,4.5,81
2023,6,26,17,0,31.900000000000002,909,909,0,16.7,40.300000000000004,23.35,3.7,4.3,86
2023,6,26,18,0,32.800000000000004,970,970,0,17.400000000000002,40,13.83,3.8000000000000003,4,91
2023,6,26,19,0,33.300000000000004,971,971,0,18.1,40.44,13.27,3.9000000000000004,3.7,95
2023,6,26,20,0,33.6,913,913,0,18.6,41.24,22.35,4,3.3000000000000003,98
2023,6,26,21,0,33.5,804,804,0,19.1,42.59,34,3.9000000000000004,2.8000000000000003,98
2023,6,26,22,0,33.1,649,649,0,19.200000000000003,44.06,46.18,3.9000000000000004,2.4000000000000004,96
2023,6,26,23,0,32.2,463,463,0,19.6,47.28,58.39,3.9000000000000004,2.1,91
2023,6,27,0,0,30.8,267,267,0,20.6,54.45,70.37,3.8000000000000003,1.5,84
2023,6,27,1,0,28,87,87,0,21.5,67.73,81.88,3.7,1.1,74
2023,6,27,2,0,26.5,0,0,0,19.8,66.79,92.88,3.7,1.3,74
2023,6,27,3,0,25.700000000000003,0,0,0,19,66.71000000000001,102.77,3.8000000000000003,1.5,82
2023,6,27,4,0,25.200000000000003,0,0,0,18.6,66.69,111.17,4,1.9000000000000001,92
2023,6,27,5,0,24.8,0,0,1,18.3,67.32000000000001,117.46000000000001,4.1000000000000005,2.3000000000000003,102
2023,6,27,6,0,24.400000000000002,0,0,0,18.3,68.85000000000001,120.94,4.3,2.6,109
2023,6,27,7,0,24,0,0,0,18.400000000000002,71.08,121.10000000000001,4.5,2.7,112
2023,6,27,8,0,23.6,0,0,0,18.6,73.59,117.92,4.9,2.5,108
2023,6,27,9,0,23.3,0,0,0,18.400000000000002,74.13,111.87,5.2,2.6,94
2023,6,27,10,0,22.900000000000002,0,0,0,17.900000000000002,73.54,103.64,5.2,3,86
2023,6,27,11,0,22.5,0,0,7,17.6,73.78,93.87,5,3.3000000000000003,87
2023,6,27,12,0,22.900000000000002,69,55,8,17.7,72.58,82.93,4.800000000000001,3.7,93
2023,6,27,13,0,24.3,243,43,6,18.3,69.17,71.48,4.5,3.9000000000000004,100
2023,6,27,14,0,26.8,442,20,6,19.400000000000002,63.800000000000004,59.54,4.2,4.6000000000000005,112
2023,6,27,15,0,28.8,631,113,6,21,62.83,47.34,4,4.7,121
2023,6,27,16,0,30.200000000000003,790,537,7,22.200000000000003,62.47,35.14,4,4.6000000000000005,128
2023,6,27,17,0,31,903,232,7,22.900000000000002,62.27,23.41,4.1000000000000005,4.5,132
2023,6,27,18,0,31.5,949,369,8,23.400000000000002,62.13,13.89,4.3,4.6000000000000005,135
2023,6,27,19,0,31.900000000000002,954,831,3,23.700000000000003,62.08,13.280000000000001,4.4,4.7,137
2023,6,27,20,0,32.1,900,666,3,24.1,62.730000000000004,22.330000000000002,4.5,4.7,140
2023,6,27,21,0,32.4,785,785,0,24.400000000000002,62.75,33.97,4.5,4.2,143
2023,6,27,22,0,32.6,635,635,0,24.700000000000003,63.06,46.160000000000004,4.4,3.6,144
2023,6,27,23,0,32.4,454,454,0,25,64.92,58.370000000000005,4.3,3.2,137
2023,6,28,0,0,31.200000000000003,261,261,0,25.700000000000003,72.51,70.35000000000001,4.2,2.6,121
2023,6,28,1,0,29.1,85,85,0,25.400000000000002,80.62,81.87,4.1000000000000005,2.9000000000000004,112
2023,6,28,2,0,28.1,0,0,0,25.1,83.81,92.87,3.9000000000000004,4,121
2023,6,28,3,0,27.200000000000003,0,0,0,25,87.94,102.77,3.7,4.3,132
2023,6,28,4,0,26.3,0,0,0,24.900000000000002,91.85000000000001,111.18,3.6,3.8000000000000003,140
2023,6,28,5,0,25.5,0,0,0,24.400000000000002,93.43,117.48,3.4000000000000004,3,148
2023,6,28,6,0,24.700000000000003,0,0,0,23.5,92.89,120.97,3.1,2.6,159
2023,6,28,7,0,24,0,0,0,22.400000000000002,90.68,121.15,2.9000000000000004,2.4000000000000004,169
2023,6,28,8,0,23.200000000000003,0,0,0,21.200000000000003,88.52,117.98,2.8000000000000003,2.4000000000000004,173
2023,6,28,9,0,22.700000000000003,0,0,0,20.3,86.43,111.93,2.8000000000000003,2.5,168
2023,6,28,10,0,22.200000000000003,0,0,0,19.900000000000002,86.63,103.7,2.8000000000000003,2.6,160
2023,6,28,11,0,21.900000000000002,0,0,0,19.8,87.96000000000001,93.93,2.9000000000000004,3,154
2023,6,28,12,0,22.900000000000002,74,74,0,20.400000000000002,85.91,83,2.9000000000000004,3.7,154
2023,6,28,13,0,25.1,256,256,0,21.200000000000003,79.07000000000001,71.55,3,3.8000000000000003,162
2023,6,28,14,0,28.700000000000003,458,458,0,21.5,64.99,59.6,3,4.1000000000000005,193
2023,6,28,15,0,31.5,650,650,0,21.700000000000003,56.15,47.4,3,4.5,209
2023,6,28,16,0,33.6,812,812,0,21.900000000000002,50.58,35.21,3,4.7,211
2023,6,28,17,0,35.5,929,929,0,21.700000000000003,44.980000000000004,23.47,3,4.800000000000001,210
2023,6,28,18,0,37,992,992,0,21.1,39.730000000000004,13.950000000000001,3,4.800000000000001,209
2023,6,28,19,0,38.1,996,996,0,20.3,35.62,13.31,3,4.7,208
2023,6,28,20,0,38.800000000000004,940,940,0,19.6,32.87,22.32,3,4.5,206
2023,6,28,21,0,38.800000000000004,829,829,0,19.400000000000002,32.52,33.95,3,4.2,201
2023,6,28,22,0,38,672,672,0,20.5,36.43,46.14,3,3.5,192
2023,6,28,23,0,36.300000000000004,483,483,0,22.400000000000002,44.88,58.35,3,3,180
2023,6,29,0,0,33.800000000000004,281,281,0,22.900000000000002,52.95,70.33,3,2.8000000000000003,169
2023,6,29,1,0,31.5,93,93,0,21.3,54.93,81.86,2.9000000000000004,3.5,164
2023,6,29,2,0,30.1,0,0,0,20.900000000000002,57.84,92.87,2.8000000000000003,4.2,161
2023,6,29,3,0,28.900000000000002,0,0,0,20.8,61.74,102.77,2.6,4.5,163
2023,6,29,4,0,27.700000000000003,0,0,0,19.900000000000002,62.480000000000004,111.19,2.4000000000000004,4.5,170
2023,6,29,5,0,26.6,0,0,0,18.6,61.61,117.51,2.4000000000000004,4.3,177
2023,6,29,6,0,25.700000000000003,0,0,0,17.400000000000002,60.31,121.02,2.5,4.1000000000000005,183
2023,6,29,7,0,25,0,0,0,16.7,60.17,121.2,2.7,4,188
2023,6,29,8,0,24.5,0,0,0,16.7,61.93,118.04,2.8000000000000003,3.7,192
2023,6,29,9,0,24,0,0,0,17.1,65.45,112,2.9000000000000004,3.4000000000000004,196
2023,6,29,10,0,23.6,0,0,0,17.8,69.82000000000001,103.77,2.9000000000000004,3.1,199
2023,6,29,11,0,23.5,0,0,0,18.5,73.72,94,2.9000000000000004,3,202
2023,6,29,12,0,25,75,75,0,19.700000000000003,72.37,83.06,2.9000000000000004,3.6,204
2023,6,29,13,0,27.3,256,256,0,21,68.61,71.61,2.9000000000000004,3.8000000000000003,211
2023,6,29,14,0,30.3,458,363,3,21.900000000000002,60.68,59.660000000000004,2.9000000000000004,4.5,227
2023,6,29,15,0,32.6,649,649,0,21.8,53.15,47.47,2.9000000000000004,4.2,232
2023,6,29,16,0,34.6,811,811,0,21.200000000000003,45.81,35.27,2.9000000000000004,3.8000000000000003,230
2023,6,29,17,0,36.2,928,928,0,20.5,40.13,23.54,3,3.4000000000000004,223
2023,6,29,18,0,37.4,989,989,0,19.700000000000003,35.7,14.02,3.1,3.2,213
2023,6,29,19,0,38.1,989,989,0,18.900000000000002,32.68,13.33,3.3000000000000003,3.1,201
2023,6,29,20,0,38.400000000000006,931,847,2,18.3,31.05,22.32,3.4000000000000004,3,190
2023,6,29,21,0,38.2,820,663,3,18,30.740000000000002,33.94,3.4000000000000004,3.1,180
2023,6,29,22,0,37.5,664,664,0,18.2,32.42,46.12,3.4000000000000004,3,170
2023,6,29,23,0,36.300000000000004,476,476,0,19.5,37.6,58.33,3.4000000000000004,2.6,159
2023,6,30,0,0,33.7,275,275,0,21.400000000000002,48.75,70.32000000000001,3.4000000000000004,2.2,147
2023,6,30,1,0,30.8,91,74,3,19.900000000000002,52.35,81.85000000000001,3.4000000000000004,2.5,140
2023,6,30,2,0,29.8,0,0,8,18.8,51.83,92.87,3.3000000000000003,4,140
2023,6,30,3,0,28.400000000000002,0,0,3,18.8,56.13,102.78,3.4000000000000004,4.3,145
2023,6,30,4,0,27.5,0,0,0,18.8,58.93,111.22,3.4000000000000004,4.1000000000000005,155
2023,6,30,5,0,26.8,0,0,0,18.900000000000002,62.1,117.54,3.6,3.7,168
2023,6,30,6,0,26.3,0,0,0,19.3,65.5,121.06,3.6,3.3000000000000003,178
2023,6,30,7,0,25.900000000000002,0,0,0,19.700000000000003,68.84,121.26,3.6,3,184
2023,6,30,8,0,25.5,0,0,0,20.1,72.13,118.11,3.5,2.9000000000000004,187
2023,6,30,9,0,25.200000000000003,0,0,0,20.5,75.07000000000001,112.07000000000001,3.5,3,187
2023,6,30,10,0,24.900000000000002,0,0,0,20.8,78.12,103.84,3.4000000000000004,3,187
2023,6,30,11,0,24.700000000000003,0,0,0,21.200000000000003,80.96000000000001,94.07000000000001,3.4000000000000004,3,188
2023,6,30,12,0,26.1,73,73,0,21.8,77.27,83.13,3.4000000000000004,3.5,191
2023,6,30,13,0,28.3,252,252,0,22.1,68.94,71.68,3.4000000000000004,4.2,204
2023,6,30,14,0,30.400000000000002,454,454,0,21.8,60.17,59.730000000000004,3.3000000000000003,4.6000000000000005,209
2023,6,30,15,0,32.2,647,647,0,21.400000000000002,52.88,47.54,3.2,4.4,207
2023,6,30,16,0,33.800000000000004,811,811,0,20.6,46.22,35.34,3.1,4.2,203
2023,6,30,17,0,35,929,929,0,19.700000000000003,40.68,23.61,3.1,4,198
2023,6,30,18,0,35.9,993,993,1,18.8,36.800000000000004,14.09,3.2,3.9000000000000004,193
2023,6,30,19,0,36.300000000000004,995,892,7,18.400000000000002,34.89,13.370000000000001,3.3000000000000003,3.9000000000000004,188
2023,6,30,20,0,36.300000000000004,937,869,7,18.1,34.42,22.32,3.4000000000000004,4,185
2023,6,30,21,0,36.1,823,646,8,18.1,34.63,33.93,3.4000000000000004,4.1000000000000005,181
2023,6,30,22,0,35.5,666,330,7,18.1,35.800000000000004,46.11,3.4000000000000004,4,179
2023,6,30,23,0,33.9,475,449,8,19,41.54,58.32,3.5,3.2,177
2023,7,1,0,0,31.400000000000002,275,209,7,20.6,52.69,70.31,3.5,2.1,165
2023,7,1,1,0,29.6,90,50,6,20.200000000000003,57,81.85000000000001,3.5,2.1,161
2023,7,1,2,0,28.700000000000003,0,0,7,20,59.21,92.87,3.6,2.3000000000000003,174
2023,7,1,3,0,28,0,0,7,19.900000000000002,61.54,102.8,3.8000000000000003,2.4000000000000004,174
2023,7,1,4,0,27.200000000000003,0,0,7,19.900000000000002,64.31,111.24000000000001,4,2.5,166
2023,7,1,5,0,26.5,0,0,7,19.900000000000002,67.17,117.59,4.4,2.7,163
2023,7,1,6,0,25.900000000000002,0,0,7,20,69.96000000000001,121.12,4.6000000000000005,2.7,163
2023,7,1,7,0,25.400000000000002,0,0,7,20,71.93,121.33,4.7,2.5,167
2023,7,1,8,0,24.900000000000002,0,0,7,19.900000000000002,73.87,118.18,4.800000000000001,2.3000000000000003,175
2023,7,1,9,0,24.5,0,0,6,20,76.18,112.14,4.9,2,186
2023,7,1,10,0,24.1,0,0,7,20.1,78.42,103.92,4.9,2,205
2023,7,1,11,0,24,0,0,6,20.200000000000003,79.36,94.15,4.9,2,223
2023,7,1,12,0,24.3,63,19,7,20.3,78.62,83.2,4.9,2.3000000000000003,247
2023,7,1,13,0,24.8,232,205,7,20.3,76.32000000000001,71.75,4.9,2.5,266
2023,7,1,14,0,26.200000000000003,430,151,8,19.900000000000002,68.19,59.800000000000004,4.800000000000001,2.7,277
2023,7,1,15,0,28.3,627,268,7,19.400000000000002,58.53,47.61,4.5,2.7,274
2023,7,1,16,0,30,791,561,7,19.200000000000003,52.27,35.410000000000004,4.3,2.9000000000000004,264
2023,7,1,17,0,31.5,910,431,7,19.200000000000003,48.120000000000005,23.68,4.1000000000000005,3.1,260
2023,7,1,18,0,32.800000000000004,975,502,7,19.3,44.86,14.17,4.1000000000000005,3.3000000000000003,259
2023,7,1,19,0,33.6,978,978,0,19.200000000000003,42.77,13.41,4.1000000000000005,3.5,257
2023,7,1,20,0,33.7,923,923,0,19.1,42.12,22.32,4,3.6,253
2023,7,1,21,0,33.6,813,813,0,18.900000000000002,41.93,33.92,4,3.6,249
2023,7,1,22,0,33.1,660,592,3,18.8,42.92,46.1,4,3.5,247
2023,7,1,23,0,32.300000000000004,473,473,0,19,45.42,58.31,4,3.2,245
2023,7,2,0,0,31,274,274,0,20,52.06,70.31,3.9000000000000004,2.3000000000000003,240
2023,7,2,1,0,28.5,90,90,0,20.6,62.18,81.85000000000001,3.8000000000000003,1.6,236
2023,7,2,2,0,27.1,0,0,0,20.1,65.4,92.88,3.7,1.6,233
2023,7,2,3,0,26.200000000000003,0,0,0,19.900000000000002,68.32000000000001,102.82000000000001,3.6,1.7000000000000002,235
2023,7,2,4,0,25.400000000000002,0,0,0,19.8,71.13,111.28,3.4000000000000004,1.7000000000000002,238
2023,7,2,5,0,24.700000000000003,0,0,0,19.8,73.99,117.63,3.2,1.8,240
2023,7,2,6,0,24,0,0,0,19.8,77.23,121.18,3,1.9000000000000001,243
2023,7,2,7,0,23.200000000000003,0,0,0,19.8,81.08,121.4,2.9000000000000004,1.9000000000000001,249
2023,7,2,8,0,22.400000000000002,0,0,0,19.700000000000003,84.48,118.26,2.8000000000000003,1.8,258
2023,7,2,9,0,21.6,0,0,0,19.5,87.59,112.23,2.8000000000000003,1.7000000000000002,271
2023,7,2,10,0,21,0,0,0,19.1,89.17,104,2.8000000000000003,1.6,286
2023,7,2,11,0,20.8,0,0,0,18.7,87.93,94.23,2.8000000000000003,1.9000000000000001,303
2023,7,2,12,0,22.3,74,74,0,18.3,78.26,83.28,2.8000000000000003,2.6,319
2023,7,2,13,0,25,258,258,0,17.900000000000002,64.76,71.83,2.8000000000000003,2.5,350
2023,7,2,14,0,27.900000000000002,462,462,0,17.400000000000002,52.77,59.870000000000005,2.8000000000000003,2.6,8
2023,7,2,15,0,30.1,653,653,0,17.2,46.09,47.68,2.9000000000000004,2.3000000000000003,9
2023,7,2,16,0,31.700000000000003,815,815,0,17.1,41.75,35.480000000000004,2.9000000000000004,1.8,360
2023,7,2,17,0,33.1,933,933,0,17,38.19,23.76,2.9000000000000004,1.5,335
2023,7,2,18,0,34.1,997,997,0,16.8,35.82,14.26,2.9000000000000004,1.5,317
2023,7,2,19,0,34.800000000000004,1000,1000,0,16.8,34.26,13.46,2.9000000000000004,1.6,311
2023,7,2,20,0,35.1,945,945,0,16.6,33.46,22.330000000000002,2.9000000000000004,1.5,311
2023,7,2,21,0,35,834,834,0,16.5,33.36,33.92,2.9000000000000004,1.4000000000000001,316
2023,7,2,22,0,34.6,678,678,0,16.2,33.35,46.09,2.8000000000000003,1.2000000000000002,326
2023,7,2,23,0,33.800000000000004,488,488,0,15.9,34.38,58.31,2.8000000000000003,0.9,348
2023,7,3,0,0,32.6,285,285,0,16.6,38.480000000000004,70.31,2.7,0.6000000000000001,33
2023,7,3,1,0,29.8,95,95,0,18.7,51.480000000000004,81.86,2.6,0.6000000000000001,67
2023,7,3,2,0,27.6,0,0,0,17.8,55.29,92.9,2.6,0.9,90
2023,7,3,3,0,26.200000000000003,0,0,0,17.7,59.44,102.84,2.6,1.1,107
2023,7,3,4,0,25.3,0,0,0,17.8,63.25,111.32000000000001,2.7,1.3,124
2023,7,3,5,0,24.8,0,0,0,18.400000000000002,67.51,117.69,2.9000000000000004,1.4000000000000001,139
2023,7,3,6,0,24.3,0,0,0,19.3,73.7,121.25,3.1,1.3,154
2023,7,3,7,0,23.700000000000003,0,0,0,20.3,81.2,121.48,3.3000000000000003,1.1,167
2023,7,3,8,0,23.3,0,0,3,21.200000000000003,87.91,118.35000000000001,3.6,1,173
2023,7,3,9,0,23.1,0,0,0,21.900000000000002,92.94,112.32000000000001,3.8000000000000003,1,171
2023,7,3,10,0,23,0,0,0,22.400000000000002,96.36,104.09,3.9000000000000004,1,169
2023,7,3,11,0,23.3,0,0,0,22.700000000000003,96.53,94.31,4,1.1,168
2023,7,3,12,0,24.8,69,69,0,22.900000000000002,89.47,83.36,4,2,167
2023,7,3,13,0,25.900000000000002,247,247,1,23.1,84.5,71.9,4.1000000000000005,1.9000000000000001,168
2023,7,3,14,0,27.5,447,360,3,23,76.37,59.95,4.1000000000000005,1.8,178
2023,7,3,15,0,29.700000000000003,635,533,3,22.400000000000002,64.96000000000001,47.75,4.1000000000000005,2,185
2023,7,3,16,0,31.200000000000003,795,795,0,21.900000000000002,57.83,35.56,4.1000000000000005,2.3000000000000003,182
2023,7,3,17,0,32.1,914,914,0,21.5,53.67,23.84,4,2.6,177
2023,7,3,18,0,32.6,973,973,0,21,50.52,14.35,4,2.8000000000000003,177
2023,7,3,19,0,32.7,979,979,1,20.6,48.9,13.52,3.9000000000000004,2.8000000000000003,177
2023,7,3,20,0,32.7,925,776,7,20.400000000000002,48.31,22.35,3.9000000000000004,2.7,177
2023,7,3,21,0,32.4,816,294,3,20.200000000000003,48.63,33.92,3.9000000000000004,2.5,175
2023,7,3,22,0,31.700000000000003,663,565,8,20.1,50.38,46.09,3.8000000000000003,2.1,169
2023,7,3,23,0,30.700000000000003,476,247,8,20.6,55.050000000000004,58.31,3.8000000000000003,1.7000000000000002,154
2023,7,4,0,0,29,276,17,7,21.5,63.980000000000004,70.32000000000001,3.9000000000000004,1.5,136
2023,7,4,1,0,26.700000000000003,91,73,8,21.5,73.04,81.87,3.9000000000000004,1.4000000000000001,127
2023,7,4,2,0,25.6,0,0,2,21.200000000000003,76.67,92.92,3.9000000000000004,2.2,129
2023,7,4,3,0,24.700000000000003,0,0,7,21.5,82.38,102.87,3.9000000000000004,2.5,131
2023,7,4,4,0,24,0,0,8,21.700000000000003,87.06,111.36,3.9000000000000004,2.6,133
2023,7,4,5,0,23.200000000000003,0,0,0,21.6,91,117.75,3.9000000000000004,2.5,134
2023,7,4,6,0,22.5,0,0,3,21.3,93.18,121.33,3.8000000000000003,2.4000000000000004,137
2023,7,4,7,0,21.8,0,0,3,21,95.11,121.57000000000001,3.8000000000000003,2.1,142
2023,7,4,8,0,21.1,0,0,3,20.8,97.93,118.44,3.8000000000000003,1.9000000000000001,149
2023,7,4,9,0,20.700000000000003,0,0,3,20.6,99.60000000000001,112.41,3.8000000000000003,1.8,159
2023,7,4,10,0,20.5,0,0,8,20.5,100,104.18,3.9000000000000004,1.7000000000000002,170
2023,7,4,11,0,20.700000000000003,0,0,3,20.700000000000003,99.96000000000001,94.39,4,1.9000000000000001,178
2023,7,4,12,0,21.900000000000002,68,68,0,21.400000000000002,96.93,83.44,4,2.7,181
2023,7,4,13,0,24.200000000000003,246,246,0,22.1,88.32000000000001,71.98,4,3.3000000000000003,187
2023,7,4,14,0,27.8,446,446,0,21.900000000000002,70.5,60.02,4,4.1000000000000005,202
2023,7,4,15,0,30.400000000000002,636,636,0,21.6,59.36,47.83,4,4.1000000000000005,212
2023,7,4,16,0,32.4,797,797,0,21.3,51.94,35.63,4,3.8000000000000003,213
2023,7,4,17,0,33.9,914,914,0,21.1,47.38,23.93,4,3.5,207
2023,7,4,18,0,34.9,977,977,0,21.1,44.730000000000004,14.44,4,3.3000000000000003,196
2023,7,4,19,0,35.6,983,983,0,20.900000000000002,42.6,13.58,3.9000000000000004,3.3000000000000003,187
2023,7,4,20,0,35.9,928,928,0,20.6,41.14,22.37,3.9000000000000004,3.4000000000000004,180
2023,7,4,21,0,35.800000000000004,818,818,0,20.3,40.6,33.93,3.8000000000000003,3.4000000000000004,176
2023,7,4,22,0,35.4,663,663,0,20.1,40.92,46.1,3.8000000000000003,3.4000000000000004,174
2023,7,4,23,0,34.5,476,476,0,20.200000000000003,43.13,58.32,3.7,3.2,171
2023,7,5,0,0,32.800000000000004,275,275,0,21.200000000000003,50.6,70.33,3.7,2.4000000000000004,164
2023,7,5,1,0,30.200000000000003,90,90,0,21.400000000000002,59.51,81.89,3.7,2.1,154
2023,7,5,2,0,29.3,0,0,0,21.200000000000003,61.61,92.95,3.7,3.1,150
2023,7,5,3,0,28.6,0,0,0,21.6,65.8,102.91,3.7,3.8000000000000003,151
2023,7,5,4,0,27.700000000000003,0,0,0,21.900000000000002,70.93,111.41,3.7,4,156
2023,7,5,5,0,27,0,0,0,22,74.08,117.82000000000001,3.7,3.8000000000000003,162
2023,7,5,6,0,26.200000000000003,0,0,0,21.8,76.63,121.41,3.7,2.5,169
2023,7,5,7,0,25.400000000000002,0,0,0,21.400000000000002,78.36,121.66,3.8000000000000003,1.8,180
2023,7,5,8,0,25.200000000000003,0,0,0,20.700000000000003,76.31,118.54,3.8000000000000003,2.4000000000000004,190
2023,7,5,9,0,24.8,0,0,0,20,74.68,112.51,3.6,2.7,189
2023,7,5,10,0,24.3,0,0,0,19.400000000000002,74.18,104.27,3.5,2.7,184
2023,7,5,11,0,23.900000000000002,0,0,0,19.1,74.68,94.48,3.5,2.6,184
2023,7,5,12,0,25.1,67,67,0,19.400000000000002,70.64,83.52,3.7,2.9000000000000004,186
2023,7,5,13,0,27.6,242,242,0,20.3,64.41,72.06,3.9000000000000004,3.2,203
2023,7,5,14,0,30.200000000000003,439,332,3,20.900000000000002,57.52,60.1,4.1000000000000005,3,221
2023,7,5,15,0,31.700000000000003,623,495,3,21.1,53.550000000000004,47.9,4.4,2.1,223
2023,7,5,16,0,32.6,779,779,0,21.400000000000002,51.93,35.71,4.6000000000000005,1.3,199
2023,7,5,17,0,33.1,893,893,0,21.8,51.5,24.01,4.6000000000000005,1.3,161
2023,7,5,18,0,32.800000000000004,952,866,8,22,53.06,14.540000000000001,4.7,1.4000000000000001,141
2023,7,5,19,0,32.4,956,956,0,22.3,55.19,13.65,4.800000000000001,1.5,118
2023,7,5,20,0,31.900000000000002,902,649,8,22.6,57.88,22.400000000000002,4.800000000000001,2,95
2023,7,5,21,0,31.5,799,740,8,22.5,58.85,33.94,4.800000000000001,2.4000000000000004,87
2023,7,5,22,0,31.200000000000003,646,508,3,22,58.17,46.11,4.800000000000001,2.7,86
2023,7,5,23,0,30.5,462,462,0,21.8,59.71,58.33,4.800000000000001,2.7,85
2023,7,6,0,0,29.1,266,230,8,22,65.48,70.34,4.7,2.5,79
2023,7,6,1,0,27.400000000000002,86,44,7,21.8,71.68,81.91,4.6000000000000005,2.4000000000000004,77
2023,7,6,2,0,26.200000000000003,0,0,7,21.5,75.49,92.98,4.6000000000000005,2.7,80
2023,7,6,3,0,25.3,0,0,7,21.5,79.45,102.96000000000001,4.6000000000000005,2.8000000000000003,81
2023,7,6,4,0,24.5,0,0,8,21.6,84.10000000000001,111.47,4.6000000000000005,2.7,79
2023,7,6,5,0,23.8,0,0,0,21.700000000000003,87.8,117.89,4.6000000000000005,2.6,81
2023,7,6,6,0,23.400000000000002,0,0,7,21.5,88.96000000000001,121.5,4.6000000000000005,2.7,86
2023,7,6,7,0,23,0,0,6,21.400000000000002,90.81,121.76,4.6000000000000005,2.5,91
2023,7,6,8,0,22.700000000000003,0,0,6,21.3,91.9,118.64,4.6000000000000005,2.4000000000000004,99
2023,7,6,9,0,22.200000000000003,0,0,6,21.3,94.45,112.61,4.5,2.1,104
2023,7,6,10,0,21.8,0,0,6,21.400000000000002,97.34,104.37,4.6000000000000005,1.6,96
2023,7,6,11,0,21.900000000000002,0,0,7,21.5,97.75,94.58,4.7,1.6,79
2023,7,6,12,0,22.900000000000002,61,33,7,21.8,93.47,83.61,4.800000000000001,2,84
2023,7,6,13,0,24.6,233,44,7,22.1,85.96000000000001,72.15,4.800000000000001,1.7000000000000002,104
2023,7,6,14,0,26.6,427,194,7,22.5,78.07000000000001,60.18,4.9,1.6,91
2023,7,6,15,0,28,613,37,6,22.8,73.36,47.980000000000004,4.9,1.7000000000000002,61
2023,7,6,16,0,28.1,772,85,5,22.8,73.16,35.800000000000004,4.9,1.7000000000000002,57
2023,7,6,17,0,28.200000000000003,889,889,0,23,73.39,24.1,4.9,1.5,72
2023,7,6,18,0,28.5,952,776,7,23.1,72.69,14.65,4.800000000000001,1.1,82
2023,7,6,19,0,29,958,777,7,23.200000000000003,70.91,13.73,4.7,0.7000000000000001,62
2023,7,6,20,0,29.3,908,814,8,23.1,69.5,22.43,4.5,0.7000000000000001,20
2023,7,6,21,0,29.400000000000002,805,805,0,23.1,68.97,33.96,4.3,0.7000000000000001,24
2023,7,6,22,0,29.3,652,652,0,23.1,69.29,46.12,4.2,0.8,47
2023,7,6,23,0,29,467,424,8,23.200000000000003,70.83,58.34,4.1000000000000005,1,58
2023,7,7,0,0,28.200000000000003,268,268,0,23.700000000000003,76.74,70.36,4.1000000000000005,1,59
2023,7,7,1,0,26.5,86,86,0,24,86.31,81.93,4,0.9,62
2023,7,7,2,0,25.400000000000002,0,0,0,23.3,88.39,93.01,3.9000000000000004,1.1,70
2023,7,7,3,0,24.900000000000002,0,0,0,23,89.02,103.01,3.9000000000000004,1.4000000000000001,82
2023,7,7,4,0,24.200000000000003,0,0,0,22.700000000000003,91.41,111.54,3.8000000000000003,1.7000000000000002,95
2023,7,7,5,0,23.700000000000003,0,0,0,22.6,93.46000000000001,117.97,3.8000000000000003,1.8,109
2023,7,7,6,0,23.1,0,0,0,22.400000000000002,96.03,121.59,3.8000000000000003,1.9000000000000001,120
2023,7,7,7,0,22.700000000000003,0,0,0,22.200000000000003,97.03,121.87,3.9000000000000004,1.9000000000000001,126
2023,7,7,8,0,22.200000000000003,0,0,0,21.900000000000002,98.22,118.75,4,1.9000000000000001,128
2023,7,7,9,0,21.8,0,0,3,21.6,98.89,112.72,4.2,1.9000000000000001,124
2023,7,7,10,0,21.400000000000002,0,0,7,21.400000000000002,99.9,104.47,4.3,2,119
2023,7,7,11,0,21.3,0,0,6,21.3,99.92,94.68,4.4,2.1,123
2023,7,7,12,0,22.1,62,8,6,21.700000000000003,97.61,83.7,4.4,2.6,139
2023,7,7,13,0,23.8,236,5,6,22.6,92.74,72.23,4.4,3,168
2023,7,7,14,0,26.1,432,9,6,23.3,84.52,60.27,4.5,3.1,188
2023,7,7,15,0,28.400000000000002,622,39,6,23.8,76.06,48.07,4.5,3.3000000000000003,193
2023,7,7,16,0,30.1,784,63,6,24,69.87,35.88,4.4,3.7,190
2023,7,7,17,0,31.400000000000002,903,354,7,23.900000000000002,64.31,24.2,4.3,3.9000000000000004,188
2023,7,7,18,0,32.2,965,388,7,23.700000000000003,60.9,14.76,4.3,4.1000000000000005,186
2023,7,7,19,0,32.7,972,211,7,23.5,58.550000000000004,13.81,4.2,4.1000000000000005,185
2023,7,7,20,0,33.1,919,607,7,23.3,56.6,22.47,4.1000000000000005,3.9000000000000004,183
2023,7,7,21,0,33.1,808,738,7,23,55.410000000000004,33.980000000000004,4.1000000000000005,3.7,184
2023,7,7,22,0,32.800000000000004,654,654,0,22.700000000000003,55.35,46.14,4.2,3.3000000000000003,183
2023,7,7,23,0,32,467,467,0,22.700000000000003,58.13,58.36,4.3,2.6,178
2023,7,8,0,0,30.400000000000002,270,270,0,23.700000000000003,67.34,70.38,4.3,1.8,158
2023,7,8,1,0,27.700000000000003,87,57,7,23.8,79.2,81.96000000000001,4.3,1.5,133
2023,7,8,2,0,26.200000000000003,0,0,6,23.400000000000002,84.65,93.05,4.5,1.6,121
2023,7,8,3,0,25.5,0,0,6,23.700000000000003,89.77,103.06,4.800000000000001,1.6,114
2023,7,8,4,0,25,0,0,6,23.8,92.99,111.61,5.1000000000000005,2,124
2023,7,8,5,0,24.5,0,0,6,23.8,95.89,118.06,5.300000000000001,2.1,136
2023,7,8,6,0,24.1,0,0,7,23.700000000000003,97.87,121.7,5.4,2.4000000000000004,145
2023,7,8,7,0,23.900000000000002,0,0,7,23.700000000000003,98.58,121.98,5.5,2.5,157
2023,7,8,8,0,23.6,0,0,7,23.6,99.93,118.87,5.7,1.9000000000000001,176
2023,7,8,9,0,23.6,0,0,3,23.6,100,112.83,5.800000000000001,1,197
2023,7,8,10,0,23.5,0,0,7,23.5,100,104.58,5.7,0.7000000000000001,214
2023,7,8,11,0,23.3,0,0,7,23.3,100,94.78,5.4,0.6000000000000001,205
2023,7,8,12,0,23.6,59,59,1,23.5,99.15,83.79,5.1000000000000005,1.1,219
2023,7,8,13,0,24.1,231,127,7,23.400000000000002,96.15,72.32000000000001,4.9,1.7000000000000002,258
2023,7,8,14,0,25.5,431,266,3,23.6,89.42,60.35,4.7,1.9000000000000001,286
2023,7,8,15,0,27.5,624,454,7,23.5,78.66,48.15,4.5,2.1,318
2023,7,8,16,0,29.3,784,299,8,23.5,70.92,35.97,4.5,2.2,332
2023,7,8,17,0,30.3,901,638,7,23.6,67.5,24.29,4.4,2.1,332
2023,7,8,18,0,30.700000000000003,970,970,0,23.6,66.09,14.870000000000001,4.4,1.9000000000000001,327
2023,7,8,19,0,30.8,975,975,0,23.6,65.52,13.9,4.5,1.8,322
2023,7,8,20,0,30.8,920,741,7,23.5,65.14,22.51,4.6000000000000005,1.7000000000000002,315
2023,7,8,21,0,30.700000000000003,810,810,0,23.400000000000002,64.95,34.01,4.7,1.6,312
2023,7,8,22,0,30.3,655,655,0,23.3,66.36,46.160000000000004,4.9,1.5,322
2023,7,8,23,0,29.700000000000003,469,469,0,23.5,69.33,58.38,5,1.3,347
2023,7,9,0,0,29,269,269,0,23.900000000000002,73.85000000000001,70.41,5.1000000000000005,1.2000000000000002,13
2023,7,9,1,0,27.1,86,86,0,24.5,85.48,82,5.1000000000000005,1,31
2023,7,9,2,0,25.8,0,0,0,23.6,87.93,93.10000000000001,4.9,1.3,44
2023,7,9,3,0,25,0,0,0,22.900000000000002,88.06,103.12,4.800000000000001,1.7000000000000002,55
2023,7,9,4,0,24.3,0,0,0,22.400000000000002,89.42,111.68,4.7,2.2,66
2023,7,9,5,0,23.700000000000003,0,0,3,22.200000000000003,91.32000000000001,118.15,4.7,2.5,72
2023,7,9,6,0,23,0,0,3,22,94.25,121.81,4.9,2.8000000000000003,77
2023,7,9,7,0,22.5,0,0,6,22,96.71000000000001,122.10000000000001,5.1000000000000005,2.7,87
2023,7,9,8,0,22.1,0,0,6,21.900000000000002,98.60000000000001,118.99000000000001,5.4,2.5,82
2023,7,9,9,0,21.8,0,0,9,21.8,99.78,112.95,5.6000000000000005,2.4000000000000004,80
2023,7,9,10,0,21.6,0,0,9,21.6,100,104.69,5.6000000000000005,1.7000000000000002,81
2023,7,9,11,0,21.200000000000003,0,0,9,21.200000000000003,100,94.88,5.5,2.6,6
2023,7,9,12,0,20.6,53,9,6,20.5,99.55,83.89,5.4,4.5,351
2023,7,9,13,0,20.3,221,131,7,19.5,95.09,72.41,5.1000000000000005,5,5
2023,7,9,14,0,20.8,421,149,8,18.900000000000002,89.05,60.44,4.800000000000001,4.2,21
2023,7,9,15,0,22.200000000000003,616,295,5,19,82.22,48.24,4.4,3.2,34
2023,7,9,16,0,24.5,785,334,3,19.6,73.99,36.050000000000004,4,2.7,33
2023,7,9,17,0,26.3,906,761,3,19.700000000000003,67.05,24.39,3.8000000000000003,3.1,12
2023,7,9,18,0,27.3,972,972,0,19.8,63.5,14.99,3.7,3.3000000000000003,5
2023,7,9,19,0,27.900000000000002,977,977,1,19.700000000000003,61.17,14,3.7,3.3000000000000003,360
2023,7,9,20,0,28,921,921,0,19.6,60.36,22.56,3.8000000000000003,3.2,357
2023,7,9,21,0,28.1,812,812,0,19.5,59.61,34.04,3.9000000000000004,3,357
2023,7,9,22,0,27.900000000000002,658,658,0,19.400000000000002,59.95,46.18,3.8000000000000003,2.8000000000000003,356
2023,7,9,23,0,27.3,473,473,0,19.400000000000002,62.02,58.410000000000004,3.7,2.4000000000000004,359
2023,7,10,0,0,26.200000000000003,274,274,0,20,68.8,70.44,3.5,1.6,8
2023,7,10,1,0,24,89,89,0,20.8,82.19,82.04,3.4000000000000004,1,20
2023,7,10,2,0,22.8,0,0,0,20,84.11,93.15,3.3000000000000003,0.9,38
2023,7,10,3,0,22.1,0,0,0,19.5,85.34,103.19,3.3000000000000003,0.9,53
2023,7,10,4,0,21.6,0,0,0,19.1,85.9,111.77,3.2,0.9,62
2023,7,10,5,0,21.200000000000003,0,0,0,18.8,86.11,118.25,3.2,0.9,62
2023,7,10,6,0,20.900000000000002,0,0,0,18.400000000000002,85.74,121.92,3.2,0.9,60
2023,7,10,7,0,20.700000000000003,0,0,0,18.1,84.82000000000001,122.23,3.2,0.9,61
2023,7,10,8,0,20.5,0,0,0,17.7,84.05,119.11,3.3000000000000003,0.8,66
2023,7,10,9,0,20.1,0,0,0,17.5,85.01,113.07000000000001,3.3000000000000003,0.8,73
2023,7,10,10,0,19.6,0,0,0,17.3,86.79,104.8,3.3000000000000003,0.8,81
2023,7,10,11,0,19.400000000000002,0,0,0,17.6,89.07000000000001,94.99,3.3000000000000003,0.8,89
2023,7,10,12,0,21,62,62,0,17.900000000000002,82.64,83.98,3.3000000000000003,1.3,100
2023,7,10,13,0,22.5,239,239,0,18.400000000000002,77.61,72.5,3.4000000000000004,1.4000000000000001,112
2023,7,10,14,0,25.3,440,440,0,19,67.92,60.53,3.4000000000000004,1.6,137
2023,7,10,15,0,27,631,631,0,19.6,63.86,48.32,3.5,1.4000000000000001,145
2023,7,10,16,0,28.3,790,505,3,20.400000000000002,62.17,36.15,3.7,1.2000000000000002,144
2023,7,10,17,0,29.400000000000002,908,728,3,21.3,61.68,24.490000000000002,3.7,1.2000000000000002,140
2023,7,10,18,0,30.3,971,971,1,22.200000000000003,61.82,15.120000000000001,3.8000000000000003,1.2000000000000002,140
2023,7,10,19,0,31,976,976,0,22.900000000000002,62.25,14.1,3.8000000000000003,1.2000000000000002,147
2023,7,10,20,0,31.5,920,920,0,23.5,62.620000000000005,22.62,3.9000000000000004,1.2000000000000002,159
2023,7,10,21,0,31.6,811,811,1,23.8,63.28,34.07,3.9000000000000004,1.4000000000000001,168
2023,7,10,22,0,31.200000000000003,655,655,0,23.900000000000002,65.34,46.21,3.9000000000000004,1.6,166
2023,7,10,23,0,30.200000000000003,468,468,0,24.700000000000003,72.44,58.44,4,1.4000000000000001,156
2023,7,11,0,0,28.900000000000002,268,268,0,25.400000000000002,81.51,70.48,4,1.3,144
2023,7,11,1,0,27,86,86,0,24.900000000000002,88.37,82.09,4.1000000000000005,1.2000000000000002,134
2023,7,11,2,0,26.1,0,0,0,24.3,90.09,93.21000000000001,4.3,1.5,134
2023,7,11,3,0,25.6,0,0,0,24.200000000000003,91.73,103.26,4.5,2.3000000000000003,134
2023,7,11,4,0,25.1,0,0,0,24.3,95.18,111.85000000000001,5,2.9000000000000004,138
2023,7,11,5,0,24.6,0,0,4,24.400000000000002,98.86,118.36,5.5,3,142
2023,7,11,6,0,24.400000000000002,0,0,3,24.400000000000002,100,122.04,5.9,3.3000000000000003,143
2023,7,11,7,0,24.400000000000002,0,0,6,24.400000000000002,99.72,122.36,6.2,3.4000000000000004,149
2023,7,11,8,0,24.3,0,0,9,24.3,100,119.25,6.300000000000001,3.2,154
2023,7,11,9,0,24.1,0,0,9,24.1,100,113.19,6.1000000000000005,2.7,153
2023,7,11,10,0,24,0,0,9,24,100,104.92,5.9,2.2,155
2023,7,11,11,0,24,0,0,9,24,100,95.09,5.7,1.5,171
2023,7,11,12,0,24.5,55,10,6,24.5,100,84.09,5.5,1.8,217
2023,7,11,13,0,25.200000000000003,226,79,7,25.200000000000003,100,72.60000000000001,5.5,2.2,251
2023,7,11,14,0,26.700000000000003,422,85,4,26.1,96.29,60.620000000000005,5.7,1.2000000000000002,252
2023,7,11,15,0,27.6,608,375,5,26.1,91.77,48.410000000000004,5.6000000000000005,1.3,254
2023,7,11,16,0,28.3,769,514,8,26,87.49,36.24,5.2,1.4000000000000001,258
2023,7,11,17,0,28.700000000000003,885,885,0,25.8,84.56,24.6,5,1.1,265
2023,7,11,18,0,29.3,952,820,3,25.8,81.36,15.25,4.800000000000001,0.7000000000000001,251
2023,7,11,19,0,29.900000000000002,962,962,0,25.700000000000003,78.43,14.22,4.5,0.9,198
2023,7,11,20,0,30.400000000000002,913,913,0,25.8,76.59,22.68,4.3,1.3,183
2023,7,11,21,0,30.6,811,811,0,25.900000000000002,76.16,34.11,4.2,1.6,175
2023,7,11,22,0,30.700000000000003,658,658,0,26,76.11,46.25,4.1000000000000005,1.6,161
2023,7,11,23,0,30.200000000000003,471,471,0,26.200000000000003,79.06,58.480000000000004,4.1000000000000005,1.8,139
2023,7,12,0,0,29.1,271,271,0,26.400000000000002,85.39,70.52,4,1.8,119
2023,7,12,1,0,26.900000000000002,87,87,0,25.700000000000003,93.24,82.14,4,1.9000000000000001,109
2023,7,12,2,0,25.900000000000002,0,0,0,24.700000000000003,93.33,93.27,3.8000000000000003,3,108
2023,7,12,3,0,25.1,0,0,0,24.3,95.26,103.34,3.7,3.4000000000000004,110
2023,7,12,4,0,24.3,0,0,0,24.1,98.62,111.95,3.7,3.2,116
2023,7,12,5,0,23.8,0,0,0,23.8,100,118.47,3.7,3,123
2023,7,12,6,0,23.6,0,0,0,23.6,100,122.17,3.8000000000000003,2.8000000000000003,133
2023,7,12,7,0,23.5,0,0,0,23.5,100,122.49000000000001,3.8000000000000003,2.7,142
2023,7,12,8,0,23.6,0,0,0,23.6,100,119.38,3.8000000000000003,2.7,149
2023,7,12,9,0,23.6,0,0,0,23.6,100,113.33,3.8000000000000003,2.7,155
2023,7,12,10,0,23.5,0,0,0,23.5,100,105.04,3.7,2.5,162
2023,7,12,11,0,23.5,0,0,0,23.5,100,95.21000000000001,3.7,2.5,169
2023,7,12,12,0,24.400000000000002,59,59,0,24,97.8,84.19,3.7,3.2,175
2023,7,12,13,0,25.900000000000002,235,235,0,24.200000000000003,90.60000000000001,72.7,3.7,3.5,182
2023,7,12,14,0,27.700000000000003,436,436,0,24.5,82.7,60.71,3.7,3.8000000000000003,187
2023,7,12,15,0,29.5,627,627,0,24.8,75.69,48.5,3.7,3.8000000000000003,193
2023,7,12,16,0,31.1,788,788,0,24.900000000000002,69.53,36.33,3.8000000000000003,3.8000000000000003,197
2023,7,12,17,0,32.5,903,903,0,25,64.84,24.71,4,3.9000000000000004,198
2023,7,12,18,0,33.6,967,967,0,25.400000000000002,62.24,15.39,4.1000000000000005,3.9000000000000004,195
2023,7,12,19,0,34.4,969,846,8,25.700000000000003,60.79,14.33,4.3,3.9000000000000004,190
2023,7,12,20,0,34.800000000000004,912,749,7,25.900000000000002,60.21,22.740000000000002,4.5,3.9000000000000004,186
2023,7,12,21,0,34.9,806,144,4,26.3,61,34.160000000000004,4.5,3.7,180
2023,7,12,22,0,34.6,652,353,5,26.900000000000002,64.33,46.29,4.4,3.2,169
2023,7,12,23,0,33.7,466,40,5,27.400000000000002,69.76,58.52,4.4,2.9000000000000004,158
2023,7,13,0,0,31.6,266,266,0,28,81.49,70.57000000000001,4.5,2.5,145
2023,7,13,1,0,29.6,83,83,0,27.1,86.31,82.19,4.6000000000000005,3.1,142
2023,7,13,2,0,28.5,0,0,0,26.400000000000002,88.59,93.34,4.800000000000001,3.9000000000000004,146
2023,7,13,3,0,27.5,0,0,0,26.1,92.13,103.42,4.9,3.7,147
2023,7,13,4,0,26.8,0,0,0,25.700000000000003,93.61,112.05,5,3.5,150
2023,7,13,5,0,26.200000000000003,0,0,3,25,93.15,118.59,4.9,3.4000000000000004,157
2023,7,13,6,0,25.700000000000003,0,0,1,24.200000000000003,91.36,122.31,4.800000000000001,3.3000000000000003,162
2023,7,13,7,0,25.1,0,0,0,23.400000000000002,90.2,122.64,4.7,3.3000000000000003,166
2023,7,13,8,0,24.8,0,0,3,22.8,88.46000000000001,119.53,4.5,3.3000000000000003,171
2023,7,13,9,0,24.5,0,0,0,22.3,87.71000000000001,113.46000000000001,4.3,3.6,172
2023,7,13,10,0,24.3,0,0,0,22.1,87.34,105.17,4,3.9000000000000004,170
2023,7,13,11,0,24,0,0,0,22.1,89.08,95.32000000000001,3.8000000000000003,4,168
2023,7,13,12,0,24.6,56,56,0,22.700000000000003,89.12,84.29,3.8000000000000003,3.9000000000000004,170
2023,7,13,13,0,26.1,231,231,0,23.6,86.2,72.8,3.9000000000000004,3.6,171
2023,7,13,14,0,28.400000000000002,430,430,0,24.3,78.32000000000001,60.81,4.1000000000000005,3.9000000000000004,183
2023,7,13,15,0,30.3,617,617,0,24.5,71.06,48.6,4.4,4.1000000000000005,193
2023,7,13,16,0,31.8,774,774,0,24.8,66.46000000000001,36.43,4.800000000000001,4,198
2023,7,13,17,0,32.9,888,888,0,25.200000000000003,64.01,24.82,5.1000000000000005,3.5,202
2023,7,13,18,0,33.4,951,951,0,25.400000000000002,63.07,15.530000000000001,5.4,2.8000000000000003,209
2023,7,13,19,0,33.6,954,954,0,25.700000000000003,63.42,14.46,5.6000000000000005,2.2,210
2023,7,13,20,0,33.800000000000004,901,755,3,26.200000000000003,64.78,22.82,5.7,1.8,197
2023,7,13,21,0,34.1,794,643,8,26.200000000000003,63.56,34.21,5.7,1.8,185
2023,7,13,22,0,34.1,643,317,8,26.200000000000003,63.45,46.33,5.7,1.8,176
2023,7,13,23,0,33.2,458,131,4,26.5,67.94,58.56,5.800000000000001,1.6,157
2023,7,14,0,0,31.3,260,10,4,28.200000000000003,83.75,70.62,5.800000000000001,1.4000000000000001,123
2023,7,14,1,0,29.3,80,34,4,27.5,90.11,82.25,5.9,2,114
2023,7,14,2,0,28.3,0,0,7,27,92.81,93.41,5.9,2.9000000000000004,120
2023,7,14,3,0,27.5,0,0,6,26.6,94.95,103.51,6,3.2,128
2023,7,14,4,0,26.8,0,0,9,26.1,95.96000000000001,112.16,5.9,3.2,131
2023,7,14,5,0,26.3,0,0,9,25.6,96.16,118.72,5.800000000000001,3,129
2023,7,14,6,0,25.900000000000002,0,0,6,25.200000000000003,96.11,122.45,5.6000000000000005,2.9000000000000004,135
2023,7,14,7,0,25.5,0,0,6,24.8,95.78,122.79,5.4,2.8000000000000003,144
2023,7,14,8,0,25.1,0,0,6,24.200000000000003,94.83,119.67,5.1000000000000005,2.6,149
2023,7,14,9,0,24.6,0,0,6,23.700000000000003,94.67,113.60000000000001,4.800000000000001,2.5,154
2023,7,14,10,0,24.1,0,0,6,23.400000000000002,96.01,105.3,4.7,1.7000000000000002,163
2023,7,14,11,0,23.8,0,0,6,23.400000000000002,97.68,95.44,4.7,1.1,174
2023,7,14,12,0,24.700000000000003,55,33,8,23.5,93.11,84.4,4.6000000000000005,1.6,183
2023,7,14,13,0,25.5,228,115,7,23.8,90.15,72.9,4.6000000000000005,1.6,196
2023,7,14,14,0,27,427,27,7,23.900000000000002,83.29,60.9,4.6000000000000005,1.6,225
2023,7,14,15,0,28.6,615,147,7,24,76.08,48.69,4.7,1.9000000000000001,246
2023,7,14,16,0,29.8,774,359,7,24.1,71.68,36.53,4.9,1.5,252
2023,7,14,17,0,30.700000000000003,891,459,7,24.400000000000002,69.29,24.93,4.9,1.2000000000000002,237
2023,7,14,18,0,31.3,947,650,7,24.8,68.64,15.67,4.9,1.5,215
2023,7,14,19,0,31.6,953,869,7,25.1,68.55,14.59,4.800000000000001,1.9000000000000001,209
2023,7,14,20,0,32,903,903,0,25.400000000000002,68.09,22.89,4.6000000000000005,2.3000000000000003,207
2023,7,14,21,0,32.6,806,806,0,25.400000000000002,65.88,34.27,4.4,2.5,209
2023,7,14,22,0,32.7,652,613,3,25.200000000000003,64.62,46.38,4.4,2.3000000000000003,211
2023,7,14,23,0,32.4,465,352,3,25.400000000000002,66.66,58.61,4.4,1.7000000000000002,209
2023,7,15,0,0,31.6,265,78,3,24.8,67.25,70.68,4.4,1.4000000000000001,207
2023,7,15,1,0,29.1,82,40,3,25.5,80.76,82.32000000000001,4.4,0.9,183
2023,7,15,2,0,27.8,0,0,3,24.3,81.19,93.49,4.4,1,158
2023,7,15,3,0,26.700000000000003,0,0,4,24,85.38,103.60000000000001,4.5,1,137
2023,7,15,4,0,26,0,0,6,23.8,87.66,112.27,4.6000000000000005,1.3,123
2023,7,15,5,0,25.3,0,0,6,23.700000000000003,90.67,118.85000000000001,4.7,1.6,118
2023,7,15,6,0,24.5,0,0,7,23.700000000000003,95.34,122.60000000000001,4.7,1.6,117
2023,7,15,7,0,24.1,0,0,3,23.700000000000003,97.37,122.94,4.6000000000000005,1.5,112
2023,7,15,8,0,23.700000000000003,0,0,0,23.5,98.7,119.83,4.6000000000000005,1.6,101
2023,7,15,9,0,23.3,0,0,7,23.3,99.95,113.75,4.5,1.7000000000000002,91
2023,7,15,10,0,23.1,0,0,7,23.1,100,105.43,4.5,1.1,68
2023,7,15,11,0,23.3,0,0,3,23.3,100,95.56,4.5,1.6,40
2023,7,15,12,0,23.8,50,33,7,23.700000000000003,99.12,84.51,4.5,2.2,39
2023,7,15,13,0,24.400000000000002,220,86,7,23.8,96.27,73,4.5,2.4000000000000004,26
2023,7,15,14,0,25.200000000000003,418,248,7,23.8,92.21000000000001,61,4.5,2.9000000000000004,20
2023,7,15,15,0,25.900000000000002,607,61,7,23.700000000000003,87.71000000000001,48.79,4.4,3.4000000000000004,17
2023,7,15,16,0,26.8,773,28,6,23.6,82.41,36.63,4.3,3.6,17
2023,7,15,17,0,28,894,108,7,23.6,76.94,25.05,4.2,3.4000000000000004,26
2023,7,15,18,0,29.5,955,654,7,23.8,71.49,15.82,4.2,3.2,35
2023,7,15,19,0,30.8,962,824,7,23.900000000000002,66.55,14.73,4.2,3,33
2023,7,15,20,0,31.3,911,911,0,23.5,63.22,22.98,4.1000000000000005,3,38
2023,7,15,21,0,31.3,808,808,0,22.900000000000002,61.2,34.33,3.9000000000000004,3,55
2023,7,15,22,0,31,655,655,0,22.5,60.53,46.44,3.8000000000000003,2.7,61
2023,7,15,23,0,30.200000000000003,468,468,0,22.6,63.78,58.67,3.7,2.1,62
2023,7,16,0,0,28.8,268,268,0,22.900000000000002,70.32000000000001,70.74,3.5,1.5,67
2023,7,16,1,0,26.400000000000002,84,84,0,23.200000000000003,82.44,82.39,3.3000000000000003,0.9,73
2023,7,16,2,0,25.700000000000003,0,0,0,21.8,79.09,93.58,3.1,0.9,79
2023,7,16,3,0,24.900000000000002,0,0,0,21.200000000000003,79.95,103.7,3,0.9,90
2023,7,16,4,0,24,0,0,0,20.900000000000002,82.94,112.39,3,1,100
2023,7,16,5,0,23.3,0,0,0,20.700000000000003,85.15,118.99000000000001,3,1,106
2023,7,16,6,0,22.900000000000002,0,0,0,20.400000000000002,85.79,122.75,3.1,0.9,113
2023,7,16,7,0,22.5,0,0,7,20.200000000000003,86.73,123.10000000000001,3.2,0.9,116
2023,7,16,8,0,22.200000000000003,0,0,7,20.400000000000002,89.42,119.99000000000001,3.2,0.9,114
2023,7,16,9,0,22.1,0,0,7,20.5,90.84,113.89,3.3000000000000003,0.8,116
2023,7,16,10,0,22,0,0,7,20.5,91.22,105.57000000000001,3.4000000000000004,0.7000000000000001,121
2023,7,16,11,0,21.6,0,0,7,20.5,93.61,95.69,3.5,0.7000000000000001,121
2023,7,16,12,0,22.8,52,28,7,21,89.61,84.62,3.4000000000000004,1.3,106
2023,7,16,13,0,23.900000000000002,225,176,7,21.1,84.12,73.10000000000001,3.5,1,58
2023,7,16,14,0,26.400000000000002,424,144,6,21.6,75.16,61.1,3.6,0.9,55
2023,7,16,15,0,28.8,613,248,6,21.6,65.29,48.89,3.8000000000000003,1.3,129
2023,7,16,16,0,30,771,771,0,22.1,62.82,36.730000000000004,4.1000000000000005,1.6,147
2023,7,16,17,0,30.700000000000003,886,768,7,22.5,61.58,25.16,4.3,1.9000000000000001,161
2023,7,16,18,0,31,950,950,0,22.700000000000003,61.480000000000004,15.97,4.4,2.2,174
2023,7,16,19,0,31.6,959,959,0,23,60.46,14.88,4.3,2.5,188
2023,7,16,20,0,32.1,909,909,0,23.200000000000003,59.300000000000004,23.07,4.2,2.8000000000000003,205
2023,7,16,21,0,32.2,808,808,0,23.200000000000003,59.11,34.39,4.1000000000000005,2.8000000000000003,212
2023,7,16,22,0,32,654,654,0,23.3,59.980000000000004,46.5,4,2.6,212
2023,7,16,23,0,31.400000000000002,468,468,0,23.8,63.940000000000005,58.730000000000004,3.9000000000000004,2,207
2023,7,17,0,0,30.3,267,267,0,24.400000000000002,70.67,70.8,3.9000000000000004,1.5,196
2023,7,17,1,0,27.6,82,82,0,24.8,84.71000000000001,82.46000000000001,3.8000000000000003,1,174
2023,7,17,2,0,26.1,0,0,0,23.900000000000002,87.5,93.67,3.7,1.4000000000000001,160
2023,7,17,3,0,25.5,0,0,0,23.8,90.45,103.81,3.5,2.2,159
2023,7,17,4,0,24.900000000000002,0,0,7,24,94.49,112.51,3.4000000000000004,3,161
2023,7,17,5,0,24.200000000000003,0,0,7,24,98.99000000000001,119.13,3.2,3,164
2023,7,17,6,0,23.700000000000003,0,0,6,23.700000000000003,100,122.91,3.2,2.7,168
2023,7,17,7,0,23.5,0,0,7,23.5,100,123.27,3.1,2.6,173
2023,7,17,8,0,23.3,0,0,8,23.3,100,120.15,3.1,2.5,177
2023,7,17,9,0,23.200000000000003,0,0,0,23.200000000000003,100,114.05,3.2,2.5,178
2023,7,17,10,0,23,0,0,0,23,100,105.71000000000001,3.2,2.2,178
2023,7,17,11,0,22.900000000000002,0,0,0,22.900000000000002,100,95.81,3.2,2.1,178
2023,7,17,12,0,24.200000000000003,52,52,0,24,98.52,84.73,3.3000000000000003,2.9000000000000004,177
2023,7,17,13,0,25.8,226,226,0,24.700000000000003,93.59,73.21000000000001,3.3000000000000003,3.1,187
2023,7,17,14,0,27.8,430,430,0,25.200000000000003,85.57000000000001,61.2,3.3000000000000003,3,195
2023,7,17,15,0,29.900000000000002,623,623,0,24.900000000000002,74.8,48.980000000000004,3.4000000000000004,2.7,199
2023,7,17,16,0,31.6,784,784,0,24.8,67.49,36.83,3.6,2.2,199
2023,7,17,17,0,33.2,901,901,0,24.400000000000002,60.13,25.29,3.8000000000000003,1.8,199
2023,7,17,18,0,34.2,965,965,0,24.200000000000003,56.050000000000004,16.13,4,1.7000000000000002,194
2023,7,17,19,0,34.9,967,869,8,24.1,53.76,15.030000000000001,4.2,1.9000000000000001,184
2023,7,17,20,0,35.2,912,912,0,24.200000000000003,52.910000000000004,23.17,4.3,2.3000000000000003,180
2023,7,17,21,0,35.300000000000004,803,803,0,24.200000000000003,52.69,34.47,4.3,2.5,180
2023,7,17,22,0,34.800000000000004,649,649,0,24.3,54.6,46.56,4.2,2.5,179
2023,7,17,23,0,34,464,464,0,25,59.620000000000005,58.800000000000004,4,2.2,175
2023,7,18,0,0,32.1,265,248,7,25.8,69.49,70.88,3.8000000000000003,1.8,175
2023,7,18,1,0,29.3,81,64,7,24.700000000000003,76.2,82.54,3.5,1.6,166
2023,7,18,2,0,28.200000000000003,0,0,6,23.200000000000003,74.23,93.76,3.3000000000000003,2,163
2023,7,18,3,0,27.5,0,0,6,22.700000000000003,75.26,103.92,3.3000000000000003,2.4000000000000004,164
2023,7,18,4,0,27,0,0,6,22.900000000000002,78.34,112.64,3.4000000000000004,3,167
2023,7,18,5,0,26.6,0,0,7,23.3,82.29,119.28,3.4000000000000004,3.6,172
2023,7,18,6,0,26.400000000000002,0,0,0,23.400000000000002,83.76,123.08,3.5,3.9000000000000004,182
2023,7,18,7,0,26.200000000000003,0,0,0,23,82.68,123.44,3.5,3.9000000000000004,194
2023,7,18,8,0,25.900000000000002,0,0,0,21.900000000000002,78.46000000000001,120.32000000000001,3.5,4,206
2023,7,18,9,0,25.200000000000003,0,0,0,20.1,73.52,114.2,3.4000000000000004,4.4,213
2023,7,18,10,0,24.5,0,0,0,18.5,69.27,105.85000000000001,3.2,4.6000000000000005,216
2023,7,18,11,0,23.8,0,0,0,17.400000000000002,67.5,95.94,3,4.7,219
2023,7,18,12,0,24.1,50,50,0,17.3,65.78,84.85000000000001,2.9000000000000004,4.800000000000001,222
2023,7,18,13,0,25.6,227,227,0,17.900000000000002,62.56,73.32000000000001,2.8000000000000003,4.6000000000000005,223
2023,7,18,14,0,27.700000000000003,431,431,0,18.8,58.32,61.300000000000004,2.8000000000000003,4.3,219
2023,7,18,15,0,30,627,627,0,19.200000000000003,52.25,49.08,2.9000000000000004,4.800000000000001,223
2023,7,18,16,0,32.300000000000004,794,794,0,19.700000000000003,47.29,36.94,2.9000000000000004,5.4,224
2023,7,18,17,0,34.2,912,912,0,20.1,43.75,25.41,3.1,5.800000000000001,220
2023,7,18,18,0,35.7,976,976,0,20.400000000000002,40.93,16.3,3.3000000000000003,6,216
2023,7,18,19,0,36.7,979,979,0,20.5,39.09,15.19,3.5,5.800000000000001,214
2023,7,18,20,0,37.2,922,922,0,20.8,38.6,23.27,3.7,5.2,213
2023,7,18,21,0,37.2,809,809,0,21.700000000000003,40.92,34.54,3.8000000000000003,4.3,210
2023,7,18,22,0,36.5,654,654,0,23.5,47.230000000000004,46.63,3.8000000000000003,3.3000000000000003,204
2023,7,18,23,0,35,466,466,0,24.700000000000003,55.2,58.870000000000005,3.7,2.7,197
2023,7,19,0,0,32.5,266,266,0,25,64.66,70.95,3.5,2.1,191
2023,7,19,1,0,30.1,80,80,0,22.400000000000002,63.46,82.63,3.4000000000000004,2.3000000000000003,185
2023,7,19,2,0,29.3,0,0,0,20.700000000000003,59.83,93.86,3.3000000000000003,2.7,184
2023,7,19,3,0,28.8,0,0,0,19.5,57.38,104.04,3.2,3.4000000000000004,186
2023,7,19,4,0,28.5,0,0,0,18.5,54.620000000000005,112.78,3.2,4.4,188
2023,7,19,5,0,28.200000000000003,0,0,0,17.5,52.31,119.44,3.1,5.300000000000001,191
2023,7,19,6,0,27.400000000000002,0,0,0,16.900000000000002,52.74,123.25,3.1,4.9,191
2023,7,19,7,0,25.8,0,0,0,16.900000000000002,57.92,123.62,3.1,4,189
2023,7,19,8,0,24.900000000000002,0,0,3,16.8,60.64,120.49000000000001,3.1,3.8000000000000003,192
2023,7,19,9,0,24.200000000000003,0,0,0,16.7,62.83,114.36,3.2,3.5,194
2023,7,19,10,0,23.5,0,0,0,16.7,65.63,105.99000000000001,3.2,3.2,197
2023,7,19,11,0,23.200000000000003,0,0,0,16.8,67.46000000000001,96.07000000000001,3.2,3.2,200
2023,7,19,12,0,24.200000000000003,48,48,0,17.6,66.71000000000001,84.96000000000001,3.1,3.8000000000000003,201
2023,7,19,13,0,26,222,165,3,18.8,64.74,73.43,3,4,200
2023,7,19,14,0,28.900000000000002,428,54,8,20.1,58.92,61.410000000000004,2.9000000000000004,4.7,210
2023,7,19,15,0,31.400000000000002,624,624,1,20.8,53.32,49.19,2.9000000000000004,5.300000000000001,220
2023,7,19,16,0,33.4,788,788,0,21,48.36,37.050000000000004,3,5.2,221
2023,7,19,17,0,35,906,906,0,21,44.17,25.54,3.2,5,219
2023,7,19,18,0,36.300000000000004,967,967,0,20.8,40.74,16.46,3.5,4.7,218
2023,7,19,19,0,37.1,967,742,7,20.700000000000003,38.550000000000004,15.35,3.8000000000000003,4.2,216
2023,7,19,20,0,37.5,909,189,7,20.6,37.58,23.38,4,3.6,213
2023,7,19,21,0,37.300000000000004,798,444,7,21.1,39.25,34.63,4,2.9000000000000004,206
2023,7,19,22,0,37,643,351,7,21.8,41.69,46.7,4,2.3000000000000003,195
2023,7,19,23,0,36.5,455,382,8,21.200000000000003,41.230000000000004,58.94,4,2.1,187
2023,7,20,0,0,33.800000000000004,255,255,0,24.400000000000002,58.120000000000005,71.03,4,1.3,168
2023,7,20,1,0,30.5,75,66,8,22.6,62.870000000000005,82.72,3.9000000000000004,1.6,150
2023,7,20,2,0,29.6,0,0,7,20.900000000000002,59.52,93.97,3.9000000000000004,2.7,149
2023,7,20,3,0,29,0,0,4,20.700000000000003,60.95,104.16,3.8000000000000003,4,155
2023,7,20,4,0,27.8,0,0,5,20.3,63.77,112.92,3.6,3.8000000000000003,164
2023,7,20,5,0,26.5,0,0,8,19.6,65.93,119.60000000000001,3.5,2.7,171
2023,7,20,6,0,25.200000000000003,0,0,7,19.200000000000003,69.32000000000001,123.43,3.4000000000000004,2.1,174
2023,7,20,7,0,24.5,0,0,7,18.5,69.36,123.81,3.3000000000000003,2.1,176
2023,7,20,8,0,24.1,0,0,7,18.2,69.41,120.67,3.4000000000000004,2.2,179
2023,7,20,9,0,23.8,0,0,4,18.2,70.79,114.53,3.4000000000000004,2,183
2023,7,20,10,0,23.6,0,0,6,18.3,72.34,106.14,3.5,1.9000000000000001,184
2023,7,20,11,0,23.6,0,0,7,18.400000000000002,72.84,96.2,3.6,2.2,185
2023,7,20,12,0,24.700000000000003,45,32,7,19,70.68,85.08,3.6,2.8000000000000003,189
2023,7,20,13,0,26.1,214,99,7,19.8,68.46000000000001,73.54,3.6,3.1,195
2023,7,20,14,0,28.400000000000002,413,413,0,20.6,62.5,61.51,3.6,3.2,213
2023,7,20,15,0,30.700000000000003,593,417,7,20.5,54.46,49.29,3.7,3.5,232
2023,7,20,16,0,32,754,578,7,20.3,50.120000000000005,37.160000000000004,3.9000000000000004,3.2,243
2023,7,20,17,0,32.6,873,766,7,20.400000000000002,48.57,25.67,4,2.5,247
2023,7,20,18,0,33.2,940,686,7,20.6,47.730000000000004,16.64,4.1000000000000005,2,245
2023,7,20,19,0,33.9,948,852,8,21,47.050000000000004,15.530000000000001,4.1000000000000005,1.8,240
2023,7,20,20,0,34.4,894,808,8,21.3,46.64,23.5,4.3,1.7000000000000002,238
2023,7,20,21,0,34.5,782,237,7,21.700000000000003,47.43,34.71,4.4,1.5,238
2023,7,20,22,0,34.2,628,389,7,22.200000000000003,49.56,46.78,4.5,1.2000000000000002,233
2023,7,20,23,0,33.9,444,413,8,22.6,51.71,59.02,4.5,0.8,209
2023,7,21,0,0,32.5,247,238,8,23.6,59.52,71.12,4.5,0.8,182
2023,7,21,1,0,30.5,70,58,8,24.200000000000003,69.10000000000001,82.81,4.6000000000000005,0.7000000000000001,122
2023,7,21,2,0,28.8,0,0,0,23.8,74.42,94.08,4.6000000000000005,1,114
2023,7,21,3,0,27.700000000000003,0,0,8,23.3,77.01,104.29,4.6000000000000005,1.4000000000000001,127
2023,7,21,4,0,27.200000000000003,0,0,0,22.900000000000002,77.44,113.07000000000001,4.6000000000000005,2,137
2023,7,21,5,0,26.6,0,0,8,23.1,81.15,119.77,4.7,2,140
2023,7,21,6,0,25.900000000000002,0,0,8,23.200000000000003,85.27,123.61,4.800000000000001,1.6,135
2023,7,21,7,0,25.3,0,0,8,23.1,87.67,124,4.7,1.6,130
2023,7,21,8,0,24.900000000000002,0,0,7,22.700000000000003,87.69,120.85000000000001,4.5,1.9000000000000001,139
2023,7,21,9,0,24.400000000000002,0,0,6,22.3,87.91,114.7,4.3,2,150
2023,7,21,10,0,23.6,0,0,6,21.900000000000002,90.43,106.29,4.3,1.5,161
2023,7,21,11,0,23.3,0,0,6,22,92.46000000000001,96.34,4.4,0.6000000000000001,196
2023,7,21,12,0,23.700000000000003,39,11,6,22.6,93.35000000000001,85.2,4.7,2.7,341
2023,7,21,13,0,24,203,49,6,22.900000000000002,93.36,73.65,4.800000000000001,4.1000000000000005,2
2023,7,21,14,0,24.200000000000003,404,100,6,22.6,90.75,61.620000000000005,4.6000000000000005,4.6000000000000005,15
2023,7,21,15,0,24.700000000000003,597,176,7,21.900000000000002,84.3,49.39,4.6000000000000005,4.3,17
2023,7,21,16,0,25.900000000000002,757,324,7,21.200000000000003,75.39,37.27,4.7,3.9000000000000004,9
2023,7,21,17,0,27.400000000000002,874,365,7,20.6,66.39,25.8,4.800000000000001,3.7,358
2023,7,21,18,0,28.3,940,436,7,20.200000000000003,61.39,16.81,4.800000000000001,3.4000000000000004,352
2023,7,21,19,0,28.6,945,881,7,19.900000000000002,59.49,15.700000000000001,4.9,3.3000000000000003,349
2023,7,21,20,0,28.700000000000003,889,819,7,19.900000000000002,58.93,23.62,5,3.3000000000000003,350
2023,7,21,21,0,28.6,783,783,0,19.900000000000002,59.42,34.81,4.9,3.1,0
2023,7,21,22,0,28.400000000000002,630,533,8,19.8,59.83,46.87,4.800000000000001,3,10
2023,7,21,23,0,27.900000000000002,444,168,3,19.700000000000003,61.17,59.11,4.800000000000001,2.6,15
2023,7,22,0,0,26.900000000000002,247,247,1,20.400000000000002,67.74,71.21000000000001,4.7,1.8,26
2023,7,22,1,0,25.200000000000003,71,71,1,20.700000000000003,75.98,82.91,4.4,1.3,38
2023,7,22,2,0,24.1,0,0,1,20,77.87,94.19,4,1.4000000000000001,47
2023,7,22,3,0,23.400000000000002,0,0,0,19.700000000000003,79.68,104.42,3.8000000000000003,1.3,53
2023,7,22,4,0,22.700000000000003,0,0,0,19.5,82.09,113.23,3.6,1.2000000000000002,58
2023,7,22,5,0,22,0,0,0,19.3,84.5,119.95,3.4000000000000004,1,64
2023,7,22,6,0,21.6,0,0,0,19.1,85.83,123.8,3.3000000000000003,0.8,65
2023,7,22,7,0,21.400000000000002,0,0,3,19.1,86.53,124.19,3.2,0.7000000000000001,53
2023,7,22,8,0,20.900000000000002,0,0,8,19,88.76,121.04,3.2,0.7000000000000001,33
2023,7,22,9,0,20.3,0,0,0,18.900000000000002,91.60000000000001,114.87,3.1,0.7000000000000001,22
2023,7,22,10,0,19.700000000000003,0,0,0,18.8,94.58,106.45,2.9000000000000004,0.8,14
2023,7,22,11,0,19.3,0,0,0,18.8,96.82000000000001,96.48,2.7,0.8,11
2023,7,22,12,0,21.3,46,46,0,19.1,87.15,85.32000000000001,2.5,1.7000000000000002,9
2023,7,22,13,0,23.6,225,225,0,19,75.27,73.76,2.4000000000000004,1.8,18
2023,7,22,14,0,26.200000000000003,433,433,0,17.900000000000002,60.13,61.72,2.3000000000000003,2,34
2023,7,22,15,0,27.900000000000002,631,631,0,17,51.69,49.5,2.3000000000000003,2.1,34
2023,7,22,16,0,29.1,798,798,0,16.900000000000002,47.870000000000005,37.38,2.4000000000000004,2.1,34
2023,7,22,17,0,30.1,921,921,0,17.2,45.82,25.93,2.4000000000000004,1.8,32
2023,7,22,18,0,30.900000000000002,988,988,0,17.400000000000002,44.47,17,2.5,1.6,30
2023,7,22,19,0,31.5,993,993,1,17.6,43.44,15.89,2.6,1.3,29
2023,7,22,20,0,31.8,936,936,1,17.7,42.96,23.75,2.7,1.2000000000000002,30
2023,7,22,21,0,31.8,825,825,0,17.7,42.94,34.910000000000004,2.6,1.1,29
2023,7,22,22,0,31.400000000000002,667,667,0,17.400000000000002,43.28,46.96,2.5,1.2000000000000002,28
2023,7,22,23,0,30.700000000000003,476,476,0,17.3,44.72,59.2,2.4000000000000004,1.2000000000000002,31
2023,7,23,0,0,29.5,269,269,0,18.1,50.44,71.31,2.4000000000000004,0.9,39
2023,7,23,1,0,27.200000000000003,79,79,0,19.1,61.11,83.02,2.3000000000000003,0.7000000000000001,58
2023,7,23,2,0,26,0,0,0,17.6,59.81,94.32000000000001,2.3000000000000003,0.9,84
2023,7,23,3,0,24.6,0,0,0,17.400000000000002,64.37,104.56,2.2,1,106
2023,7,23,4,0,23.1,0,0,0,17.2,69.26,113.39,2.3000000000000003,1,123
2023,7,23,5,0,22,0,0,0,16.8,72.28,120.13,2.3000000000000003,1.1,139
2023,7,23,6,0,21.3,0,0,0,16.2,72.85000000000001,124,2.3000000000000003,1.3,154
2023,7,23,7,0,20.700000000000003,0,0,0,15.8,73.35000000000001,124.39,2.3000000000000003,1.4000000000000001,168
2023,7,23,8,0,20.1,0,0,0,15.4,74.21000000000001,121.23,2.3000000000000003,1.5,181
2023,7,23,9,0,19.6,0,0,0,15.200000000000001,75.67,115.04,2.4000000000000004,1.5,191
2023,7,23,10,0,19.3,0,0,0,15.3,77.45,106.60000000000001,2.6,1.5,199
2023,7,23,11,0,19.1,0,0,0,15.5,79.5,96.62,2.7,1.5,205
2023,7,23,12,0,21.3,45,45,0,16.2,72.8,85.44,2.7,2.4000000000000004,209
2023,7,23,13,0,23.5,221,221,0,17,67.13,73.88,2.8000000000000003,2.5,209
2023,7,23,14,0,26.900000000000002,427,427,0,17.3,55.68,61.83,2.8000000000000003,2.9000000000000004,210
2023,7,23,15,0,29.1,625,625,0,17.400000000000002,49.25,49.61,2.7,2.8000000000000003,216
2023,7,23,16,0,30.700000000000003,795,795,0,17.5,45.14,37.49,2.6,2.4000000000000004,220
2023,7,23,17,0,32.1,917,917,0,17.3,41.17,26.07,2.6,2.2,219
2023,7,23,18,0,33.2,986,986,0,16.900000000000002,37.71,17.18,2.5,2.1,217
2023,7,23,19,0,34,993,993,0,16.400000000000002,35.08,16.080000000000002,2.5,1.8,219
2023,7,23,20,0,34.4,935,935,0,16.2,33.76,23.88,2.6,1.4000000000000001,225
2023,7,23,21,0,34.5,823,823,0,16.2,33.59,35.02,2.6,1.1,215
2023,7,23,22,0,34,664,664,0,16.3,34.86,47.050000000000004,2.6,1,176
2023,7,23,23,0,33.1,473,473,0,17.3,39.1,59.29,2.5,1.2000000000000002,153
2023,7,24,0,0,31.1,266,266,0,18.8,47.97,71.41,2.5,1.2000000000000002,150
2023,7,24,1,0,27.1,77,77,0,18.900000000000002,60.9,83.13,2.4000000000000004,1.2000000000000002,148
2023,7,24,2,0,25.6,0,0,0,17,59.17,94.44,2.4000000000000004,1.6,153
2023,7,24,3,0,24.900000000000002,0,0,0,16.400000000000002,59.22,104.71000000000001,2.4000000000000004,2.1,159
2023,7,24,4,0,24.400000000000002,0,0,0,16.3,60.72,113.55,2.5,2.6,166
2023,7,24,5,0,23.8,0,0,0,16.5,63.71,120.32000000000001,2.6,3,172
2023,7,24,6,0,23.200000000000003,0,0,0,16.7,66.84,124.2,2.7,3.1,177
2023,7,24,7,0,22.6,0,0,0,16.8,69.58,124.60000000000001,2.7,2.9000000000000004,183
2023,7,24,8,0,22.1,0,0,0,16.7,71.35000000000001,121.43,2.7,2.7,190
2023,7,24,9,0,21.700000000000003,0,0,0,16.5,72.5,115.22,2.7,2.7,198
2023,7,24,10,0,21.200000000000003,0,0,0,16.400000000000002,74.03,106.76,2.6,2.7,207
2023,7,24,11,0,20.8,0,0,0,16.2,74.78,96.76,2.5,2.7,214
2023,7,24,12,0,22.1,45,45,0,16.2,69.31,85.56,2.4000000000000004,3.5,219
2023,7,24,13,0,24.1,224,224,0,16.900000000000002,64.06,73.99,2.3000000000000003,3.5,222
2023,7,24,14,0,27.3,432,432,0,17.7,55.7,61.940000000000005,2.3000000000000003,3.5,224
2023,7,24,15,0,30.700000000000003,629,629,0,17.5,45.29,49.71,2.4000000000000004,3.8000000000000003,226
2023,7,24,16,0,33.2,794,794,0,17.8,39.96,37.61,2.5,3.8000000000000003,227
2023,7,24,17,0,35.1,912,912,0,18.3,37.1,26.21,2.7,3.5,222
2023,7,24,18,0,36.5,972,972,0,18.5,34.79,17.37,2.9000000000000004,3.3000000000000003,210
2023,7,24,19,0,37.4,979,979,0,18.2,32.61,16.28,2.9000000000000004,3.4000000000000004,195
2023,7,24,20,0,37.6,922,922,0,17.7,31.27,24.03,3,3.6,183
2023,7,24,21,0,37.300000000000004,813,813,0,17.3,31,35.13,2.9000000000000004,3.7,177
2023,7,24,22,0,36.6,655,655,0,17.8,33.19,47.160000000000004,2.9000000000000004,3.6,172
2023,7,24,23,0,34.9,466,466,0,20,41.84,59.39,2.8000000000000003,2.8000000000000003,166
2023,7,25,0,0,32.2,261,261,0,21.400000000000002,52.82,71.51,2.8000000000000003,2.3000000000000003,158
2023,7,25,1,0,29.6,73,73,0,19.700000000000003,55.230000000000004,83.25,2.8000000000000003,2.8000000000000003,156
2023,7,25,2,0,28.900000000000002,0,0,0,18.8,54.38,94.57000000000001,2.7,4,157
2023,7,25,3,0,27.5,0,0,0,18.1,56.61,104.86,2.7,4.3,161
2023,7,25,4,0,26.400000000000002,0,0,0,17.2,57.02,113.73,2.6,4.2,166
2023,7,25,5,0,25.6,0,0,0,16.400000000000002,56.75,120.51,2.6,4.2,172
2023,7,25,6,0,24.900000000000002,0,0,0,15.9,57.230000000000004,124.41,2.6,4.1000000000000005,176
2023,7,25,7,0,24.3,0,0,0,15.5,58.1,124.81,2.6,4,180
2023,7,25,8,0,23.700000000000003,0,0,0,15.3,59.32,121.63,2.6,3.7,183
2023,7,25,9,0,23.1,0,0,0,15.3,61.370000000000005,115.4,2.6,3.5,187
2023,7,25,10,0,22.5,0,0,0,15.4,64.36,106.92,2.7,3.3000000000000003,190
2023,7,25,11,0,22.1,0,0,0,15.700000000000001,67.07000000000001,96.9,2.7,3.2,194
2023,7,25,12,0,23.3,41,41,0,16.400000000000002,65.29,85.69,2.8000000000000003,3.7,197
2023,7,25,13,0,25.6,217,217,0,17.7,61.64,74.11,2.8000000000000003,3.8000000000000003,197
2023,7,25,14,0,28.900000000000002,421,421,0,19.3,56.29,62.050000000000004,2.9000000000000004,4.2,202
2023,7,25,15,0,32.4,611,611,0,19.5,46.45,49.82,3,5.1000000000000005,213
2023,7,25,16,0,35,775,678,3,18.7,38.33,37.730000000000004,3.2,5.2,212
2023,7,25,17,0,36.7,895,895,0,18.3,33.97,26.35,3.4000000000000004,5.2,209
2023,7,25,18,0,37.800000000000004,959,959,0,18.1,31.71,17.57,3.6,5.2,206
2023,7,25,19,0,38.400000000000006,965,965,0,18.2,30.73,16.48,3.7,5.2,204
2023,7,25,20,0,38.6,910,910,0,18.2,30.54,24.18,3.8000000000000003,5.2,202
2023,7,25,21,0,38.5,797,737,8,18.2,30.69,35.24,3.8000000000000003,5.1000000000000005,199
2023,7,25,22,0,37.800000000000004,642,642,0,18.400000000000002,32.17,47.26,3.6,4.800000000000001,196
2023,7,25,23,0,36.300000000000004,454,454,0,19.6,37.62,59.5,3.5,3.9000000000000004,193
2023,7,26,0,0,33.6,250,141,3,20.5,46.35,71.63,3.5,2.7,189
2023,7,26,1,0,30.8,67,67,0,19.3,50.24,83.37,3.6,2.3000000000000003,176
2023,7,26,2,0,30.1,0,0,0,17.900000000000002,48.04,94.71000000000001,3.6,2.9000000000000004,166
2023,7,26,3,0,29.700000000000003,0,0,0,17.1,46.64,105.01,3.6,4.2,169
2023,7,26,4,0,29,0,0,0,16.8,47.82,113.91,3.5,4.800000000000001,178
2023,7,26,5,0,28.3,0,0,0,16.7,49.43,120.71000000000001,3.4000000000000004,4.800000000000001,185
2023,7,26,6,0,27.1,0,0,0,16.8,53.370000000000005,124.63000000000001,3.2,4,187
2023,7,26,7,0,26.3,0,0,0,16.8,56.06,125.02,3,3.8000000000000003,191
2023,7,26,8,0,25.6,0,0,0,16.8,58.4,121.83,2.9000000000000004,3.8000000000000003,193
2023,7,26,9,0,25,0,0,0,16.8,60.56,115.59,2.9000000000000004,3.6,194
2023,7,26,10,0,24.5,0,0,0,16.900000000000002,62.51,107.09,2.8000000000000003,3.4000000000000004,194
2023,7,26,11,0,24.200000000000003,0,0,0,16.900000000000002,63.93,97.05,2.8000000000000003,3.5,193
2023,7,26,12,0,25.1,39,30,7,17.400000000000002,62.45,85.81,2.8000000000000003,4,192
2023,7,26,13,0,27.1,211,158,3,18.2,58.4,74.23,2.8000000000000003,4.3,190
2023,7,26,14,0,30.200000000000003,417,350,7,18.7,50.11,62.160000000000004,2.8000000000000003,5.2,196
2023,7,26,15,0,33,613,481,7,18.3,41.730000000000004,49.93,2.9000000000000004,5.7,201
2023,7,26,16,0,35,779,670,3,17.900000000000002,36.34,37.85,3,5.9,202
2023,7,26,17,0,36.5,899,790,3,17.3,32.37,26.5,3.2,5.800000000000001,201
2023,7,26,18,0,37.5,963,963,0,16.900000000000002,29.75,17.77,3.3000000000000003,5.6000000000000005,198
2023,7,26,19,0,38.2,967,967,0,16.6,28.09,16.69,3.4000000000000004,5.4,196
2023,7,26,20,0,38.300000000000004,910,861,8,16.3,27.46,24.330000000000002,3.5,5,194
2023,7,26,21,0,38,797,450,5,16.2,27.740000000000002,35.37,3.6,4.6000000000000005,191
2023,7,26,22,0,37.300000000000004,639,514,7,16.6,29.52,47.37,3.6,4,186
2023,7,26,23,0,35.7,449,449,0,18.6,36.62,59.61,3.5,2.9000000000000004,179
2023,7,27,0,0,33.1,246,246,0,20.200000000000003,46.88,71.74,3.5,2.1,169
2023,7,27,1,0,30.400000000000002,65,65,0,18.2,48.2,83.49,3.4000000000000004,2.3000000000000003,162
2023,7,27,2,0,29.700000000000003,0,0,0,16.7,45.44,94.85000000000001,3.2,3.6,161
2023,7,27,3,0,28.8,0,0,0,15.9,45.65,105.18,3.1,4.3,163
2023,7,27,4,0,27.6,0,0,0,15.600000000000001,47.96,114.09,3.1,4.2,168
2023,7,27,5,0,26.700000000000003,0,0,0,15.5,50.21,120.91,3.1,3.8000000000000003,174
2023,7,27,6,0,25.900000000000002,0,0,0,15.4,52.33,124.85000000000001,3.2,3.6,180
2023,7,27,7,0,25.3,0,0,0,15.3,53.76,125.25,3.3000000000000003,3.5,183
2023,7,27,8,0,24.8,0,0,3,15.100000000000001,54.84,122.04,3.3000000000000003,3.4000000000000004,186
2023,7,27,9,0,24.6,0,0,0,15.100000000000001,55.59,115.78,3.4000000000000004,3.4000000000000004,188
2023,7,27,10,0,24.3,0,0,0,15.4,57.43,107.25,3.3000000000000003,3.5,189
2023,7,27,11,0,24.1,0,0,0,15.8,59.81,97.19,3.3000000000000003,3.4000000000000004,191
2023,7,27,12,0,25.1,36,36,0,16.7,59.77,85.94,3.4000000000000004,3.5,193
2023,7,27,13,0,26.900000000000002,204,125,3,18,58.06,74.34,3.4000000000000004,3.2,189
2023,7,27,14,0,30.1,406,337,3,19.400000000000002,52.67,62.27,3.5,4.2,196
2023,7,27,15,0,32.9,597,597,0,19.700000000000003,45.89,50.050000000000004,3.5,4.6000000000000005,198
2023,7,27,16,0,35,763,763,0,19.8,40.97,37.97,3.6,4.6000000000000005,195
2023,7,27,17,0,36.6,886,779,3,19.700000000000003,37.43,26.650000000000002,3.6,4.6000000000000005,192
2023,7,27,18,0,37.7,952,847,8,19.3,34.300000000000004,17.97,3.7,4.5,190
2023,7,27,19,0,38.400000000000006,956,829,8,18.6,31.62,16.91,3.9000000000000004,4.2,190
2023,7,27,20,0,38.6,899,899,0,18,30.150000000000002,24.490000000000002,4.1000000000000005,3.8000000000000003,188
2023,7,27,21,0,38.300000000000004,785,785,0,17.7,30.04,35.5,4.2,3.7,182
2023,7,27,22,0,37.6,629,548,3,17.8,31.3,47.49,4.2,3.6,174
2023,7,27,23,0,36.300000000000004,440,440,0,18.900000000000002,36.01,59.730000000000004,4.2,3.2,167
2023,7,28,0,0,33.9,240,221,3,20,44.22,71.86,4.1000000000000005,2.7,158
2023,7,28,1,0,31.6,61,61,0,18.5,45.71,83.62,3.9000000000000004,3.3000000000000003,154
2023,7,28,2,0,30.400000000000002,0,0,0,16.900000000000002,44.21,95,3.7,4.5,155
2023,7,28,3,0,28.8,0,0,0,15.8,45.37,105.34,3.5,4.6000000000000005,159
2023,7,28,4,0,27.400000000000002,0,0,3,15.4,48.03,114.28,3.5,4.2,163
2023,7,28,5,0,26.5,0,0,3,15.4,50.65,121.12,3.4000000000000004,3.9000000000000004,166
2023,7,28,6,0,25.900000000000002,0,0,5,15.5,52.68,125.07000000000001,3.4000000000000004,3.6,170
2023,7,28,7,0,25.400000000000002,0,0,5,15.5,54.27,125.47,3.4000000000000004,3.4000000000000004,173
2023,7,28,8,0,24.900000000000002,0,0,5,15.4,55.65,122.25,3.4000000000000004,3.2,175
2023,7,28,9,0,24.400000000000002,0,0,5,15.5,57.68,115.97,3.4000000000000004,2.9000000000000004,179
2023,7,28,10,0,24,0,0,3,15.700000000000001,59.9,107.42,3.4000000000000004,2.6,182
2023,7,28,11,0,23.700000000000003,0,0,5,16,61.870000000000005,97.34,3.4000000000000004,2.6,184
2023,7,28,12,0,25.200000000000003,34,24,3,16.5,58.370000000000005,86.07000000000001,3.4000000000000004,3.5,187
2023,7,28,13,0,27.400000000000002,200,143,3,17.3,54.07,74.46000000000001,3.5,3.8000000000000003,189
2023,7,28,14,0,30.8,401,401,0,17.5,45.08,62.39,3.5,5,201
2023,7,28,15,0,33.4,597,597,0,17.400000000000002,38.56,50.160000000000004,3.5,5.300000000000001,203
2023,7,28,16,0,35.300000000000004,764,764,0,17.6,35.25,38.09,3.5,5.1000000000000005,198
2023,7,28,17,0,36.7,885,885,0,17.6,32.59,26.8,3.6,5,192
2023,7,28,18,0,37.7,951,951,0,17.3,30.23,18.18,3.6,4.9,187
2023,7,28,19,0,38.300000000000004,957,957,0,16.8,28.36,17.13,3.7,4.800000000000001,184
2023,7,28,20,0,38.5,903,903,0,16.5,27.54,24.66,3.7,4.6000000000000005,182
2023,7,28,21,0,38.400000000000006,790,790,0,16.5,27.64,35.63,3.8000000000000003,4.2,179
2023,7,28,22,0,37.800000000000004,633,633,0,16.7,28.990000000000002,47.61,3.8000000000000003,3.9000000000000004,176
2023,7,28,23,0,36.5,442,442,0,17.8,33.25,59.85,3.8000000000000003,3.1,173
2023,7,29,0,0,34,240,240,0,20.3,44.64,71.99,3.8000000000000003,1.9000000000000001,167
2023,7,29,1,0,31,61,61,0,19.1,49.25,83.76,3.8000000000000003,1.8,160
2023,7,29,2,0,30.3,0,0,0,17.7,46.94,95.16,3.7,2.9000000000000004,157
2023,7,29,3,0,29.5,0,0,0,16.6,45.93,105.52,3.6,3.8000000000000003,159
2023,7,29,4,0,28.3,0,0,8,15.8,46.72,114.47,3.6,4,164
2023,7,29,5,0,27.3,0,0,0,15.3,47.980000000000004,121.34,3.6,4,170
2023,7,29,6,0,26.6,0,0,3,15.100000000000001,49.29,125.3,3.6,3.8000000000000003,177
2023,7,29,7,0,26,0,0,0,15,50.85,125.7,3.6,3.6,184
2023,7,29,8,0,25.5,0,0,1,15,52.36,122.47,3.6,3.2,189
2023,7,29,9,0,24.900000000000002,0,0,3,15.3,55.13,116.16,3.5,2.7,192
2023,7,29,10,0,24.200000000000003,0,0,7,15.700000000000001,59.1,107.59,3.5,2.2,197
2023,7,29,11,0,23.700000000000003,0,0,8,16.1,62.53,97.49000000000001,3.4000000000000004,1.9000000000000001,200
2023,7,29,12,0,25.3,33,33,0,16.7,58.88,86.2,3.3000000000000003,2.6,202
2023,7,29,13,0,27.400000000000002,201,201,0,17.400000000000002,54.32,74.58,3.2,2.7,201
2023,7,29,14,0,31.1,405,405,0,17.2,43.46,62.5,3.1,3.4000000000000004,211
2023,7,29,15,0,33.9,602,602,0,16.3,34.96,50.27,3.1,3.6,211
2023,7,29,16,0,35.6,769,769,0,16.3,31.77,38.21,3.1,3.1,204
2023,7,29,17,0,36.9,891,891,0,16.5,30.13,26.95,3.2,2.8000000000000003,193
2023,7,29,18,0,38,959,959,0,16.7,28.68,18.39,3.4000000000000004,2.6,181
2023,7,29,19,0,38.6,965,965,0,16.8,27.85,17.36,3.5,2.5,172
2023,7,29,20,0,38.800000000000004,908,908,0,16.7,27.38,24.830000000000002,3.6,2.4000000000000004,167
2023,7,29,21,0,38.5,792,706,3,16.5,27.580000000000002,35.77,3.6,2.4000000000000004,161
2023,7,29,22,0,38,636,588,8,16.3,28,47.74,3.5,2.5,156
2023,7,29,23,0,36.800000000000004,447,447,0,17,31.150000000000002,59.97,3.4000000000000004,2.3000000000000003,152
2023,7,30,0,0,34.300000000000004,244,244,0,19.700000000000003,42.47,72.12,3.4000000000000004,1.6,147
2023,7,30,1,0,30.700000000000003,62,62,0,19.1,50.160000000000004,83.9,3.3000000000000003,1.4000000000000001,144
2023,7,30,2,0,29.5,0,0,0,18.3,51.09,95.31,3.3000000000000003,1.9000000000000001,145
2023,7,30,3,0,28.700000000000003,0,0,0,18.2,53.2,105.69,3.3000000000000003,2.3000000000000003,149
2023,7,30,4,0,27.8,0,0,0,18.2,56.06,114.67,3.4000000000000004,2.3000000000000003,154
2023,7,30,5,0,27,0,0,0,18.2,58.45,121.56,3.4000000000000004,2.2,158
2023,7,30,6,0,26.3,0,0,0,18,60.230000000000004,125.54,3.4000000000000004,2,163
2023,7,30,7,0,25.6,0,0,0,17.8,61.910000000000004,125.94,3.4000000000000004,1.9000000000000001,170
2023,7,30,8,0,25,0,0,0,17.5,63.32,122.69,3.3000000000000003,1.8,177
2023,7,30,9,0,24.5,0,0,0,17.400000000000002,64.65,116.36,3.2,1.7000000000000002,185
2023,7,30,10,0,23.900000000000002,0,0,0,17.400000000000002,66.86,107.77,3.1,1.6,192
2023,7,30,11,0,23.400000000000002,0,0,0,17.400000000000002,69.21000000000001,97.64,3,1.4000000000000001,199
2023,7,30,12,0,25.1,33,33,0,17.8,63.85,86.32000000000001,2.9000000000000004,2.1,201
2023,7,30,13,0,27,204,204,0,18.1,58.32,74.7,2.8000000000000003,2,196
2023,7,30,14,0,30.5,410,410,0,18.3,48.160000000000004,62.61,2.7,2,199
2023,7,30,15,0,34.300000000000004,607,607,0,16.900000000000002,35.5,50.39,2.8000000000000003,2.2,198
2023,7,30,16,0,36.2,774,774,0,16.7,31.560000000000002,38.34,2.9000000000000004,2.1,171
2023,7,30,17,0,37.5,894,894,0,16.7,29.43,27.11,3.1,2.3000000000000003,154
2023,7,30,18,0,38.300000000000004,958,958,0,16.6,28.060000000000002,18.6,3.2,2.5,150
2023,7,30,19,0,38.6,962,962,0,16.5,27.400000000000002,17.59,3.3000000000000003,2.6,151
2023,7,30,20,0,38.400000000000006,905,905,0,16.5,27.69,25.01,3.5,2.6,152
2023,7,30,21,0,37.800000000000004,799,799,0,16.6,28.82,35.92,3.5,2.6,153
2023,7,30,22,0,37.1,644,644,0,17.1,30.86,47.870000000000005,3.3000000000000003,2.5,153
2023,7,30,23,0,36.2,453,453,0,17.8,33.78,60.1,3.2,2.3000000000000003,150
2023,7,31,0,0,33.800000000000004,248,248,0,20.3,45.22,72.26,3.1,1.5,143
2023,7,31,1,0,30.5,63,63,0,19.400000000000002,51.49,84.04,3.1,1.5,142
2023,7,31,2,0,29.3,0,0,0,18.5,52.28,95.48,3,1.9000000000000001,147
2023,7,31,3,0,28.6,0,0,0,18,52.67,105.88,2.9000000000000004,2.4000000000000004,151
2023,7,31,4,0,28,0,0,0,17.5,52.74,114.88,3,2.5,153
2023,7,31,5,0,27.200000000000003,0,0,0,17,53.730000000000004,121.79,3,2.5,155
2023,7,31,6,0,26.6,0,0,0,16.7,54.52,125.78,2.9000000000000004,2.5,158
2023,7,31,7,0,26,0,0,0,16.5,55.77,126.18,2.9000000000000004,2.5,162
2023,7,31,8,0,25.400000000000002,0,0,0,16.3,57.22,122.92,2.9000000000000004,2.5,168
2023,7,31,9,0,24.700000000000003,0,0,3,16.3,59.480000000000004,116.56,2.8000000000000003,2.4000000000000004,173
2023,7,31,10,0,24.200000000000003,0,0,8,16.400000000000002,61.59,107.94,2.9000000000000004,2.3000000000000003,178
2023,7,31,11,0,23.8,0,0,7,16.6,63.9,97.79,3,2.2,183
2023,7,31,12,0,25.3,33,33,0,17.2,60.68,86.45,3,3.1,187
2023,7,31,13,0,27.5,203,203,0,18.2,57.03,74.83,3.1,2.9000000000000004,187
2023,7,31,14,0,31.6,407,324,3,19.5,48.61,62.730000000000004,3.1,3.5,201
2023,7,31,15,0,35,603,603,0,19.6,40.44,50.5,3.2,4.2,205
2023,7,31,16,0,36.9,769,700,3,19.6,36.58,38.47,3.3000000000000003,4.1000000000000005,202
2023,7,31,17,0,38.2,890,773,8,19.400000000000002,33.58,27.27,3.4000000000000004,4.1000000000000005,200
2023,7,31,18,0,39.2,955,955,1,18.7,30.42,18.82,3.5,4,200
2023,7,31,19,0,39.800000000000004,959,869,8,17.900000000000002,27.990000000000002,17.830000000000002,3.6,3.9000000000000004,200
2023,7,31,20,0,40,903,903,0,17.2,26.59,25.2,3.7,3.8000000000000003,199
2023,7,31,21,0,39.800000000000004,792,738,7,17.1,26.63,36.07,3.7,3.6,194
2023,7,31,22,0,39.2,633,560,3,17.2,27.76,48.01,3.8000000000000003,3.3000000000000003,188
2023,7,31,23,0,37.800000000000004,441,441,0,18.3,32.05,60.24,3.8000000000000003,2.5,179
2023,8,1,0,0,35.300000000000004,236,236,0,21,43.39,72.4,3.9000000000000004,1.5,164
2023,8,1,1,0,32.4,56,40,8,19.900000000000002,47.870000000000005,84.2,4,1.5,144
2023,8,1,2,0,31.8,0,0,3,18.5,45.38,95.65,4,2.7,140
2023,8,1,3,0,30.900000000000002,0,0,7,17.5,44.730000000000004,106.07000000000001,4,4,144
2023,8,1,4,0,29.5,0,0,8,16.5,45.410000000000004,115.09,3.9000000000000004,4,150
2023,8,1,5,0,28.3,0,0,3,15.9,46.99,122.02,3.8000000000000003,3.5,155
2023,8,1,6,0,27.200000000000003,0,0,1,15.700000000000001,49.43,126.03,3.8000000000000003,3.2,159
2023,8,1,7,0,26.3,0,0,0,15.700000000000001,52.230000000000004,126.43,3.7,2.8000000000000003,162
2023,8,1,8,0,25.700000000000003,0,0,0,15.8,54.370000000000005,123.14,3.6,2.7,165
2023,8,1,9,0,25.3,0,0,0,16.3,57.45,116.76,3.5,2.6,169
2023,8,1,10,0,24.900000000000002,0,0,0,17.3,62.65,108.12,3.4000000000000004,2.5,173
2023,8,1,11,0,24.5,0,0,0,18.400000000000002,68.64,97.95,3.3000000000000003,2.4000000000000004,177
2023,8,1,12,0,25.8,31,31,0,19.6,68.83,86.59,3.3000000000000003,3.1,181
2023,8,1,13,0,28.400000000000002,199,199,0,21,64.27,74.95,3.3000000000000003,3.4000000000000004,187
2023,8,1,14,0,31.8,405,405,0,21.5,54.660000000000004,62.85,3.2,4.2,199
2023,8,1,15,0,35,601,601,0,20.5,42.910000000000004,50.620000000000005,3.3000000000000003,4.2,209
2023,8,1,16,0,37.4,769,769,0,19.400000000000002,35.03,38.6,3.3000000000000003,3.9000000000000004,211
2023,8,1,17,0,39,893,893,0,18.6,30.650000000000002,27.43,3.3000000000000003,3.7,206
2023,8,1,18,0,40.1,961,961,0,17.900000000000002,27.67,19.05,3.4000000000000004,3.6,200
2023,8,1,19,0,40.800000000000004,968,968,0,17.3,25.67,18.080000000000002,3.4000000000000004,3.7,195
2023,8,1,20,0,41,911,911,0,17,24.82,25.39,3.5,3.7,190
2023,8,1,21,0,40.7,797,797,0,16.900000000000002,25.12,36.230000000000004,3.5,3.7,185
2023,8,1,22,0,40,636,636,0,17.2,26.580000000000002,48.160000000000004,3.6,3.6,178
2023,8,1,23,0,38.800000000000004,442,442,0,18.3,30.26,60.38,3.7,3.2,170
2023,8,2,0,0,36.300000000000004,236,236,0,20.5,39.76,72.55,3.8000000000000003,2.2,158
2023,8,2,1,0,33.5,55,55,0,20.200000000000003,45.84,84.35000000000001,4,2.3000000000000003,146
2023,8,2,2,0,32.800000000000004,0,0,0,19.900000000000002,46.68,95.82000000000001,4.1000000000000005,3.7,144
2023,8,2,3,0,31.6,0,0,0,19.700000000000003,49.43,106.26,4.1000000000000005,4.1000000000000005,145
2023,8,2,4,0,30.700000000000003,0,0,0,19.200000000000003,50.2,115.31,4.1000000000000005,4.2,150
2023,8,2,5,0,29.900000000000002,0,0,0,18.900000000000002,51.71,122.26,4,3.9000000000000004,156
2023,8,2,6,0,29.200000000000003,0,0,0,18.8,53.370000000000005,126.28,3.8000000000000003,3.9000000000000004,162
2023,8,2,7,0,28.5,0,0,0,18.6,55.18,126.68,3.7,4,166
2023,8,2,8,0,27.900000000000002,0,0,0,18.5,56.79,123.38000000000001,3.5,3.8000000000000003,170
2023,8,2,9,0,27.1,0,0,0,18.8,60.36,116.97,3.4000000000000004,3.5,172
2023,8,2,10,0,26.5,0,0,0,19.200000000000003,64.25,108.29,3.3000000000000003,3.2,175
2023,8,2,11,0,25.900000000000002,0,0,0,19.6,68.22,98.10000000000001,3.2,2.9000000000000004,178
2023,8,2,12,0,26.700000000000003,30,30,0,20.1,67.09,86.72,3.1,3.2,180
2023,8,2,13,0,28.900000000000002,199,199,0,20.700000000000003,61.24,75.07000000000001,3.1,3.1,182
2023,8,2,14,0,32.9,405,349,3,19.5,45.300000000000004,62.96,3,4.2,208
2023,8,2,15,0,36.1,604,604,0,17.8,34.02,50.74,3,5.1000000000000005,218
2023,8,2,16,0,38.2,773,773,0,17.3,29.52,38.730000000000004,3,5.2,217
2023,8,2,17,0,39.6,895,895,0,17.3,27.38,27.6,3.1,4.9,214
2023,8,2,18,0,40.5,961,961,0,17.2,25.87,19.28,3.2,4.6000000000000005,211
2023,8,2,19,0,41.1,966,966,0,17.1,24.86,18.330000000000002,3.3000000000000003,4.4,208
2023,8,2,20,0,41.2,908,908,0,17,24.68,25.59,3.4000000000000004,4.2,205
2023,8,2,21,0,40.900000000000006,795,795,0,17.2,25.3,36.39,3.5,4.1000000000000005,203
2023,8,2,22,0,40.300000000000004,634,634,0,17.400000000000002,26.52,48.31,3.6,4,200
2023,8,2,23,0,39.1,441,441,0,18,29.330000000000002,60.53,3.7,3.5,198
2023,8,3,0,0,36.6,236,236,0,20,38.06,72.7,3.7,2.2,193
2023,8,3,1,0,33.4,55,55,0,20.1,45.82,84.51,3.8000000000000003,1.7000000000000002,187
2023,8,3,2,0,32.5,0,0,0,19.6,46.660000000000004,96,3.9000000000000004,1.9000000000000001,182
2023,8,3,3,0,32,0,0,0,19.1,46.35,106.46000000000001,3.9000000000000004,2.5,181
2023,8,3,4,0,31.5,0,0,0,18.1,45.01,115.53,3.8000000000000003,3.4000000000000004,183
2023,8,3,5,0,30.700000000000003,0,0,0,16.8,43.17,122.51,3.6,4.1000000000000005,188
2023,8,3,6,0,29.8,0,0,0,14.9,40.25,126.54,3.4000000000000004,4.3,193
2023,8,3,7,0,28.700000000000003,0,0,0,13.200000000000001,38.6,126.93,3.2,3.8000000000000003,196
2023,8,3,8,0,27.8,0,0,0,12.200000000000001,38.07,123.61,3.2,3.6,200
2023,8,3,9,0,27.6,0,0,0,11.9,37.62,117.18,3.2,3.9000000000000004,207
2023,8,3,10,0,27.1,0,0,0,12.3,39.94,108.47,3.2,3.8000000000000003,212
2023,8,3,11,0,26.6,0,0,0,13.100000000000001,43.42,98.26,3.2,3.6,215
2023,8,3,12,0,27.400000000000002,29,29,0,14.200000000000001,44.4,86.85000000000001,3.2,4,218
2023,8,3,13,0,29.700000000000003,199,199,0,15.5,42.2,75.2,3.2,4.3,221
2023,8,3,14,0,33.1,405,405,0,16.8,37.71,63.08,3.2,5.5,227
2023,8,3,15,0,35.800000000000004,603,603,0,17,32.910000000000004,50.86,3.2,5.6000000000000005,230
2023,8,3,16,0,37.9,771,771,0,16.6,28.66,38.86,3.3000000000000003,5.300000000000001,227
2023,8,3,17,0,39.5,894,894,0,16.400000000000002,25.93,27.76,3.3000000000000003,5,223
2023,8,3,18,0,40.7,964,964,0,16.2,24.080000000000002,19.51,3.3000000000000003,4.6000000000000005,218
2023,8,3,19,0,41.300000000000004,970,970,0,16.1,23.04,18.580000000000002,3.3000000000000003,4.2,213
2023,8,3,20,0,41.5,915,915,0,15.700000000000001,22.27,25.8,3.3000000000000003,3.9000000000000004,208
2023,8,3,21,0,41.300000000000004,801,801,0,15.100000000000001,21.72,36.56,3.3000000000000003,3.6,204
2023,8,3,22,0,40.6,640,640,0,14.700000000000001,21.95,48.46,3.3000000000000003,3.4000000000000004,198
2023,8,3,23,0,39.2,447,447,0,15.100000000000001,24.310000000000002,60.68,3.2,2.9000000000000004,192
2023,8,4,0,0,36,241,241,0,18,34.64,72.85000000000001,3.1,1.6,184
2023,8,4,1,0,33,56,38,7,16.900000000000002,38.29,84.67,3,1.6,174
2023,8,4,2,0,32.2,0,0,7,15.4,36.32,96.18,2.9000000000000004,2.2,170
2023,8,4,3,0,31.8,0,0,7,14.100000000000001,34.2,106.66,2.9000000000000004,3.3000000000000003,170
2023,8,4,4,0,31,0,0,0,13.3,34.07,115.75,2.9000000000000004,4.1000000000000005,173
2023,8,4,5,0,30.1,0,0,0,13.200000000000001,35.54,122.75,2.9000000000000004,4.3,178
2023,8,4,6,0,29.400000000000002,0,0,0,13.4,37.49,126.8,3,4.3,183
2023,8,4,7,0,28.900000000000002,0,0,0,14,40.06,127.19,3.1,4.1000000000000005,188
2023,8,4,8,0,28.200000000000003,0,0,0,15,44.52,123.85000000000001,3.3000000000000003,3.5,192
2023,8,4,9,0,27.5,0,0,0,16.1,49.730000000000004,117.39,3.4000000000000004,2.9000000000000004,197
2023,8,4,10,0,26.900000000000002,0,0,0,16.900000000000002,54.28,108.66,3.3000000000000003,2.6,201
2023,8,4,11,0,26.400000000000002,0,0,0,17.400000000000002,57.61,98.41,3.4000000000000004,2.4000000000000004,201
2023,8,4,12,0,27.700000000000003,29,29,0,17.8,54.910000000000004,86.98,3.4000000000000004,3.2,203
2023,8,4,13,0,30.1,197,197,0,18.1,48.5,75.32000000000001,3.6,4,224
2023,8,4,14,0,32.9,401,401,0,18.1,41.45,63.2,3.7,4.5,248
2023,8,4,15,0,35.2,596,596,0,18,36.28,50.980000000000004,3.7,3.3000000000000003,256
2023,8,4,16,0,37.300000000000004,766,766,0,18.2,32.64,39,3.6,2.1,237
2023,8,4,17,0,39.300000000000004,890,890,0,18.2,29.330000000000002,27.94,3.6,2.5,217
2023,8,4,18,0,40.5,954,954,0,18.1,27.37,19.75,3.8000000000000003,3,211
2023,8,4,19,0,41.1,959,959,0,17.900000000000002,26.23,18.84,3.9000000000000004,3.2,210
2023,8,4,20,0,41.300000000000004,901,901,0,17.7,25.59,26.01,4.1000000000000005,3.1,209
2023,8,4,21,0,41.300000000000004,787,787,0,17.5,25.32,36.74,4.2,2.8000000000000003,207
2023,8,4,22,0,40.900000000000006,627,331,8,17.400000000000002,25.560000000000002,48.620000000000005,4.3,2.6,202
2023,8,4,23,0,39.800000000000004,434,434,0,17.6,27.59,60.84,4.4,2.2,194
2023,8,5,0,0,37.6,230,165,3,20.3,36.7,73.02,4.4,1.4000000000000001,182
2023,8,5,1,0,34.300000000000004,51,51,0,20.8,45.37,84.84,4.4,1.3,165
2023,8,5,2,0,33,0,0,0,20.200000000000003,47.06,96.37,4.3,2,158
2023,8,5,3,0,32.5,0,0,0,20.200000000000003,48.26,106.87,4.3,3,158
2023,8,5,4,0,31.8,0,0,0,20.200000000000003,50.300000000000004,115.99000000000001,4.3,3.8000000000000003,162
2023,8,5,5,0,31,0,0,0,19.8,51.26,123.01,4.1000000000000005,3.9000000000000004,168
2023,8,5,6,0,30.400000000000002,0,0,0,19.1,50.800000000000004,127.07000000000001,4,4,174
2023,8,5,7,0,29.900000000000002,0,0,0,18.5,50.34,127.45,3.8000000000000003,4.1000000000000005,179
2023,8,5,8,0,29.5,0,0,0,18.1,50.26,124.09,3.8000000000000003,4.1000000000000005,184
2023,8,5,9,0,28.8,0,0,0,18,52.25,117.60000000000001,3.8000000000000003,3.5,189
2023,8,5,10,0,27.8,0,0,0,18.400000000000002,56.78,108.84,3.9000000000000004,2.5,196
2023,8,5,11,0,26.900000000000002,0,0,0,19,62.14,98.57000000000001,4,1.6,204
2023,8,5,12,0,28.1,25,15,3,19.700000000000003,60.26,87.12,4.1000000000000005,1.8,208
2023,8,5,13,0,30.3,189,189,0,19.8,53.53,75.45,4.1000000000000005,1.8,224
2023,8,5,14,0,32.9,391,391,0,20.1,46.89,63.32,4.2,1.8,260
2023,8,5,15,0,34.4,586,306,3,20.3,43.83,51.1,4.2,1.6,311
2023,8,5,16,0,35.6,752,657,8,20.6,41.82,39.13,4.3,1.6,14
2023,8,5,17,0,36.7,874,717,7,20.900000000000002,39.92,28.11,4.4,1.9000000000000001,54
2023,8,5,18,0,37.6,939,854,2,20.900000000000002,38.160000000000004,19.990000000000002,4.4,2.1,77
2023,8,5,19,0,38.2,946,502,8,20.900000000000002,36.83,19.11,4.3,2.3000000000000003,94
2023,8,5,20,0,38.5,893,779,3,20.8,36.08,26.23,4.2,2.6,108
2023,8,5,21,0,38.6,780,780,0,20.400000000000002,35.01,36.92,4.1000000000000005,2.7,122
2023,8,5,22,0,38.400000000000006,621,596,8,19.6,33.54,48.79,4,2.9000000000000004,136
2023,8,5,23,0,37.7,430,313,7,19,33.7,61,3.9000000000000004,2.7,143
2023,8,6,0,0,35.6,225,97,7,20.700000000000003,41.93,73.18,4,1.7000000000000002,136
2023,8,6,1,0,32.2,47,40,7,21.700000000000003,53.99,85.02,4.1000000000000005,1.4000000000000001,122
2023,8,6,2,0,30.5,0,0,0,22,60.52,96.56,4.2,2,121
2023,8,6,3,0,29.1,0,0,0,22.5,67.52,107.08,4.3,2.7,126
2023,8,6,4,0,28.5,0,0,0,22.400000000000002,69.55,116.22,4.5,3.5,134
2023,8,6,5,0,28.200000000000003,0,0,7,22.3,70.59,123.27,4.800000000000001,3.7,143
2023,8,6,6,0,28,0,0,7,22.400000000000002,71.7,127.34,5.1000000000000005,2.8000000000000003,145
2023,8,6,7,0,27.400000000000002,0,0,7,22.3,73.58,127.72,5.2,2.8000000000000003,123
2023,8,6,8,0,26.400000000000002,0,0,6,22.400000000000002,78.85000000000001,124.34,5.1000000000000005,2.8000000000000003,91
2023,8,6,9,0,25.5,0,0,6,22.700000000000003,84.60000000000001,117.81,5.2,3.5,52
2023,8,6,10,0,24.400000000000002,0,0,6,22.700000000000003,90.15,109.02,4.9,4.800000000000001,54
2023,8,6,11,0,23.6,0,0,7,22.3,92.58,98.73,4.5,4.5,69
2023,8,6,12,0,23.8,22,13,8,21.8,88.83,87.25,4.4,4.7,78
2023,8,6,13,0,25.5,182,8,5,21.200000000000003,77.17,75.57000000000001,4.3,5,92
2023,8,6,14,0,28,385,93,5,20.8,64.92,63.440000000000005,4.3,4.7,111
2023,8,6,15,0,30.6,584,584,0,20.5,55.01,51.22,4.3,4,135
2023,8,6,16,0,33.2,751,751,0,20.3,46.910000000000004,39.27,4.3,3.3000000000000003,164
2023,8,6,17,0,35.1,874,874,0,20.1,41.68,28.29,4.3,2.8000000000000003,187
2023,8,6,18,0,36.6,944,944,0,19.8,37.59,20.23,4.3,2.4000000000000004,211
2023,8,6,19,0,37.6,951,951,0,19.400000000000002,34.68,19.38,4.3,2.4000000000000004,236
2023,8,6,20,0,38,895,895,0,19,33.06,26.45,4.3,2.4000000000000004,255
2023,8,6,21,0,37.800000000000004,780,780,0,18.8,33.03,37.1,4.2,2.3000000000000003,271
2023,8,6,22,0,37.2,620,620,0,18.900000000000002,34.300000000000004,48.96,4.2,2.2,294
2023,8,6,23,0,35.9,427,427,0,19.3,37.730000000000004,61.160000000000004,4.3,2.3000000000000003,330
2023,8,7,0,0,33.5,223,223,0,20.6,46.75,73.35000000000001,4.3,2.5,6
2023,8,7,1,0,30.5,46,46,1,21.400000000000002,58.4,85.19,4.4,3.3000000000000003,23
2023,8,7,2,0,28.8,0,0,0,21.900000000000002,66.38,96.76,4.4,3.8000000000000003,28
2023,8,7,3,0,27.700000000000003,0,0,0,22.1,71.81,107.3,4.4,3.5,29
2023,8,7,4,0,27,0,0,0,22,74.22,116.47,4.4,3.1,32
2023,8,7,5,0,26.6,0,0,1,21.6,74.04,123.53,4.5,2.9000000000000004,33
2023,8,7,6,0,26.200000000000003,0,0,3,20.900000000000002,72.79,127.61,4.5,3,35
2023,8,7,7,0,25.6,0,0,0,20.1,71.44,127.99000000000001,4.6000000000000005,3.5,37
2023,8,7,8,0,24.900000000000002,0,0,0,19,69.91,124.59,4.6000000000000005,3.9000000000000004,38
2023,8,7,9,0,24,0,0,0,18,69.07000000000001,118.03,4.6000000000000005,4.1000000000000005,36
2023,8,7,10,0,23,0,0,3,17.3,70.07000000000001,109.21000000000001,4.6000000000000005,4.1000000000000005,33
2023,8,7,11,0,22.200000000000003,0,0,7,17,72.41,98.89,4.5,3.7,31
2023,8,7,12,0,22.200000000000003,21,8,6,16.900000000000002,72.17,87.38,4.5,4,31
2023,8,7,13,0,23.1,176,126,3,16.6,66.77,75.7,4.5,4.5,36
2023,8,7,14,0,24.5,377,361,7,16.400000000000002,60.480000000000004,63.56,4.4,4.1000000000000005,48
2023,8,7,15,0,26.5,576,576,0,16.1,53.01,51.35,4.2,3,67
2023,8,7,16,0,28.5,744,248,3,16.3,47.65,39.410000000000004,4.2,2,89
2023,8,7,17,0,30,868,868,0,16.8,45.19,28.47,4.2,1.2000000000000002,102
2023,8,7,18,0,31.5,935,935,0,17.3,42.69,20.48,4.2,1,90
2023,8,7,19,0,32.5,942,832,8,17.6,41.04,19.66,4.2,1.3,75
2023,8,7,20,0,33.2,886,474,8,17.8,40.01,26.68,4.3,1.5,77
2023,8,7,21,0,33.4,773,627,7,17.900000000000002,39.800000000000004,37.300000000000004,4.3,1.8,80
2023,8,7,22,0,33.1,609,489,7,18,40.69,49.13,4.6000000000000005,1.4000000000000001,68
2023,8,7,23,0,31.6,411,327,8,18.7,46.27,61.34,4.800000000000001,0.9,26
2023,8,8,0,0,29.1,214,4,7,20.400000000000002,59.35,73.53,4.4,1.6,75
2023,8,8,1,0,27.1,43,18,7,20.400000000000002,66.72,85.37,4.1000000000000005,2,99
2023,8,8,2,0,26.1,0,0,8,19.1,65.27,96.96000000000001,3.9000000000000004,3,107
2023,8,8,3,0,25.200000000000003,0,0,7,18.900000000000002,68.25,107.52,4,2.5,99
2023,8,8,4,0,24.6,0,0,7,19,70.83,116.71000000000001,4.3,2.5,97
2023,8,8,5,0,24.200000000000003,0,0,7,19,72.7,123.8,4.6000000000000005,2.6,101
2023,8,8,6,0,23.8,0,0,8,19.200000000000003,75.28,127.9,5,2.6,106
2023,8,8,7,0,23.400000000000002,0,0,3,19.700000000000003,79.59,128.27,5.4,2.4000000000000004,112
2023,8,8,8,0,23.1,0,0,3,20.400000000000002,84.67,124.84,5.7,2.4000000000000004,121
2023,8,8,9,0,22.6,0,0,7,20.8,89.58,118.25,5.6000000000000005,2.9000000000000004,108
2023,8,8,10,0,22,0,0,6,20.900000000000002,93.75,109.4,5.1000000000000005,3.5,93
2023,8,8,11,0,21.6,0,0,3,21,96.63,99.05,4.7,3.3000000000000003,89
2023,8,8,12,0,22.1,19,11,3,21.3,95.34,87.51,4.3,3.5,96
2023,8,8,13,0,23.700000000000003,177,91,8,21.8,89.10000000000001,75.83,4,4,120
2023,8,8,14,0,25.8,379,320,8,21.8,78.51,63.68,3.8000000000000003,3.9000000000000004,128
2023,8,8,15,0,27.700000000000003,577,508,3,21.400000000000002,68.61,51.47,3.8000000000000003,3.7,133
2023,8,8,16,0,29.6,742,742,0,20.8,59.09,39.550000000000004,3.9000000000000004,3.4000000000000004,142
2023,8,8,17,0,31.5,862,781,8,20.400000000000002,51.800000000000004,28.650000000000002,4.1000000000000005,3.2,156
2023,8,8,18,0,33,934,713,8,20.200000000000003,47.07,20.73,4.3,3.3000000000000003,168
2023,8,8,19,0,33.6,933,933,0,20,44.97,19.94,4.6000000000000005,3.5,173
2023,8,8,20,0,33.5,872,820,8,19.8,44.72,26.91,4.800000000000001,3.6,175
2023,8,8,21,0,33.2,763,685,7,19.8,45.39,37.49,4.9,3.5,169
2023,8,8,22,0,33.2,605,539,7,20,45.93,49.31,4.800000000000001,3.4000000000000004,162
2023,8,8,23,0,32.7,414,414,1,20.5,48.81,61.51,4.800000000000001,3.3000000000000003,153
2023,8,9,0,0,30.900000000000002,211,211,0,21.900000000000002,58.68,73.71000000000001,4.800000000000001,2.7,135
2023,8,9,1,0,28.8,39,29,7,21.900000000000002,66.25,85.56,4.9,3.2,127
2023,8,9,2,0,27.900000000000002,0,0,8,22,70.29,97.17,4.9,3.9000000000000004,127
2023,8,9,3,0,26.8,0,0,8,22.200000000000003,76.10000000000001,107.75,4.800000000000001,3.8000000000000003,124
2023,8,9,4,0,26.1,0,0,0,22.3,79.64,116.96000000000001,4.800000000000001,3.9000000000000004,128
2023,8,9,5,0,25.6,0,0,7,22.200000000000003,81.63,124.07000000000001,4.7,3.9000000000000004,133
2023,8,9,6,0,25.200000000000003,0,0,6,22,82.56,128.18,4.5,3.8000000000000003,140
2023,8,9,7,0,25,0,0,6,21.700000000000003,82.03,128.55,4.4,3.9000000000000004,151
2023,8,9,8,0,25.1,0,0,6,21.1,78.74,125.09,4.3,4.2,160
2023,8,9,9,0,25.3,0,0,7,20.5,74.65,118.47,4.2,4.5,165
2023,8,9,10,0,25.3,0,0,0,20.200000000000003,73.17,109.59,4.2,4.4,170
2023,8,9,11,0,25.3,0,0,3,20.200000000000003,73.39,99.22,4.5,4,179
2023,8,9,12,0,25.700000000000003,19,13,8,20.400000000000002,72.79,87.65,4.7,4.2,185
2023,8,9,13,0,26.700000000000003,177,143,8,20.8,70.08,75.96000000000001,4.6000000000000005,4.800000000000001,189
2023,8,9,14,0,28.200000000000003,381,278,3,21,65.02,63.81,4.4,5.5,195
2023,8,9,15,0,30.5,577,518,3,20.5,55.35,51.6,4.3,5.9,203
2023,8,9,16,0,33.4,745,745,0,20,45.35,39.7,4.2,6,212
2023,8,9,17,0,35.800000000000004,868,326,4,19.8,39.18,28.830000000000002,4.2,5.4,222
2023,8,9,18,0,37.5,934,770,8,19.700000000000003,35.45,20.990000000000002,4.1000000000000005,4.800000000000001,231
2023,8,9,19,0,38.6,942,894,7,19.5,33.12,20.23,4,4.3,245
2023,8,9,20,0,38.800000000000004,886,886,1,19.6,32.83,27.16,4,4,264
2023,8,9,21,0,38.2,769,769,0,19.8,34.44,37.7,4.1000000000000005,4,293
2023,8,9,22,0,36.800000000000004,608,442,3,20.3,38.26,49.5,4.1000000000000005,4.2,322
2023,8,9,23,0,34.6,414,292,3,21.200000000000003,45.6,61.690000000000005,4,4.5,347
2023,8,10,0,0,32,211,211,1,22.1,55.78,73.89,3.8000000000000003,4.4,360
2023,8,10,1,0,29.6,38,38,1,22.6,65.97,85.75,3.7,3.6,7
2023,8,10,2,0,28.5,0,0,0,22.700000000000003,71.03,97.38,3.6,3.4000000000000004,13
2023,8,10,3,0,27.5,0,0,0,22.8,75.4,107.98,3.5,3.3000000000000003,15
2023,8,10,4,0,26.6,0,0,0,22.700000000000003,79.02,117.22,3.3000000000000003,3,14
2023,8,10,5,0,25.8,0,0,0,22.6,82.32000000000001,124.35000000000001,3.2,2.8000000000000003,14
2023,8,10,6,0,25,0,0,0,22.5,85.84,128.47,3,2.6,17
2023,8,10,7,0,24.3,0,0,0,22.400000000000002,89.19,128.83,2.9000000000000004,2.4000000000000004,20
2023,8,10,8,0,23.700000000000003,0,0,0,22.400000000000002,92.41,125.35000000000001,2.8000000000000003,2.3000000000000003,24
2023,8,10,9,0,23.1,0,0,0,22.400000000000002,95.91,118.69,2.7,2,29
2023,8,10,10,0,22.700000000000003,0,0,0,22.400000000000002,98.4,109.78,2.7,1.7000000000000002,36
2023,8,10,11,0,22.3,0,0,0,22.3,100,99.38,2.8000000000000003,1.5,41
2023,8,10,12,0,23.6,20,20,0,22.6,94.15,87.78,2.9000000000000004,2.3000000000000003,47
2023,8,10,13,0,26.200000000000003,184,184,0,22.6,80.55,76.09,3,2.3000000000000003,58
2023,8,10,14,0,28.8,390,390,0,22.1,66.95,63.93,3.1,1.8,52
2023,8,10,15,0,30.8,587,587,0,21.200000000000003,56.6,51.730000000000004,3.2,1.5,36
2023,8,10,16,0,32.5,756,756,0,20.3,48.56,39.84,3.2,1.6,32
2023,8,10,17,0,33.9,880,880,0,19.5,42.9,29.02,3.2,1.7000000000000002,36
2023,8,10,18,0,35.1,949,949,0,18.900000000000002,38.56,21.25,3.3000000000000003,1.8,47
2023,8,10,19,0,35.9,953,953,0,18.400000000000002,35.79,20.52,3.4000000000000004,1.8,61
2023,8,10,20,0,36.5,893,893,0,18.1,33.88,27.400000000000002,3.6,1.7000000000000002,73
2023,8,10,21,0,36.6,778,778,0,17.8,33.21,37.910000000000004,3.7,1.4000000000000001,82
2023,8,10,22,0,36.2,614,614,0,17.6,33.49,49.69,3.9000000000000004,1.1,87
2023,8,10,23,0,35.4,420,348,3,18.1,36.01,61.88,4,1.1,81
2023,8,11,0,0,33.300000000000004,214,66,5,20.3,46.51,74.08,4,1,72
2023,8,11,1,0,30.1,38,38,0,20.3,55.74,85.94,4.1000000000000005,1.2000000000000002,71
2023,8,11,2,0,29.200000000000003,0,0,0,19.5,55.82,97.59,4.2,1.8,79
2023,8,11,3,0,28.5,0,0,3,19.5,58.33,108.22,4.4,2.3000000000000003,88
2023,8,11,4,0,27.900000000000002,0,0,3,20,62.02,117.48,4.7,2.5,98
2023,8,11,5,0,27.5,0,0,5,20.5,65.57000000000001,124.64,5,2.5,111
2023,8,11,6,0,27.3,0,0,0,21,68.54,128.77,5.2,2.5,126
2023,8,11,7,0,27,0,0,0,21.400000000000002,71.66,129.12,5.2,2.3000000000000003,128
2023,8,11,8,0,26.700000000000003,0,0,0,21.700000000000003,73.89,125.61,5,2.2,130
2023,8,11,9,0,26.400000000000002,0,0,0,21.8,76.01,118.92,4.7,2.4000000000000004,135
2023,8,11,10,0,25.900000000000002,0,0,0,22,79.3,109.97,4.5,2.4000000000000004,142
2023,8,11,11,0,25.6,0,0,0,22.200000000000003,81.49,99.54,4.3,2.2,151
2023,8,11,12,0,26.3,18,10,3,22.400000000000002,79.18,87.92,4.2,2.8000000000000003,158
2023,8,11,13,0,28.400000000000002,176,176,0,22.6,71.06,76.22,4.1000000000000005,2.9000000000000004,172
2023,8,11,14,0,31.8,379,379,0,22.5,57.83,64.06,4.1000000000000005,3.3000000000000003,198
2023,8,11,15,0,34.800000000000004,575,575,0,21.8,47.050000000000004,51.86,4.2,3.5,209
2023,8,11,16,0,37,741,741,0,21.400000000000002,40.550000000000004,39.99,4.4,3.5,205
2023,8,11,17,0,38.6,861,861,0,21.3,36.99,29.21,4.6000000000000005,3.5,200
2023,8,11,18,0,39.800000000000004,924,924,0,21.400000000000002,34.92,21.52,4.9,3.6,196
2023,8,11,19,0,40.7,927,927,0,21.6,33.54,20.81,5.1000000000000005,3.6,194
2023,8,11,20,0,41.2,870,870,0,21.700000000000003,33.01,27.650000000000002,5.2,3.7,194
2023,8,11,21,0,41.2,757,757,0,21.700000000000003,32.96,38.12,5.300000000000001,3.7,191
2023,8,11,22,0,40.7,597,597,0,21.700000000000003,33.9,49.88,5.2,3.7,186
2023,8,11,23,0,39.5,404,404,0,22.5,37.96,62.07,5.300000000000001,3.3000000000000003,179
2023,8,12,0,0,37,202,202,0,23.8,46.99,74.27,5.300000000000001,2.7,169
2023,8,12,1,0,34.6,33,33,0,22.8,50.550000000000004,86.14,5.300000000000001,2.9000000000000004,158
2023,8,12,2,0,33.4,0,0,7,22.1,51.57,97.81,5.1000000000000005,3.7,154
2023,8,12,3,0,32.2,0,0,6,21,51.52,108.46000000000001,4.800000000000001,3.8000000000000003,154
2023,8,12,4,0,30.900000000000002,0,0,6,19.700000000000003,51.2,117.75,4.5,3.6,158
2023,8,12,5,0,29.700000000000003,0,0,6,18.5,51.19,124.93,4.4,3.2,162
2023,8,12,6,0,28.700000000000003,0,0,6,17.7,51.550000000000004,129.07,4.3,3,168
2023,8,12,7,0,27.8,0,0,6,17.3,52.89,129.41,4.3,2.8000000000000003,172
2023,8,12,8,0,27,0,0,7,17,54.21,125.87,4.3,2.7,177
2023,8,12,9,0,26.5,0,0,6,17,56.11,119.15,4.2,2.6,180
2023,8,12,10,0,26.200000000000003,0,0,7,17.5,58.78,110.16,4.2,2.6,180
2023,8,12,11,0,26,0,0,7,18,61.26,99.71000000000001,4.1000000000000005,2.8000000000000003,177
2023,8,12,12,0,26.900000000000002,16,10,8,19,61.85,88.06,4.1000000000000005,3.5,173
2023,8,12,13,0,29,172,100,5,20.5,60.03,76.35000000000001,4.2,4.3,180
2023,8,12,14,0,31.8,374,97,8,21.900000000000002,55.83,64.18,4.2,4.9,191
2023,8,12,15,0,34,569,15,7,22.400000000000002,51,51.99,4.4,5,190
2023,8,12,16,0,35.4,733,21,8,22.5,47.33,40.14,4.7,5,183
2023,8,12,17,0,36,851,213,7,22.5,45.69,29.41,4.9,5.1000000000000005,176
2023,8,12,18,0,36.2,915,75,6,22.400000000000002,44.99,21.78,5.1000000000000005,5.1000000000000005,175
2023,8,12,19,0,36.7,919,113,6,22.3,43.58,21.11,5.2,4.800000000000001,177
2023,8,12,20,0,37.300000000000004,864,130,7,22.200000000000003,41.86,27.91,5.2,4.3,177
2023,8,12,21,0,37.6,741,39,7,22.1,40.9,38.34,5.2,3.7,173
2023,8,12,22,0,37.4,582,273,6,22,41.27,50.08,5.300000000000001,3.3000000000000003,164
2023,8,12,23,0,36.4,393,97,9,22.6,45.08,62.26,5.300000000000001,2.9000000000000004,149
2023,8,13,0,0,33.7,194,4,9,23.5,55.45,74.47,5.2,2.4000000000000004,131
2023,8,13,1,0,31,30,18,6,22.900000000000002,62.050000000000004,86.34,5.1000000000000005,2.9000000000000004,125
2023,8,13,2,0,29.5,0,0,6,22.200000000000003,65.07000000000001,98.04,5,3.5,125
2023,8,13,3,0,28.3,0,0,6,21.8,67.98,108.7,4.9,3.2,129
2023,8,13,4,0,27.3,0,0,6,21.6,71.27,118.01,4.7,2.7,133
2023,8,13,5,0,26.400000000000002,0,0,6,21.6,75.07000000000001,125.22,4.6000000000000005,2.2,133
2023,8,13,6,0,25.6,0,0,7,21.5,77.99,129.37,4.4,1.9000000000000001,138
2023,8,13,7,0,25.1,0,0,7,21.3,79.31,129.71,4.3,1.6,148
2023,8,13,8,0,24.900000000000002,0,0,7,21.1,79.42,126.14,4.3,1.5,158
2023,8,13,9,0,24.900000000000002,0,0,7,20.900000000000002,78.66,119.37,4.3,1.5,158
2023,8,13,10,0,24.8,0,0,7,20.700000000000003,77.85000000000001,110.35000000000001,4.4,1.6,154
2023,8,13,11,0,24.700000000000003,0,0,8,20.400000000000002,77.02,99.87,4.5,2,153
2023,8,13,12,0,25.5,15,10,8,20.400000000000002,73.47,88.19,4.5,3.1,154
2023,8,13,13,0,27.6,168,139,8,20.900000000000002,66.81,76.48,4.6000000000000005,3.8000000000000003,161
2023,8,13,14,0,30.6,368,288,3,21.900000000000002,59.94,64.31,4.7,4.3,189
2023,8,13,15,0,33,559,110,5,22.700000000000003,54.84,52.120000000000005,4.9,4.7,206
2023,8,13,16,0,34.5,725,546,3,22.900000000000002,51.07,40.29,5,4.7,212
2023,8,13,17,0,35.6,847,712,3,22.8,47.65,29.61,5.1000000000000005,4.4,215
2023,8,13,18,0,36.4,905,905,0,22.5,44.89,22.06,5.1000000000000005,4.1000000000000005,216
2023,8,13,19,0,36.9,911,497,3,22.3,42.97,21.42,5.2,3.8000000000000003,217
2023,8,13,20,0,37,855,686,3,22,42.11,28.17,5.2,3.3000000000000003,220
2023,8,13,21,0,37.2,747,209,4,21.8,41.14,38.56,5.2,2.7,220
2023,8,13,22,0,37.300000000000004,589,589,0,21.700000000000003,40.72,50.29,5.1000000000000005,2,208
2023,8,13,23,0,36.9,398,398,0,22.3,43.160000000000004,62.46,5.1000000000000005,1.4000000000000001,186
2023,8,14,0,0,35.2,197,197,0,24.200000000000003,53.11,74.67,5,0.9,156
2023,8,14,1,0,32.4,30,30,0,24,61.300000000000004,86.55,5,1.1,138
2023,8,14,2,0,31,0,0,7,24.3,67.48,98.27,5,1.5,139
2023,8,14,3,0,30,0,0,7,24.700000000000003,73.26,108.95,5.1000000000000005,1.5,144
2023,8,14,4,0,29.1,0,0,6,24.700000000000003,77.4,118.29,5.2,1.1,144
2023,8,14,5,0,28.1,0,0,7,24.8,82.36,125.52,5.300000000000001,1.2000000000000002,38
2023,8,14,6,0,26.900000000000002,0,0,7,25.1,89.71000000000001,129.68,5.300000000000001,2.8000000000000003,10
2023,8,14,7,0,26,0,0,7,25.1,94.91,130,5.4,4.4,359
2023,8,14,8,0,23.900000000000002,0,0,6,23.200000000000003,95.91,126.41,5.4,7.2,354
2023,8,14,9,0,20.700000000000003,0,0,7,18.900000000000002,89.38,119.60000000000001,5.1000000000000005,8.200000000000001,354
2023,8,14,10,0,19.1,0,0,7,15.700000000000001,80.74,110.55,4.7,7.1000000000000005,359
2023,8,14,11,0,18.900000000000002,0,0,3,14.9,77.51,100.04,4.5,5.7,7
2023,8,14,12,0,19.3,13,6,3,15.100000000000001,76.82000000000001,88.32000000000001,4.6000000000000005,4.7,12
2023,8,14,13,0,20.400000000000002,164,135,3,15.200000000000001,72.07000000000001,76.61,4.6000000000000005,4.3,17
2023,8,14,14,0,22.200000000000003,365,215,8,14.9,63.33,64.43,4.5,3.9000000000000004,22
2023,8,14,15,0,24.200000000000003,563,162,8,14.5,54.54,52.25,4.3,3.7,16
2023,8,14,16,0,25.900000000000002,731,180,7,13.600000000000001,46.660000000000004,40.45,4.1000000000000005,4.1000000000000005,5
2023,8,14,17,0,27.400000000000002,856,288,8,12.700000000000001,40.22,29.810000000000002,4,4.5,359
2023,8,14,18,0,28.5,929,929,0,12,36.15,22.330000000000002,3.9000000000000004,4.7,355
2023,8,14,19,0,29.400000000000002,936,837,2,11.700000000000001,33.46,21.73,3.9000000000000004,4.7,354
2023,8,14,20,0,30.200000000000003,882,529,3,11.4,31.37,28.44,3.8000000000000003,4.7,354
2023,8,14,21,0,30.400000000000002,770,571,3,11.3,30.900000000000002,38.79,3.6,4.7,354
2023,8,14,22,0,30,608,367,3,11.4,31.67,50.5,3.6,4.6000000000000005,354
2023,8,14,23,0,29,412,341,3,11.700000000000001,34.29,62.660000000000004,3.5,4.2,355
2023,8,15,0,0,27,205,205,0,13.5,43.47,74.88,3.5,2.6,356
2023,8,15,1,0,24.200000000000003,31,31,0,14.8,55.77,86.75,3.3000000000000003,1.5,360
2023,8,15,2,0,23.3,0,0,0,15,59.660000000000004,98.5,3.2,1.4000000000000001,5
2023,8,15,3,0,22.400000000000002,0,0,0,15,62.99,109.21000000000001,3,1.3,11
2023,8,15,4,0,21.700000000000003,0,0,0,14.9,65.44,118.57000000000001,2.8000000000000003,1.2000000000000002,15
2023,8,15,5,0,20.900000000000002,0,0,0,14.8,67.99,125.82000000000001,2.5,1.1,15
2023,8,15,6,0,20.3,0,0,0,14.5,69.49,130,2.3000000000000003,1,12
2023,8,15,7,0,19.700000000000003,0,0,0,14.3,70.87,130.31,2.2,1,8
2023,8,15,8,0,19.200000000000003,0,0,0,14,71.84,126.68,2.1,1,6
2023,8,15,9,0,18.7,0,0,0,13.8,73.12,119.84,2,1.1,3
2023,8,15,10,0,18.2,0,0,0,13.600000000000001,74.78,110.74000000000001,1.9000000000000001,1.2000000000000002,359
2023,8,15,11,0,17.7,0,0,0,13.600000000000001,76.89,100.2,1.9000000000000001,1.2000000000000002,356
2023,8,15,12,0,19.1,16,16,0,13.9,71.72,88.45,1.9000000000000001,2.1,352
2023,8,15,13,0,21.3,187,187,0,14.200000000000001,64.01,76.74,1.9000000000000001,2.2,346
2023,8,15,14,0,25.5,401,401,0,12.9,45.53,64.56,1.9000000000000001,1.9000000000000001,7
2023,8,15,15,0,27.900000000000002,606,606,0,12.4,38.43,52.38,1.9000000000000001,2.4000000000000004,5
2023,8,15,16,0,29.400000000000002,779,779,0,12.4,35.21,40.6,1.9000000000000001,2.7,2
2023,8,15,17,0,30.5,906,906,0,12.5,33.1,30.01,1.9000000000000001,3,0
2023,8,15,18,0,31.400000000000002,972,972,0,12.5,31.46,22.61,2,3.1,359
2023,8,15,19,0,31.900000000000002,977,977,0,12.4,30.5,22.04,2,3.2,359
2023,8,15,20,0,32.1,918,918,0,12.4,30.04,28.71,2,3.2,359
2023,8,15,21,0,31.900000000000002,796,796,0,12.4,30.47,39.03,2.1,3.2,2
2023,8,15,22,0,31.200000000000003,629,629,0,12.5,31.82,50.71,2.1,3.1,5
2023,8,15,23,0,30.1,427,427,0,12.600000000000001,34.29,62.870000000000005,2.1,2.8000000000000003,11
2023,8,16,0,0,27.700000000000003,213,213,0,15.4,47.08,75.09,2.1,1.4000000000000001,23
2023,8,16,1,0,24.6,31,31,0,15.4,56.5,86.96000000000001,2.1,1,48
2023,8,16,2,0,23.5,0,0,0,14.9,58.620000000000005,98.73,2,1.1,70
2023,8,16,3,0,22.6,0,0,0,14.600000000000001,60.550000000000004,109.47,2,1.1,87
2023,8,16,4,0,21.700000000000003,0,0,0,14.200000000000001,62.34,118.85000000000001,2,1.2000000000000002,101
2023,8,16,5,0,21,0,0,0,13.9,63.71,126.12,2,1.3,114
2023,8,16,6,0,20.3,0,0,0,13.600000000000001,65.43,130.31,2,1.4000000000000001,124
2023,8,16,7,0,19.6,0,0,0,13.4,67.4,130.61,2.1,1.4000000000000001,132
2023,8,16,8,0,18.900000000000002,0,0,0,13.200000000000001,69.42,126.95,2.1,1.4000000000000001,141
2023,8,16,9,0,18.3,0,0,0,13,71.4,120.07000000000001,2.1,1.3,147
2023,8,16,10,0,17.7,0,0,0,13,73.92,110.94,2.1,1.2000000000000002,151
2023,8,16,11,0,17.3,0,0,0,13,75.75,100.37,2,1.1,156
2023,8,16,12,0,18.900000000000002,15,15,0,13.3,70.08,88.58,2,1.8,159
2023,8,16,13,0,21.400000000000002,183,183,0,13.600000000000001,61.2,76.87,2,2.2,160
2023,8,16,14,0,25.5,397,397,0,13.200000000000001,46.45,64.69,2,2.4000000000000004,161
2023,8,16,15,0,28.200000000000003,599,599,0,13,39.12,52.52,2.1,1.9000000000000001,161
2023,8,16,16,0,30.200000000000003,771,771,0,13.100000000000001,35.17,40.76,2.2,1.6,161
2023,8,16,17,0,32,892,892,0,13.4,32.28,30.22,2.4000000000000004,1.3,166
2023,8,16,18,0,33.5,957,957,0,13.9,30.580000000000002,22.900000000000002,2.5,1,170
2023,8,16,19,0,34.6,957,957,0,14.4,29.79,22.36,2.7,1,171
2023,8,16,20,0,35.300000000000004,896,896,0,14.9,29.52,28.990000000000002,2.8000000000000003,1.1,163
2023,8,16,21,0,35.4,779,779,0,15,29.73,39.27,2.8000000000000003,1.4000000000000001,156
2023,8,16,22,0,35,613,613,0,14.8,29.900000000000002,50.93,2.8000000000000003,1.7000000000000002,151
2023,8,16,23,0,34,416,416,0,15.100000000000001,32.14,63.08,2.7,2,146
2023,8,17,0,0,30.900000000000002,205,205,0,17.3,44.19,75.3,2.6,1.4000000000000001,139
2023,8,17,1,0,27.700000000000003,28,28,0,14.700000000000001,45.160000000000004,87.18,2.5,2,138
2023,8,17,2,0,26.8,0,0,0,12.9,42.34,98.97,2.4000000000000004,3.1,142
2023,8,17,3,0,25.5,0,0,0,12.200000000000001,43.52,109.73,2.4000000000000004,3.5,147
2023,8,17,4,0,24.5,0,0,0,11.8,45.01,119.14,2.4000000000000004,3.5,153
2023,8,17,5,0,23.8,0,0,0,11.5,45.93,126.43,2.5,3.4000000000000004,159
2023,8,17,6,0,23.400000000000002,0,0,0,11.200000000000001,46.11,130.63,2.6,3.4000000000000004,164
2023,8,17,7,0,23,0,0,0,10.9,46.47,130.92000000000002,2.6,3.4000000000000004,168
2023,8,17,8,0,22.6,0,0,0,10.8,47.160000000000004,127.23,2.6,3.3000000000000003,170
2023,8,17,9,0,22.1,0,0,0,10.8,48.7,120.3,2.7,3.3000000000000003,171
2023,8,17,10,0,21.700000000000003,0,0,0,11,50.620000000000005,111.14,2.7,3.3000000000000003,171
2023,8,17,11,0,21.3,0,0,0,11.3,52.77,100.54,2.7,3.3000000000000003,171
2023,8,17,12,0,21.900000000000002,13,13,0,11.700000000000001,52.300000000000004,88.72,2.6,3.8000000000000003,171
2023,8,17,13,0,24.200000000000003,173,173,0,12.200000000000001,46.99,77.01,2.6,3.9000000000000004,172
2023,8,17,14,0,27.8,383,383,0,11.700000000000001,36.75,64.82000000000001,2.6,4.4,184
2023,8,17,15,0,31.200000000000003,586,586,0,11.9,30.580000000000002,52.660000000000004,2.6,4,198
2023,8,17,16,0,34.2,760,760,0,13,27.77,40.92,2.5,3.2,214
2023,8,17,17,0,36.6,885,885,0,14.100000000000001,26.150000000000002,30.43,2.5,2.5,233
2023,8,17,18,0,38.300000000000004,953,953,0,14.700000000000001,24.8,23.18,2.6,1.9000000000000001,254
2023,8,17,19,0,39.5,957,957,0,15,23.66,22.68,2.6,1.4000000000000001,281
2023,8,17,20,0,40,898,898,0,15,23.05,29.27,2.6,1.4000000000000001,317
2023,8,17,21,0,39.800000000000004,778,778,0,15,23.26,39.51,2.6,1.7000000000000002,344
2023,8,17,22,0,39,610,610,0,15,24.36,51.15,2.6,2.1,2
2023,8,17,23,0,37.2,409,409,0,15.9,28.46,63.300000000000004,2.6,2.5,15
2023,8,18,0,0,33.4,197,197,0,17.5,38.75,75.52,2.6,2.5,24
2023,8,18,1,0,30.3,24,24,0,16.8,44.32,87.4,2.6,3.4000000000000004,33
2023,8,18,2,0,28.6,0,0,0,17.1,49.77,99.22,2.6,3.9000000000000004,43
2023,8,18,3,0,27,0,0,0,17.6,56.42,109.99000000000001,2.7,3.8000000000000003,52
2023,8,18,4,0,26,0,0,0,18.1,61.61,119.43,2.9000000000000004,3.6,62
2023,8,18,5,0,25.200000000000003,0,0,0,18.400000000000002,66.2,126.75,3,3.3000000000000003,70
2023,8,18,6,0,24.6,0,0,0,18.7,69.73,130.96,3.2,3.1,77
2023,8,18,7,0,24.200000000000003,0,0,0,18.8,72,131.23,3.3000000000000003,2.9000000000000004,82
2023,8,18,8,0,23.8,0,0,0,18.900000000000002,74.11,127.5,3.4000000000000004,2.8000000000000003,84
2023,8,18,9,0,23.3,0,0,0,19,77.02,120.54,3.5,2.8000000000000003,83
2023,8,18,10,0,22.8,0,0,0,19.200000000000003,80.13,111.33,3.5,2.6,82
2023,8,18,11,0,22.200000000000003,0,0,0,19.3,83.57000000000001,100.71000000000001,3.5,2.5,80
2023,8,18,12,0,22.6,10,10,0,19.400000000000002,82.14,88.85000000000001,3.5,2.9000000000000004,80
2023,8,18,13,0,24.900000000000002,160,160,0,19.5,72.2,77.14,3.4000000000000004,2.8000000000000003,85
2023,8,18,14,0,28.200000000000003,364,364,0,19.900000000000002,60.86,64.95,3.3000000000000003,2.9000000000000004,94
2023,8,18,15,0,31.1,541,541,0,19.900000000000002,51.52,52.800000000000004,3.3000000000000003,2.4000000000000004,108
2023,8,18,16,0,33.7,710,710,0,19.700000000000003,43.79,41.09,3.2,1.9000000000000001,129
2023,8,18,17,0,36.1,835,835,0,19.3,37.54,30.64,3.2,1.4000000000000001,173
2023,8,18,18,0,38.2,905,905,0,18.8,32.25,23.48,3.2,1.5,228
2023,8,18,19,0,39.800000000000004,910,910,0,18,28.150000000000002,23.01,3.2,1.6,249
2023,8,18,20,0,40.6,854,854,0,17.3,25.91,29.560000000000002,3.2,1.5,253
2023,8,18,21,0,40.7,720,720,0,16.7,24.830000000000002,39.76,3.1,1.2000000000000002,244
2023,8,18,22,0,40.2,561,561,0,16.400000000000002,24.91,51.38,3,1,223
2023,8,18,23,0,39.2,370,370,0,17,27.44,63.52,2.9000000000000004,0.8,188
2023,8,19,0,0,36.1,172,172,0,20.700000000000003,40.93,75.74,2.8000000000000003,0.7000000000000001,136
2023,8,19,1,0,32.5,15,15,0,18.900000000000002,44.69,87.62,2.7,1.1,115
2023,8,19,2,0,30.6,0,0,0,18.400000000000002,48.04,99.47,2.7,1.3,118
2023,8,19,3,0,29.6,0,0,0,17.900000000000002,49.32,110.26,2.7,1.6,131
2023,8,19,4,0,29,0,0,0,17.8,50.75,119.72,2.8000000000000003,1.8,151
2023,8,19,5,0,28.6,0,0,0,17.7,51.620000000000005,127.06,2.9000000000000004,2.1,174
2023,8,19,6,0,28.3,0,0,0,17.2,50.9,131.29,2.9000000000000004,2.7,193
2023,8,19,7,0,28.1,0,0,0,16.3,48.84,131.55,2.8000000000000003,3.4000000000000004,206
2023,8,19,8,0,27.5,0,0,0,15.600000000000001,48.38,127.78,2.7,3.8000000000000003,213
2023,8,19,9,0,26.700000000000003,0,0,0,15.3,49.67,120.77,2.7,3.7,219
2023,8,19,10,0,26.1,0,0,0,15.3,51.44,111.53,2.6,3.5,225
2023,8,19,11,0,25.400000000000002,0,0,0,15.5,54.11,100.87,2.6,3.2,230
2023,8,19,12,0,26,9,9,0,15.700000000000001,52.910000000000004,88.99,2.6,3.5,236
2023,8,19,13,0,28.200000000000003,163,163,0,16,47.44,77.27,2.6,3.6,238
2023,8,19,14,0,31.700000000000003,371,371,0,16.3,39.660000000000004,65.08,2.6,3.4000000000000004,237
2023,8,19,15,0,35.800000000000004,572,572,0,15.100000000000001,29.1,52.94,2.6,3.9000000000000004,239
2023,8,19,16,0,38.900000000000006,742,742,0,13.600000000000001,22.36,41.25,2.7,4,238
2023,8,19,17,0,40.900000000000006,864,864,0,13.100000000000001,19.400000000000002,30.86,2.8000000000000003,3.6,233
2023,8,19,18,0,42.2,934,934,0,12.9,17.88,23.77,2.8000000000000003,3.2,225
2023,8,19,19,0,42.800000000000004,936,936,0,12.8,17.26,23.330000000000002,2.9000000000000004,2.9000000000000004,218
2023,8,19,20,0,43,875,875,0,12.8,17.03,29.85,3,2.6,212
2023,8,19,21,0,42.800000000000004,756,756,0,13,17.43,40.01,3,2.4000000000000004,207
2023,8,19,22,0,41.900000000000006,591,591,0,13.5,18.98,51.620000000000005,3,2.1,199
2023,8,19,23,0,40.6,393,393,0,14.8,22.01,63.75,3,1.6,188
2023,8,20,0,0,37.1,185,185,0,20.3,37.72,75.97,3,0.9,177
2023,8,20,1,0,34.4,19,19,0,18.3,38.550000000000004,87.84,3,1.1,166
2023,8,20,2,0,32.6,0,0,0,18,42.01,99.72,3.1,1.3,161
2023,8,20,3,0,31.400000000000002,0,0,0,17.8,44.28,110.53,3.2,1.5,165
2023,8,20,4,0,30.6,0,0,0,17.6,45.83,120.02,3.3000000000000003,1.8,173
2023,8,20,5,0,29.900000000000002,0,0,0,17.6,47.54,127.39,3.3000000000000003,1.9000000000000001,181
2023,8,20,6,0,29.200000000000003,0,0,0,17.400000000000002,49.06,131.62,3.2,1.9000000000000001,189
2023,8,20,7,0,28.5,0,0,0,17.2,50.35,131.86,3.1,1.7000000000000002,198
2023,8,20,8,0,27.900000000000002,0,0,0,16.900000000000002,51.300000000000004,128.06,3.1,1.6,207
2023,8,20,9,0,27.200000000000003,0,0,0,16.900000000000002,53.19,121.01,3.1,1.5,218
2023,8,20,10,0,26.6,0,0,0,17,55.620000000000005,111.73,3.1,1.4000000000000001,230
2023,8,20,11,0,26.1,0,0,0,17.2,58.17,101.04,3.1,1.3,243
2023,8,20,12,0,27.3,0,0,0,18.2,57.410000000000004,89.12,3.1,1.5,256
2023,8,20,13,0,30,162,162,0,18.1,49.06,77.41,3.1,2.5,266
2023,8,20,14,0,33.2,367,367,0,18.6,42.15,65.21000000000001,3.2,2.2,266
2023,8,20,15,0,37.4,564,564,0,16.1,28.46,53.08,3.2,2.4000000000000004,254
2023,8,20,16,0,39.400000000000006,732,732,0,15.3,24.23,41.42,3.3000000000000003,1.5,244
2023,8,20,17,0,40.800000000000004,855,855,0,15,22.06,31.080000000000002,3.3000000000000003,0.7000000000000001,206
2023,8,20,18,0,42,928,928,0,14.5,20.12,24.07,3.3000000000000003,0.7000000000000001,133
2023,8,20,19,0,42.7,930,930,0,14.100000000000001,18.830000000000002,23.67,3.3000000000000003,1.2000000000000002,108
2023,8,20,20,0,42.900000000000006,869,869,0,13.700000000000001,18.25,30.150000000000002,3.2,1.6,97
2023,8,20,21,0,42.7,752,752,0,13.700000000000001,18.41,40.27,3.1,2,92
2023,8,20,22,0,41.900000000000006,584,584,0,14,19.51,51.85,3.1,2.4000000000000004,91
2023,8,20,23,0,40.400000000000006,385,385,0,15,22.56,63.980000000000004,3.1,2.5,92
2023,8,21,0,0,36.6,178,178,0,18,33.58,76.2,3.1,1.7000000000000002,94
2023,8,21,1,0,33.300000000000004,16,16,0,17.1,38.1,88.07000000000001,3,1.8,100
2023,8,21,2,0,32,0,0,0,16.8,40.22,99.97,2.9000000000000004,2,107
2023,8,21,3,0,30.8,0,0,0,16.900000000000002,43.45,110.81,2.8000000000000003,1.8,110
2023,8,21,4,0,29.700000000000003,0,0,0,17.1,46.730000000000004,120.32000000000001,2.8000000000000003,1.5,109
2023,8,21,5,0,28.8,0,0,0,17.2,49.56,127.71000000000001,2.8000000000000003,1.4000000000000001,108
2023,8,21,6,0,28.200000000000003,0,0,0,17.3,51.63,131.95,2.9000000000000004,1.3,111
2023,8,21,7,0,27.5,0,0,0,17.400000000000002,54.26,132.18,3,1.2000000000000002,117
2023,8,21,8,0,26.900000000000002,0,0,0,17.6,56.76,128.35,3,1.1,124
2023,8,21,9,0,26.3,0,0,0,17.8,59.550000000000004,121.25,3,1.1,131
2023,8,21,10,0,25.8,0,0,0,18,62.300000000000004,111.93,3,1,136
2023,8,21,11,0,25.400000000000002,0,0,0,18.400000000000002,65.1,101.21000000000001,3,0.9,136
2023,8,21,12,0,26.6,0,0,0,19.6,65.53,89.25,3.1,0.8,126
2023,8,21,13,0,28.900000000000002,157,157,0,19.400000000000002,56.68,77.54,3.1,1.2000000000000002,105
2023,8,21,14,0,32.300000000000004,360,360,0,19.5,46.81,65.35,3.2,1.4000000000000001,91
2023,8,21,15,0,36.4,559,559,0,17.7,33.410000000000004,53.22,3.3000000000000003,2,81
2023,8,21,16,0,38.5,729,729,0,16.900000000000002,28.3,41.59,3.3000000000000003,2.7,78
2023,8,21,17,0,40.1,851,851,0,16.5,25.28,31.3,3.4000000000000004,3.2,81
2023,8,21,18,0,41.1,916,916,0,16.2,23.48,24.37,3.5,3.5,85
2023,8,21,19,0,41.800000000000004,917,917,0,15.9,22.16,24,3.5,3.7,89
2023,8,21,20,0,42,856,856,0,15.600000000000001,21.52,30.45,3.6,3.9000000000000004,90
2023,8,21,21,0,41.6,739,739,0,15.3,21.67,40.54,3.6,3.9000000000000004,91
2023,8,21,22,0,40.7,574,574,0,15.3,22.69,52.1,3.6,3.9000000000000004,90
2023,8,21,23,0,39.2,379,379,0,16,25.64,64.21000000000001,3.5,3.4000000000000004,90
2023,8,22,0,0,35.9,174,174,0,18.7,36.39,76.43,3.5,1.8,89
2023,8,22,1,0,32.7,15,15,0,18.7,43.57,88.29,3.4000000000000004,1.4000000000000001,90
2023,8,22,2,0,31.6,0,0,0,18.8,46.53,100.23,3.4000000000000004,1.4000000000000001,92
2023,8,22,3,0,30.8,0,0,0,18.8,48.980000000000004,111.09,3.5,1.3,95
2023,8,22,4,0,30,0,0,3,18.8,51.230000000000004,120.63,3.5,1.2000000000000002,99
2023,8,22,5,0,29.400000000000002,0,0,3,18.8,53.050000000000004,128.04,3.6,1.2000000000000002,103
2023,8,22,6,0,28.8,0,0,3,18.900000000000002,55.050000000000004,132.29,3.7,1.1,107
2023,8,22,7,0,28.3,0,0,7,18.900000000000002,56.9,132.51,3.7,1.1,111
2023,8,22,8,0,27.700000000000003,0,0,3,19,59.01,128.63,3.7,1,112
2023,8,22,9,0,27.3,0,0,7,19,60.64,121.49000000000001,3.7,1,114
2023,8,22,10,0,26.8,0,0,0,19.200000000000003,62.940000000000005,112.13,3.7,0.9,115
2023,8,22,11,0,26.200000000000003,0,0,0,19.400000000000002,66.25,101.38,3.6,0.9,116
2023,8,22,12,0,27.200000000000003,0,0,0,20.200000000000003,65.44,89.38,3.6,1,116
2023,8,22,13,0,29.400000000000002,153,153,0,20.1,57.52,77.68,3.6,1.5,117
2023,8,22,14,0,33.5,356,356,0,19.1,42.63,65.48,3.6,1.4000000000000001,134
2023,8,22,15,0,36.300000000000004,555,555,0,18.2,34.6,53.36,3.6,1.5,103
2023,8,22,16,0,38,724,724,0,18,31.060000000000002,41.76,3.6,1.9000000000000001,89
2023,8,22,17,0,39.300000000000004,846,846,0,17.7,28.47,31.53,3.7,2.3000000000000003,87
2023,8,22,18,0,40.300000000000004,911,911,0,17.400000000000002,26.400000000000002,24.67,3.7,2.5,90
2023,8,22,19,0,41,913,913,0,17,24.84,24.35,3.7,2.7,95
2023,8,22,20,0,41.300000000000004,853,853,0,16.6,23.830000000000002,30.76,3.7,2.9000000000000004,100
2023,8,22,21,0,41,734,734,0,16.400000000000002,23.990000000000002,40.800000000000004,3.7,3.1,103
2023,8,22,22,0,40.2,569,569,0,16.5,25.080000000000002,52.34,3.7,3.3000000000000003,105
2023,8,22,23,0,38.800000000000004,372,372,0,16.7,27.44,64.45,3.7,3.2,108
2023,8,23,0,0,35.9,168,167,8,18.400000000000002,35.71,76.67,3.6,2,110
2023,8,23,1,0,32.9,12,7,3,18.400000000000002,42.26,88.52,3.6,1.8,111
2023,8,23,2,0,32,0,0,8,18.2,43.81,100.49000000000001,3.6,2.1,113
2023,8,23,3,0,31.1,0,0,3,18.2,46.35,111.37,3.5,2.3000000000000003,116
2023,8,23,4,0,30.200000000000003,0,0,7,18.5,49.57,120.94,3.5,2.2,121
2023,8,23,5,0,29.5,0,0,1,18.8,52.57,128.37,3.5,2.1,127
2023,8,23,6,0,28.8,0,0,7,19.1,55.72,132.64000000000001,3.5,1.9000000000000001,133
2023,8,23,7,0,28.1,0,0,1,19.3,58.86,132.83,3.5,1.7000000000000002,138
2023,8,23,8,0,27.5,0,0,7,19.5,61.56,128.92000000000002,3.5,1.5,144
2023,8,23,9,0,27,0,0,7,19.5,63.64,121.73,3.5,1.3,149
2023,8,23,10,0,26.5,0,0,7,19.5,65.62,112.33,3.5,1.3,155
2023,8,23,11,0,26.1,0,0,0,19.6,67.31,101.55,3.4000000000000004,1.2000000000000002,160
2023,8,23,12,0,27.200000000000003,0,0,0,19.8,63.910000000000004,89.51,3.4000000000000004,1.7000000000000002,165
2023,8,23,13,0,29.700000000000003,154,154,1,19.8,55.43,77.81,3.3000000000000003,2.4000000000000004,173
2023,8,23,14,0,33.5,359,359,0,18.8,41.99,65.61,3.3000000000000003,3,187
2023,8,23,15,0,35.6,558,558,0,18.1,35.62,53.51,3.3000000000000003,2.8000000000000003,190
2023,8,23,16,0,37.2,727,727,0,17.7,31.93,41.93,3.4000000000000004,2.4000000000000004,185
2023,8,23,17,0,38.6,848,848,0,17.400000000000002,29.05,31.76,3.6,2.2,177
2023,8,23,18,0,39.6,910,910,0,17.1,26.94,24.98,3.7,2.1,167
2023,8,23,19,0,40.300000000000004,912,912,0,16.8,25.400000000000002,24.69,3.8000000000000003,2.1,157
2023,8,23,20,0,40.6,850,850,0,16.6,24.72,31.07,3.9000000000000004,2.1,149
2023,8,23,21,0,40.400000000000006,734,677,7,16.6,25,41.08,4,2.2,143
2023,8,23,22,0,39.800000000000004,569,539,8,16.7,25.98,52.59,3.9000000000000004,2.3000000000000003,140
2023,8,23,23,0,38.6,372,372,0,17,28.28,64.69,3.9000000000000004,2.4000000000000004,140
2023,8,24,0,0,36,167,167,0,19.700000000000003,38.56,76.91,3.9000000000000004,1.4000000000000001,139
2023,8,24,1,0,33.1,12,12,0,19.700000000000003,45.27,88.75,3.9000000000000004,1.3,140
2023,8,24,2,0,32.2,0,0,0,19.200000000000003,46.37,100.76,3.9000000000000004,1.6,146
2023,8,24,3,0,31.5,0,0,0,19.1,47.83,111.66,3.9000000000000004,1.9000000000000001,153
2023,8,24,4,0,30.900000000000002,0,0,8,19.1,49.45,121.25,3.9000000000000004,2.1,158
2023,8,24,5,0,30.200000000000003,0,0,7,19.1,51.4,128.71,3.9000000000000004,2,163
2023,8,24,6,0,29.5,0,0,7,19,53.33,132.98,3.9000000000000004,1.8,168
2023,8,24,7,0,28.900000000000002,0,0,0,18.900000000000002,54.95,133.16,3.9000000000000004,1.6,173
2023,8,24,8,0,28.200000000000003,0,0,0,18.8,56.89,129.21,4,1.4000000000000001,177
2023,8,24,9,0,27.700000000000003,0,0,0,18.7,58.21,121.97,3.9000000000000004,1.3,183
2023,8,24,10,0,27.200000000000003,0,0,0,18.6,59.49,112.53,3.8000000000000003,1.3,190
2023,8,24,11,0,26.8,0,0,0,18.5,60.43,101.72,3.8000000000000003,1.3,197
2023,8,24,12,0,27.700000000000003,0,0,0,18.5,57.36,89.64,3.7,1.9000000000000001,204
2023,8,24,13,0,30,151,151,0,18.6,50.370000000000005,77.95,3.6,2.5,207
2023,8,24,14,0,34,356,356,0,17.5,37.51,65.75,3.5,3.4000000000000004,213
2023,8,24,15,0,36.6,557,557,0,16.8,31.07,53.65,3.5,3.5,216
2023,8,24,16,0,38.2,728,728,0,16.8,28.580000000000002,42.11,3.5,3,217
2023,8,24,17,0,39.400000000000006,852,852,0,16.8,26.76,31.990000000000002,3.5,2.8000000000000003,216
2023,8,24,18,0,40.300000000000004,918,918,0,16.5,25.07,25.29,3.5,2.7,217
2023,8,24,19,0,40.900000000000006,921,921,0,16.2,23.8,25.04,3.5,2.6,219
2023,8,24,20,0,41.1,859,859,0,16,23.19,31.39,3.5,2.4000000000000004,222
2023,8,24,21,0,40.800000000000004,734,679,8,15.8,23.29,41.35,3.5,2.2,221
2023,8,24,22,0,40.2,566,477,3,15.600000000000001,23.72,52.85,3.5,2,217
2023,8,24,23,0,39,368,368,0,15.700000000000001,25.47,64.93,3.4000000000000004,1.7000000000000002,208
2023,8,25,0,0,36.4,162,162,0,19.5,37.300000000000004,77.16,3.4000000000000004,0.8,197
2023,8,25,1,0,34.2,10,10,0,18.8,40.18,88.98,3.4000000000000004,0.9,177
2023,8,25,2,0,33,0,0,0,18.3,41.77,101.03,3.4000000000000004,1,159
2023,8,25,3,0,31.700000000000003,0,0,0,18.1,44.49,111.95,3.5,1.2000000000000002,150
2023,8,25,4,0,30.900000000000002,0,0,0,17.8,45.47,121.56,3.6,1.6,150
2023,8,25,5,0,30.400000000000002,0,0,0,17.5,46.160000000000004,129.05,3.7,2,151
2023,8,25,6,0,29.900000000000002,0,0,0,17.5,47.31,133.33,3.7,2.2,151
2023,8,25,7,0,29.400000000000002,0,0,0,17.5,48.7,133.49,3.8000000000000003,2.3000000000000003,148
2023,8,25,8,0,28.900000000000002,0,0,0,17.5,50.29,129.49,3.8000000000000003,2.4000000000000004,145
2023,8,25,9,0,28.5,0,0,0,17.7,52.19,122.21000000000001,3.8000000000000003,2.3000000000000003,148
2023,8,25,10,0,27.8,0,0,0,18.2,55.88,112.73,3.7,1.9000000000000001,155
2023,8,25,11,0,27.1,0,0,0,18.3,58.75,101.88,3.6,1.7000000000000002,163
2023,8,25,12,0,27.900000000000002,0,0,0,18.400000000000002,56.31,89.77,3.5,2.2,172
2023,8,25,13,0,30.3,144,144,1,18.400000000000002,48.86,78.09,3.4000000000000004,2.8000000000000003,180
2023,8,25,14,0,34.300000000000004,347,347,0,16.6,34.800000000000004,65.89,3.4000000000000004,3.4000000000000004,197
2023,8,25,15,0,37.6,544,544,0,15.3,26.8,53.800000000000004,3.4000000000000004,3.4000000000000004,207
2023,8,25,16,0,39.5,714,714,0,15.600000000000001,24.67,42.28,3.4000000000000004,2.8000000000000003,209
2023,8,25,17,0,40.800000000000004,836,836,0,15.9,23.400000000000002,32.22,3.5,2.2,205
2023,8,25,18,0,41.7,900,900,0,15.8,22.25,25.6,3.5,1.8,197
2023,8,25,19,0,42.2,900,552,3,15.600000000000001,21.39,25.39,3.6,1.6,188
2023,8,25,20,0,42.300000000000004,838,838,0,15.4,20.94,31.7,3.6,1.4000000000000001,180
2023,8,25,21,0,42,718,718,0,15.3,21.11,41.64,3.7,1.3,171
2023,8,25,22,0,41.2,550,550,0,15.200000000000001,21.990000000000002,53.1,3.7,1.3,160
2023,8,25,23,0,39.900000000000006,353,353,0,15.700000000000001,24.34,65.18,3.7,1.2000000000000002,148
2023,8,26,0,0,37.4,151,151,0,19.900000000000002,36.27,77.4,3.8000000000000003,0.7000000000000001,136
2023,8,26,1,0,35.1,0,0,0,19.200000000000003,39.21,89.21000000000001,3.8000000000000003,0.9,128
2023,8,26,2,0,33.7,0,0,0,18.7,41.19,101.3,3.8000000000000003,1.2000000000000002,128
2023,8,26,3,0,32.800000000000004,0,0,0,17.900000000000002,41.22,112.24000000000001,3.8000000000000003,1.6,132
2023,8,26,4,0,31.8,0,0,0,17.3,41.94,121.88,3.7,2,138
2023,8,26,5,0,31,0,0,0,16.900000000000002,42.79,129.39000000000001,3.6,2.3000000000000003,143
2023,8,26,6,0,30.200000000000003,0,0,0,16.6,44.11,133.68,3.5,2.4000000000000004,148
2023,8,26,7,0,29.5,0,0,0,16.5,45.43,133.82,3.4000000000000004,2.3000000000000003,154
2023,8,26,8,0,28.8,0,0,0,16.3,46.65,129.78,3.3000000000000003,2.2,161
2023,8,26,9,0,28,0,0,0,16.1,48.28,122.45,3.3000000000000003,1.9000000000000001,168
2023,8,26,10,0,27.200000000000003,0,0,0,16.1,50.6,112.93,3.2,1.4000000000000001,176
2023,8,26,11,0,26.400000000000002,0,0,0,16.2,53.620000000000005,102.05,3.3000000000000003,1,188
2023,8,26,12,0,27.200000000000003,0,0,0,16.900000000000002,53.5,89.89,3.4000000000000004,1,225
2023,8,26,13,0,29.1,141,104,3,16.6,46.88,78.22,3.4000000000000004,1.8,281
2023,8,26,14,0,32.1,341,292,3,16.400000000000002,39.08,66.02,3.5,2,314
2023,8,26,15,0,35.300000000000004,539,539,1,16,31.79,53.95,3.5,1.8,330
2023,8,26,16,0,38.1,709,709,0,15.4,26.150000000000002,42.46,3.5,1.4000000000000001,335
2023,8,26,17,0,39.800000000000004,833,833,0,15.100000000000001,23.490000000000002,32.46,3.5,1.3,340
2023,8,26,18,0,41,902,634,3,14.9,21.77,25.92,3.6,1.6,342
2023,8,26,19,0,41.6,903,785,2,14.700000000000001,20.830000000000002,25.740000000000002,3.6,2.1,345
2023,8,26,20,0,41.6,840,840,0,14.600000000000001,20.7,32.03,3.7,2.7,349
2023,8,26,21,0,41,715,715,0,14.9,21.740000000000002,41.92,3.7,3.3000000000000003,354
2023,8,26,22,0,39.800000000000004,547,547,0,15.5,24.09,53.370000000000005,3.8000000000000003,3.8000000000000003,360
2023,8,26,23,0,38,351,351,0,16.400000000000002,28.080000000000002,65.43,3.8000000000000003,4.1000000000000005,6
2023,8,27,0,0,35.5,150,150,0,17.7,34.95,77.65,3.9000000000000004,3.9000000000000004,11
2023,8,27,1,0,33,0,0,0,19,43.6,89.44,4,3.4000000000000004,14
2023,8,27,2,0,31.5,0,0,0,19.900000000000002,50.38,101.58,4.1000000000000005,3.2,15
2023,8,27,3,0,30.5,0,0,0,20.3,54.68,112.54,4.2,3,14
2023,8,27,4,0,29.6,0,0,5,20.3,57.27,122.2,4.4,2.9000000000000004,13
2023,8,27,5,0,28.900000000000002,0,0,7,20,58.67,129.74,4.6000000000000005,2.9000000000000004,12
2023,8,27,6,0,28.3,0,0,7,19.700000000000003,59.61,134.04,4.800000000000001,3.1,12
2023,8,27,7,0,27.700000000000003,0,0,5,19.5,60.97,134.16,5,3.2,15
2023,8,27,8,0,27.1,0,0,4,19.6,63.47,130.08,5.1000000000000005,3.3000000000000003,21
2023,8,27,9,0,26.3,0,0,4,20.200000000000003,68.98,122.69,5.1000000000000005,3.4000000000000004,29
2023,8,27,10,0,25.6,0,0,4,20.900000000000002,75.23,113.13,5.1000000000000005,3.3000000000000003,34
2023,8,27,11,0,25,0,0,0,21.400000000000002,80.32000000000001,102.22,5.1000000000000005,3,35
2023,8,27,12,0,24.900000000000002,0,0,0,21.6,81.93,90.01,5,3.3000000000000003,35
2023,8,27,13,0,26.3,136,136,0,21.400000000000002,74.37,78.36,5,3.7,33
2023,8,27,14,0,28.400000000000002,335,335,0,20.900000000000002,63.9,66.16,4.9,3.8000000000000003,25
2023,8,27,15,0,30.400000000000002,531,531,0,20.3,54.88,54.1,4.800000000000001,3.9000000000000004,16
2023,8,27,16,0,31.900000000000002,698,698,0,19.8,48.92,42.64,4.7,3.9000000000000004,10
2023,8,27,17,0,33.1,821,821,0,19.400000000000002,44.63,32.7,4.6000000000000005,3.9000000000000004,7
2023,8,27,18,0,34.2,898,307,3,19,40.88,26.240000000000002,4.5,3.8000000000000003,6
2023,8,27,19,0,34.9,902,278,3,18.6,38.29,26.1,4.4,3.6,7
2023,8,27,20,0,35.2,842,291,3,18.2,36.72,32.35,4.3,3.5,8
2023,8,27,21,0,35,720,544,3,17.900000000000002,36.5,42.21,4.2,3.4000000000000004,11
2023,8,27,22,0,34.4,555,555,0,17.6,37.07,53.63,4,3.4000000000000004,17
2023,8,27,23,0,33.300000000000004,358,358,0,17.3,38.65,65.69,3.8000000000000003,3.4000000000000004,24
2023,8,28,0,0,31.400000000000002,153,153,0,17.400000000000002,43.17,77.91,3.6,2.6,31
2023,8,28,1,0,28.900000000000002,0,0,0,17.900000000000002,51.64,89.66,3.4000000000000004,1.6,42
2023,8,28,2,0,28,0,0,0,17.900000000000002,54.32,101.85000000000001,3.3000000000000003,1.8,54
2023,8,28,3,0,27.200000000000003,0,0,0,18,57.18,112.84,3.1,1.9000000000000001,63
2023,8,28,4,0,26.400000000000002,0,0,0,18.1,60.21,122.53,3,2,70
2023,8,28,5,0,25.5,0,0,0,18.1,63.68,130.09,2.8000000000000003,1.8,75
2023,8,28,6,0,24.700000000000003,0,0,0,18.1,66.58,134.39000000000001,2.7,1.8,76
2023,8,28,7,0,23.8,0,0,0,17.900000000000002,69.57000000000001,134.5,2.6,1.6,73
2023,8,28,8,0,22.900000000000002,0,0,0,17.6,72.29,130.37,2.4000000000000004,1.5,65
2023,8,28,9,0,22.1,0,0,0,17.400000000000002,74.61,122.93,2.3000000000000003,1.4000000000000001,55
2023,8,28,10,0,21.400000000000002,0,0,0,17.1,76.72,113.32000000000001,2.2,1.4000000000000001,46
2023,8,28,11,0,20.700000000000003,0,0,0,17,79.26,102.39,2.1,1.5,39
2023,8,28,12,0,20.900000000000002,0,0,0,16.900000000000002,77.75,90.13,2,2.3000000000000003,37
2023,8,28,13,0,23.400000000000002,153,153,0,16.3,64.27,78.49,1.9000000000000001,2.6,42
2023,8,28,14,0,26.900000000000002,367,367,0,14.4,46.160000000000004,66.3,1.9000000000000001,3.1,36
2023,8,28,15,0,28.900000000000002,574,574,0,13.3,38.37,54.25,1.9000000000000001,3.7,27
2023,8,28,16,0,30.400000000000002,749,749,0,12.5,33.480000000000004,42.83,1.9000000000000001,4.1000000000000005,24
2023,8,28,17,0,31.6,873,873,0,11.8,29.810000000000002,32.94,2,4.2,23
2023,8,28,18,0,32.6,936,936,0,11.200000000000001,27.04,26.560000000000002,2.1,4.3,24
2023,8,28,19,0,33.4,935,935,0,10.700000000000001,25.060000000000002,26.46,2.2,4.3,25
2023,8,28,20,0,33.7,870,870,0,10.4,24.1,32.68,2.3000000000000003,4.4,27
2023,8,28,21,0,33.5,747,747,0,10.200000000000001,23.990000000000002,42.5,2.3000000000000003,4.3,30
2023,8,28,22,0,32.800000000000004,573,573,0,9.9,24.54,53.9,2.4000000000000004,4.2,34
2023,8,28,23,0,31.6,369,369,0,9.9,26.17,65.95,2.4000000000000004,3.8000000000000003,38
2023,8,29,0,0,28.900000000000002,158,158,0,11.3,33.61,78.16,2.4000000000000004,2.2,43
2023,8,29,1,0,25.8,0,0,0,12.4,43.28,89.89,2.4000000000000004,1.5,53
2023,8,29,2,0,24.700000000000003,0,0,0,12.5,46.68,102.13,2.4000000000000004,1.5,60
2023,8,29,3,0,23.700000000000003,0,0,0,12.8,50.36,113.14,2.4000000000000004,1.4000000000000001,65
2023,8,29,4,0,22.900000000000002,0,0,0,13,53.57,122.86,2.4000000000000004,1.3,67
2023,8,29,5,0,22.3,0,0,0,13.200000000000001,56.38,130.44,2.5,1.2000000000000002,65
2023,8,29,6,0,21.8,0,0,0,13.4,58.96,134.76,2.5,1.1,62
2023,8,29,7,0,21.3,0,0,0,13.600000000000001,61.63,134.84,2.6,1,57
2023,8,29,8,0,20.900000000000002,0,0,0,13.9,64.38,130.66,2.6,1,53
2023,8,29,9,0,20.5,0,0,0,14.4,68.03,123.18,2.6,0.9,49
2023,8,29,10,0,20.1,0,0,0,14.9,72.19,113.52,2.6,0.9,43
2023,8,29,11,0,19.6,0,0,0,15.4,76.49,102.56,2.6,0.9,32
2023,8,29,12,0,20.5,0,0,0,15.600000000000001,73.7,90.26,2.6,1.4000000000000001,13
2023,8,29,13,0,23,145,145,0,15.8,64.02,78.63,2.7,2.4000000000000004,0
2023,8,29,14,0,27.200000000000003,352,352,0,16,50.300000000000004,66.43,2.7,2,358
2023,8,29,15,0,29.3,553,553,0,15.4,42.86,54.4,2.8000000000000003,2.5,352
2023,8,29,16,0,30.8,723,723,0,14.700000000000001,37.76,43.01,2.9000000000000004,3,359
2023,8,29,17,0,32.2,846,846,0,14,33.19,33.19,3,3.3000000000000003,8
2023,8,29,18,0,33.4,911,911,0,13.100000000000001,29.26,26.89,3.1,3.4000000000000004,15
2023,8,29,19,0,34.300000000000004,910,910,0,12.200000000000001,26.18,26.82,3.2,3.3000000000000003,18
2023,8,29,20,0,34.7,845,845,0,11.3,24.240000000000002,33.02,3.3000000000000003,3.1,19
2023,8,29,21,0,34.6,721,721,0,10.8,23.580000000000002,42.800000000000004,3.3000000000000003,3,18
2023,8,29,22,0,34,551,551,0,10.700000000000001,24.25,54.18,3.3000000000000003,2.8000000000000003,17
2023,8,29,23,0,32.9,351,351,0,11.4,26.990000000000002,66.21000000000001,3.2,2.3000000000000003,17
2023,8,30,0,0,30.3,144,144,0,15.4,40.44,78.42,3.2,0.9,20
2023,8,30,1,0,28.8,0,0,0,14.9,42.89,90.12,3.1,0.9,25
2023,8,30,2,0,28.5,0,0,0,14.3,41.97,102.42,3,0.8,29
2023,8,30,3,0,28.3,0,0,0,13.700000000000001,40.86,113.45,3,0.7000000000000001,24
2023,8,30,4,0,27.900000000000002,0,0,7,13.700000000000001,41.65,123.19,3,0.6000000000000001,2
2023,8,30,5,0,27,0,0,3,13.9,44.4,130.79,3,0.7000000000000001,335
2023,8,30,6,0,26,0,0,0,14.100000000000001,47.92,135.12,3,0.9,326
2023,8,30,7,0,24.700000000000003,0,0,0,14.3,52.36,135.18,2.9000000000000004,1,330
2023,8,30,8,0,23.5,0,0,0,14.4,56.660000000000004,130.95,2.8000000000000003,1,342
2023,8,30,9,0,22.6,0,0,0,14.5,60.33,123.42,2.6,1,360
2023,8,30,10,0,21.900000000000002,0,0,0,14.600000000000001,63.31,113.72,2.5,1,16
2023,8,30,11,0,21.200000000000003,0,0,0,14.700000000000001,66.28,102.73,2.4000000000000004,1,29
2023,8,30,12,0,21.8,0,0,0,14.9,64.73,90.98,2.4000000000000004,1.4000000000000001,37
2023,8,30,13,0,24.1,136,136,0,15,56.89,78.77,2.4000000000000004,2.2,39
2023,8,30,14,0,28.1,341,341,0,13.9,41.88,66.57000000000001,2.4000000000000004,2.3000000000000003,44
2023,8,30,15,0,30.8,527,527,0,13.100000000000001,33.92,54.56,2.4000000000000004,2.5,31
2023,8,30,16,0,32.4,699,699,0,12.9,30.57,43.2,2.4000000000000004,2.9000000000000004,19
2023,8,30,17,0,33.6,824,824,0,12.8,28.330000000000002,33.44,2.4000000000000004,3.4000000000000004,14
2023,8,30,18,0,34.4,891,891,0,12.4,26.51,27.22,2.4000000000000004,3.7,13
2023,8,30,19,0,34.9,895,895,0,11.9,24.900000000000002,27.18,2.3000000000000003,3.8000000000000003,15
2023,8,30,20,0,35,834,834,0,11.3,23.86,33.35,2.3000000000000003,3.8000000000000003,18
2023,8,30,21,0,34.7,723,723,0,10.8,23.38,43.1,2.2,3.6,21
2023,8,30,22,0,34,556,556,0,10.3,23.52,54.45,2.1,3.4000000000000004,25
2023,8,30,23,0,32.7,354,354,0,10.100000000000001,25.03,66.48,2,3,30
2023,8,31,0,0,29.3,145,145,0,12.600000000000001,35.84,78.69,2,1.4000000000000001,40
2023,8,31,1,0,26.3,0,0,0,12.700000000000001,42.89,90.92,1.9000000000000001,1.3,54
2023,8,31,2,0,25.3,0,0,0,12.5,45.03,102.7,1.9000000000000001,1.4000000000000001,67
2023,8,31,3,0,24.400000000000002,0,0,0,12.600000000000001,47.59,113.75,1.9000000000000001,1.4000000000000001,76
2023,8,31,4,0,23.6,0,0,0,12.700000000000001,50.36,123.52,1.9000000000000001,1.4000000000000001,83
2023,8,31,5,0,22.900000000000002,0,0,0,12.9,53.18,131.15,1.9000000000000001,1.4000000000000001,89
2023,8,31,6,0,22.200000000000003,0,0,0,13.100000000000001,56.160000000000004,135.48,1.9000000000000001,1.3,92
2023,8,31,7,0,21.6,0,0,0,13.200000000000001,58.910000000000004,135.52,1.9000000000000001,1.2000000000000002,94
2023,8,31,8,0,21,0,0,0,13.4,61.910000000000004,131.25,1.9000000000000001,1.1,94
2023,8,31,9,0,20.5,0,0,0,13.700000000000001,65.17,123.66,1.9000000000000001,1,90
2023,8,31,10,0,20,0,0,0,14.100000000000001,69.01,113.92,1.9000000000000001,1,84
2023,8,31,11,0,19.400000000000002,0,0,0,14.600000000000001,73.86,102.89,1.9000000000000001,1.1,78
2023,8,31,12,0,20.200000000000003,0,0,0,15.200000000000001,72.96000000000001,91.13,1.9000000000000001,1.7000000000000002,75
2023,8,31,13,0,22.8,143,143,0,15.8,64.71000000000001,78.91,1.9000000000000001,2.6,75
2023,8,31,14,0,27.200000000000003,355,355,0,15.3,48.2,66.72,1.9000000000000001,2.2,98
2023,8,31,15,0,30.6,561,561,0,13.700000000000001,35.67,54.71,1.9000000000000001,1.5,95
2023,8,31,16,0,32.4,736,736,0,13.100000000000001,30.98,43.39,1.9000000000000001,1.5,76
2023,8,31,17,0,33.9,862,862,0,12.700000000000001,27.71,33.69,1.9000000000000001,1.8,68
2023,8,31,18,0,35.1,931,931,0,12.3,25.28,27.55,1.9000000000000001,1.9000000000000001,67
2023,8,31,19,0,36,929,929,0,12,23.59,27.55,2,2,68
2023,8,31,20,0,36.4,864,864,0,11.8,22.81,33.7,2,2.1,69
2023,8,31,21,0,36.300000000000004,737,737,0,11.700000000000001,22.72,43.4,2,2.1,73
2023,8,31,22,0,35.6,562,562,0,11.600000000000001,23.490000000000002,54.730000000000004,2,2.2,80
2023,8,31,23,0,34.4,355,355,0,12,25.76,66.75,2,2.1,91
2023,9,1,0,0,30.8,144,144,0,15.200000000000001,38.89,78.95,2,1.1,100
2023,9,1,1,0,28,0,0,0,14.700000000000001,44.11,91.19,2,1.3,108
2023,9,1,2,0,27.200000000000003,0,0,0,14.600000000000001,45.980000000000004,102.99000000000001,2.1,1.7000000000000002,116
2023,9,1,3,0,26.6,0,0,0,14.700000000000001,47.97,114.06,2.1,2.1,121
2023,9,1,4,0,25.8,0,0,0,14.8,50.65,123.86,2.1,2.4000000000000004,123
2023,9,1,5,0,25,0,0,0,14.9,53.43,131.51,2.1,2.4000000000000004,126
2023,9,1,6,0,24.3,0,0,0,15,56.07,135.85,2.1,2.3000000000000003,129
2023,9,1,7,0,23.6,0,0,0,15,58.71,135.86,2.1,2.2,133
2023,9,1,8,0,22.900000000000002,0,0,0,15.100000000000001,61.300000000000004,131.55,2.1,2.1,138
2023,9,1,9,0,22.3,0,0,0,15.100000000000001,63.690000000000005,123.9,2.1,2.2,142
2023,9,1,10,0,21.8,0,0,0,15.200000000000001,66.05,114.12,2.1,2.3000000000000003,145
2023,9,1,11,0,21.3,0,0,0,15.200000000000001,68.31,103.06,2.1,2.4000000000000004,145
2023,9,1,12,0,21.6,0,0,0,15.200000000000001,67.08,91.27,2.1,3,145
2023,9,1,13,0,23.900000000000002,139,139,0,15.200000000000001,58.32,79.05,2.2,3.7,146
2023,9,1,14,0,27.400000000000002,347,347,0,14.9,46.54,66.86,2.2,4.4,158
2023,9,1,15,0,30.6,548,548,0,14.200000000000001,36.910000000000004,54.870000000000005,2.2,4.1000000000000005,167
2023,9,1,16,0,32.9,721,721,0,14.3,32.480000000000004,43.59,2.2,3.4000000000000004,167
2023,9,1,17,0,34.7,846,846,0,14.5,29.88,33.95,2.2,2.8000000000000003,158
2023,9,1,18,0,36,920,920,0,14.4,27.51,27.88,2.2,2.5,145
2023,9,1,19,0,36.800000000000004,920,920,0,13.9,25.57,27.92,2.2,2.4000000000000004,133
2023,9,1,20,0,37.2,854,854,0,13.4,24.22,34.04,2.2,2.5,124
2023,9,1,21,0,37,729,729,0,12.8,23.6,43.71,2.1,2.6,117
2023,9,1,22,0,36.300000000000004,557,557,0,12.100000000000001,23.38,55.02,2,2.8000000000000003,115
2023,9,1,23,0,35,352,352,0,11.8,24.57,67.02,1.9000000000000001,2.7,117
2023,9,2,0,0,31.1,141,141,0,13.700000000000001,34.59,79.22,1.8,1.6,121
2023,9,2,1,0,28.3,0,0,0,12.8,38.480000000000004,91.47,1.7000000000000002,1.8,127
2023,9,2,2,0,27.400000000000002,0,0,0,12.4,39.35,103.28,1.7000000000000002,2.2,132
2023,9,2,3,0,26.5,0,0,0,12.3,41.410000000000004,114.37,1.7000000000000002,2.4000000000000004,135
2023,9,2,4,0,25.5,0,0,0,12.4,44.26,124.19,1.7000000000000002,2.3000000000000003,138
2023,9,2,5,0,24.5,0,0,0,12.5,47.11,131.87,1.7000000000000002,2.1,142
2023,9,2,6,0,23.700000000000003,0,0,0,12.3,48.88,136.22,1.7000000000000002,2,148
2023,9,2,7,0,22.8,0,0,0,11.9,50.22,136.21,1.7000000000000002,1.9000000000000001,154
2023,9,2,8,0,22.1,0,0,0,11.200000000000001,50.19,131.84,1.7000000000000002,1.9000000000000001,157
2023,9,2,9,0,21.3,0,0,0,10.600000000000001,50.43,124.15,1.6,1.8,159
2023,9,2,10,0,20.6,0,0,0,10.100000000000001,51.04,114.32000000000001,1.6,1.7000000000000002,162
2023,9,2,11,0,19.8,0,0,0,9.8,52.56,103.23,1.5,1.6,165
2023,9,2,12,0,20.400000000000002,0,0,0,9.8,50.52,91.42,1.5,2,164
2023,9,2,13,0,22.900000000000002,145,145,0,9.8,43.4,79.19,1.5,2.9000000000000004,160
2023,9,2,14,0,27,360,360,0,9.4,33.15,67,1.5,3.2,165
2023,9,2,15,0,31,569,569,0,9,25.53,55.03,1.5,3,171
2023,9,2,16,0,33.4,743,743,0,9.700000000000001,23.36,43.78,1.6,2.2,148
2023,9,2,17,0,35,866,866,0,9.700000000000001,21.330000000000002,34.2,1.7000000000000002,2.3000000000000003,126
2023,9,2,18,0,36,932,932,0,9.4,19.830000000000002,28.22,1.7000000000000002,2.6,121
2023,9,2,19,0,36.7,929,929,0,9.1,18.740000000000002,28.29,1.8,2.7,122
2023,9,2,20,0,37,864,864,0,8.9,18.17,34.39,1.8,2.7,126
2023,9,2,21,0,36.800000000000004,737,737,0,8.700000000000001,18.150000000000002,44.02,1.8,2.7,131
2023,9,2,22,0,36.1,560,560,0,8.5,18.57,55.300000000000004,1.9000000000000001,2.6,137
2023,9,2,23,0,34.6,352,352,0,9,20.87,67.29,1.9000000000000001,2.4000000000000004,141
2023,9,3,0,0,30.5,140,140,0,12.600000000000001,33.33,79.49,1.8,1.2000000000000002,142
2023,9,3,1,0,27.6,0,0,0,11.600000000000001,36.96,91.75,1.8,1.5,143
2023,9,3,2,0,26.6,0,0,0,11.100000000000001,37.910000000000004,103.57000000000001,1.8,1.8,146
2023,9,3,3,0,25.8,0,0,0,11,39.45,114.69,1.8,2.1,148
2023,9,3,4,0,25,0,0,0,11.100000000000001,41.800000000000004,124.53,1.9000000000000001,2.1,148
2023,9,3,5,0,24.200000000000003,0,0,3,11.4,44.74,132.24,1.9000000000000001,1.9000000000000001,147
2023,9,3,6,0,23.5,0,0,8,11.8,47.79,136.6,2,1.6,147
2023,9,3,7,0,22.8,0,0,5,12.200000000000001,51.18,136.56,2.1,1.4000000000000001,146
2023,9,3,8,0,22.200000000000003,0,0,0,12.600000000000001,54.69,132.14000000000001,2.1,1.4000000000000001,144
2023,9,3,9,0,21.5,0,0,0,13.3,59.63,124.39,2.1,1.4000000000000001,145
2023,9,3,10,0,20.900000000000002,0,0,0,14.3,65.87,114.52,2.1,1.4000000000000001,147
2023,9,3,11,0,20.200000000000003,0,0,0,15.200000000000001,73.07000000000001,103.4,2,1.4000000000000001,150
2023,9,3,12,0,20.700000000000003,0,0,0,15.9,74.13,91.57000000000001,2,1.8,152
2023,9,3,13,0,23.400000000000002,140,140,0,16.3,64.51,79.33,2,2.7,153
2023,9,3,14,0,27.1,351,351,0,15.8,50.18,67.14,2,2.5,153
2023,9,3,15,0,32.1,557,293,7,11.8,28.95,55.19,2,2.7,163
2023,9,3,16,0,35.300000000000004,729,729,1,9.4,20.56,43.980000000000004,2.1,2.7,166
2023,9,3,17,0,37,851,851,0,9.1,18.37,34.47,2.2,2.9000000000000004,164
2023,9,3,18,0,38.1,913,913,0,9.1,17.3,28.560000000000002,2.3000000000000003,3.1,165
2023,9,3,19,0,38.900000000000006,906,906,0,9.4,16.92,28.67,2.5,3.3000000000000003,167
2023,9,3,20,0,39.1,835,835,0,10.100000000000001,17.57,34.74,2.7,3.4000000000000004,168
2023,9,3,21,0,38.900000000000006,708,708,0,11.100000000000001,18.98,44.33,2.8000000000000003,3.6,167
2023,9,3,22,0,38.1,533,533,0,12,21,55.59,2.9000000000000004,3.7,165
2023,9,3,23,0,36.6,329,329,0,12.8,24.12,67.57000000000001,3,3.6,162
2023,9,4,0,0,33.2,125,125,0,14.5,32.49,79.77,3,2.4000000000000004,153
2023,9,4,1,0,31.1,0,0,3,14.700000000000001,37.09,92.03,2.9000000000000004,3.2,144
2023,9,4,2,0,30.3,0,0,0,14.8,38.95,103.87,3,4.4,141
2023,9,4,3,0,28.900000000000002,0,0,0,14.600000000000001,41.75,115,3,4.1000000000000005,140
2023,9,4,4,0,27.700000000000003,0,0,7,13.9,42.62,124.87,3,3.6,144
2023,9,4,5,0,26.8,0,0,8,13.200000000000001,43.04,132.61,3.1,3.4000000000000004,149
2023,9,4,6,0,26,0,0,0,13.100000000000001,44.800000000000004,136.97,3.1,3.4000000000000004,153
2023,9,4,7,0,25.3,0,0,0,13.3,47.31,136.91,3.2,3.4000000000000004,156
2023,9,4,8,0,24.8,0,0,0,13.700000000000001,50.01,132.44,3.3000000000000003,3.5,157
2023,9,4,9,0,24.3,0,0,0,14.3,53.59,124.63000000000001,3.3000000000000003,3.7,156
2023,9,4,10,0,23.8,0,0,8,15.100000000000001,58.160000000000004,114.72,3.3000000000000003,3.9000000000000004,153
2023,9,4,11,0,23.400000000000002,0,0,1,16,63.2,103.57000000000001,3.2,4.1000000000000005,151
2023,9,4,12,0,23.400000000000002,0,0,8,17,67.21000000000001,91.72,3.2,4.3,151
2023,9,4,13,0,25.5,128,117,8,18,63.29,79.47,3.1,5,160
2023,9,4,14,0,29.200000000000003,330,330,1,17.8,50.370000000000005,67.29,3.2,6,182
2023,9,4,15,0,32.5,530,530,0,16.7,38.83,55.36,3.2,6.2,193
2023,9,4,16,0,35,701,701,0,15.9,32.12,44.18,3.2,6.300000000000001,198
2023,9,4,17,0,36.9,823,823,0,15.5,28.16,34.730000000000004,3.3000000000000003,6.300000000000001,199
2023,9,4,18,0,38.2,882,882,0,15.3,25.88,28.900000000000002,3.3000000000000003,6.300000000000001,196
2023,9,4,19,0,39.1,882,882,0,15.200000000000001,24.55,29.05,3.4000000000000004,6.300000000000001,193
2023,9,4,20,0,39.400000000000006,816,816,0,15.200000000000001,24.21,35.09,3.5,6.2,189
2023,9,4,21,0,39.2,694,694,0,15.4,24.69,44.65,3.6,6.1000000000000005,185
2023,9,4,22,0,38.6,522,522,0,15.5,25.68,55.88,3.7,6,182
2023,9,4,23,0,37.4,321,321,0,15.8,27.87,67.85,3.7,5.7,176
2023,9,5,0,0,35.2,119,119,0,16.2,32.33,80.04,3.8000000000000003,5.1000000000000005,168
2023,9,5,1,0,33.4,0,0,0,16.400000000000002,36.160000000000004,92.31,3.8000000000000003,5.5,161
2023,9,5,2,0,32.300000000000004,0,0,0,16.400000000000002,38.44,104.16,3.7,5.9,161
2023,9,5,3,0,31.400000000000002,0,0,0,16.2,39.99,115.32000000000001,3.7,6,163
2023,9,5,4,0,30.5,0,0,0,16,41.69,125.22,3.7,6,166
2023,9,5,5,0,29.6,0,0,0,16,43.95,132.98,3.7,5.6000000000000005,168
2023,9,5,6,0,28.8,0,0,0,16.3,46.92,137.35,3.7,5.4,170
2023,9,5,7,0,28.1,0,0,3,17,50.99,137.26,3.7,5.300000000000001,170
2023,9,5,8,0,27.5,0,0,3,18,56.2,132.73,3.8000000000000003,5.4,173
2023,9,5,9,0,27.1,0,0,7,19.1,61.45,124.87,3.9000000000000004,5,177
2023,9,5,10,0,26.8,0,0,7,20,66.32000000000001,114.92,4,4.6000000000000005,183
2023,9,5,11,0,26.400000000000002,0,0,5,20.900000000000002,71.59,103.73,4,4.2,189
2023,9,5,12,0,26.1,0,0,3,21.700000000000003,76.60000000000001,91.87,4.2,4,198
2023,9,5,13,0,26.8,120,87,3,22.400000000000002,76.82000000000001,79.61,4.5,4.1000000000000005,215
2023,9,5,14,0,28.3,318,164,5,22.8,71.99,67.44,4.6000000000000005,4.6000000000000005,243
2023,9,5,15,0,28.8,520,434,3,22.900000000000002,70.43,55.52,4.5,3.6,251
2023,9,5,16,0,29.3,693,385,3,22.1,65.4,44.38,4.1000000000000005,2.9000000000000004,213
2023,9,5,17,0,30.700000000000003,817,817,0,21,56.35,35,3.9000000000000004,3.7,178
2023,9,5,18,0,33.800000000000004,885,885,0,19.700000000000003,43.46,29.25,3.7,4.6000000000000005,179
2023,9,5,19,0,36.7,887,887,0,18.3,34.06,29.43,3.5,4.9,189
2023,9,5,20,0,38.300000000000004,822,822,0,17.400000000000002,29.52,35.44,3.5,4.800000000000001,197
2023,9,5,21,0,38.6,695,695,0,17.400000000000002,28.93,44.97,3.6,4.4,200
2023,9,5,22,0,38.1,521,521,0,17.8,30.62,56.18,3.8000000000000003,3.8000000000000003,201
2023,9,5,23,0,36.7,317,317,0,19.6,36.84,68.13,4,2.3000000000000003,200
2023,9,6,0,0,33.2,114,75,6,22.5,53.660000000000004,80.32000000000001,4.2,1,196
2023,9,6,1,0,31.5,0,0,7,21.8,56.34,92.60000000000001,4.3,1,199
2023,9,6,2,0,31,0,0,8,21.1,55.63,104.46000000000001,4.4,0.9,233
2023,9,6,3,0,29.5,0,0,7,20.900000000000002,59.96,115.64,4.3,1,342
2023,9,6,4,0,28.3,0,0,0,19.700000000000003,59.79,125.56,4.1000000000000005,1.3,12
2023,9,6,5,0,27.3,0,0,0,18.7,59.27,133.35,3.9000000000000004,1.8,23
2023,9,6,6,0,26.1,0,0,0,17.7,59.75,137.73,3.7,2.4000000000000004,29
2023,9,6,7,0,25.3,0,0,0,16.8,59.43,137.61,3.6,3,33
2023,9,6,8,0,24.5,0,0,0,16.3,60.21,133.03,3.5,3.5,35
2023,9,6,9,0,23.8,0,0,0,15.8,60.92,125.12,3.4000000000000004,3.8000000000000003,38
2023,9,6,10,0,23.200000000000003,0,0,0,15.100000000000001,60.26,115.11,3.3000000000000003,4,43
2023,9,6,11,0,22.3,0,0,0,14.5,61.39,103.9,3.1,3.7,42
2023,9,6,12,0,21.8,0,0,0,14.100000000000001,61.550000000000004,92.02,2.9000000000000004,3.8000000000000003,39
2023,9,6,13,0,22.900000000000002,128,128,0,13.3,54.660000000000004,79.75,2.7,4.800000000000001,43
2023,9,6,14,0,24.900000000000002,336,336,0,12.9,47.31,67.58,2.6,4.6000000000000005,45
2023,9,6,15,0,27.3,537,537,0,12.8,40.64,55.69,2.5,4.1000000000000005,46
2023,9,6,16,0,29.700000000000003,709,709,0,12.600000000000001,34.99,44.59,2.5,3.5,47
2023,9,6,17,0,31.8,831,831,0,12.5,30.75,35.27,2.6,2.9000000000000004,45
2023,9,6,18,0,33.6,892,892,0,12.3,27.41,29.59,2.6,2.4000000000000004,40
2023,9,6,19,0,34.9,890,890,0,12,25.080000000000002,29.810000000000002,2.6,2.2,35
2023,9,6,20,0,35.7,824,824,0,11.8,23.650000000000002,35.800000000000004,2.6,2.1,31
2023,9,6,21,0,35.800000000000004,697,697,0,11.5,23.09,45.29,2.6,2.1,30
2023,9,6,22,0,35.300000000000004,525,525,0,11.3,23.37,56.47,2.5,2.1,34
2023,9,6,23,0,33.9,320,320,0,11.9,26.36,68.41,2.4000000000000004,1.8,39
2023,9,7,0,0,29.900000000000002,115,115,0,15.100000000000001,40.65,80.60000000000001,2.3000000000000003,1.1,39
2023,9,7,1,0,27.400000000000002,0,0,0,13.5,42.28,92.88,2.2,1.3,43
2023,9,7,2,0,26.3,0,0,0,12.3,41.89,104.76,2.3000000000000003,1.5,50
2023,9,7,3,0,25.400000000000002,0,0,0,11.5,41.84,115.96000000000001,2.3000000000000003,1.7000000000000002,60
2023,9,7,4,0,24.6,0,0,0,11.100000000000001,42.660000000000004,125.91,2.4000000000000004,1.8,70
2023,9,7,5,0,23.900000000000002,0,0,0,11,44.17,133.72,2.6,1.8,79
2023,9,7,6,0,23.200000000000003,0,0,0,11.100000000000001,46.35,138.11,2.7,1.8,85
2023,9,7,7,0,22.6,0,0,0,11.3,48.79,137.97,2.8000000000000003,1.7000000000000002,90
2023,9,7,8,0,22.200000000000003,0,0,0,11.600000000000001,51.050000000000004,133.33,2.9000000000000004,1.8,95
2023,9,7,9,0,21.8,0,0,0,11.9,53.29,125.36,2.9000000000000004,1.9000000000000001,97
2023,9,7,10,0,21.5,0,0,0,12.200000000000001,55.29,115.31,2.8000000000000003,2,97
2023,9,7,11,0,21.200000000000003,0,0,0,12.5,57.410000000000004,104.07000000000001,2.9000000000000004,2,96
2023,9,7,12,0,21.5,0,0,0,12.8,57.69,92.17,2.9000000000000004,2.5,92
2023,9,7,13,0,23.400000000000002,123,123,0,13.200000000000001,52.63,79.89,3,2.9000000000000004,87
2023,9,7,14,0,27.1,327,327,0,13.100000000000001,42.04,67.73,3.1,2.7,88
2023,9,7,15,0,31.5,527,527,0,12.100000000000001,30.53,55.86,3.2,2.8000000000000003,110
2023,9,7,16,0,35,696,696,0,14.600000000000001,29.560000000000002,44.800000000000004,3.3000000000000003,1.7000000000000002,176
2023,9,7,17,0,37.300000000000004,817,817,0,16.2,28.89,35.54,3.4000000000000004,1.8,218
2023,9,7,18,0,38.900000000000006,884,884,0,16.6,27.11,29.94,3.4000000000000004,1.9000000000000001,226
2023,9,7,19,0,40,881,881,0,16.5,25.37,30.19,3.5,1.9000000000000001,223
2023,9,7,20,0,40.6,814,814,0,16.1,24.02,36.160000000000004,3.5,1.9000000000000001,214
2023,9,7,21,0,40.7,687,687,0,15.700000000000001,23.31,45.62,3.4000000000000004,2.1,200
2023,9,7,22,0,40.1,516,516,0,15.4,23.490000000000002,56.77,3.3000000000000003,2.4000000000000004,189
2023,9,7,23,0,38.7,313,313,0,16.400000000000002,27,68.7,3.2,2,181
2023,9,8,0,0,34.300000000000004,109,109,0,19.1,40.74,80.88,3.2,1.1,170
2023,9,8,1,0,32,0,0,0,17.5,42.160000000000004,93.17,3.1,1.4000000000000001,165
2023,9,8,2,0,31.200000000000003,0,0,7,16.900000000000002,42.38,105.06,3.2,1.6,165
2023,9,8,3,0,30.5,0,0,7,16.5,43.1,116.28,3.2,1.9000000000000001,167
2023,9,8,4,0,29.900000000000002,0,0,7,16.400000000000002,44.33,126.26,3.3000000000000003,2.2,170
2023,9,8,5,0,29.3,0,0,0,16.5,46.1,134.1,3.5,2.4000000000000004,175
2023,9,8,6,0,28.700000000000003,0,0,0,16.7,48.13,138.49,3.5,2.5,180
2023,9,8,7,0,28,0,0,0,16.7,50.27,138.32,3.6,2.5,187
2023,9,8,8,0,27.5,0,0,0,16.6,51.36,133.63,3.6,2.4000000000000004,193
2023,9,8,9,0,26.6,0,0,0,16.400000000000002,53.43,125.60000000000001,3.6,2,201
2023,9,8,10,0,25.700000000000003,0,0,0,16.3,56.22,115.51,3.6,1.4000000000000001,209
2023,9,8,11,0,25,0,0,0,16.400000000000002,58.870000000000005,104.24000000000001,3.6,1,215
2023,9,8,12,0,25,0,0,0,16.8,60.31,92.32000000000001,3.6,0.9,220
2023,9,8,13,0,27.400000000000002,121,121,1,16.5,51.31,80.03,3.6,1.6,221
2023,9,8,14,0,30.6,324,254,3,16.5,42.59,67.88,3.6,1.8,227
2023,9,8,15,0,33.7,524,524,0,16.6,36.12,56.03,3.6,2.1,228
2023,9,8,16,0,36.6,692,692,0,16.6,30.810000000000002,45.01,3.6,2.6,235
2023,9,8,17,0,39,810,810,0,16.3,26.53,35.81,3.7,2.9000000000000004,244
2023,9,8,18,0,40.6,874,874,0,16,23.81,30.29,3.7,2.7,254
2023,9,8,19,0,41.400000000000006,872,872,0,15.600000000000001,22.240000000000002,30.580000000000002,3.7,2.3000000000000003,266
2023,9,8,20,0,41.6,805,805,0,15.200000000000001,21.46,36.52,3.7,2.1,285
2023,9,8,21,0,41.1,675,675,0,15,21.830000000000002,45.94,3.7,2.1,318
2023,9,8,22,0,39.900000000000006,502,502,0,15.3,23.7,57.08,3.7,2.6,359
2023,9,8,23,0,37.800000000000004,301,301,0,16.1,27.96,68.99,3.7,3.5,29
2023,9,9,0,0,34.5,101,101,0,17.5,36.6,81.16,3.7,4.2,45
2023,9,9,1,0,31.6,0,0,0,18.7,46.49,93.46000000000001,3.7,5,51
2023,9,9,2,0,29.6,0,0,3,19.700000000000003,55.21,105.37,3.7,5.6000000000000005,59
2023,9,9,3,0,28.400000000000002,0,0,3,19.700000000000003,59.22,116.60000000000001,3.7,5.2,66
2023,9,9,4,0,27.700000000000003,0,0,3,19,59.120000000000005,126.61,3.5,4.5,70
2023,9,9,5,0,26.8,0,0,0,18.2,59.300000000000004,134.47,3.4000000000000004,3.9000000000000004,72
2023,9,9,6,0,26,0,0,0,17.400000000000002,59.26,138.88,3.2,3.4000000000000004,74
2023,9,9,7,0,25.200000000000003,0,0,0,16.7,59.38,138.68,3.1,3.2,76
2023,9,9,8,0,24.400000000000002,0,0,0,16.2,60.19,133.93,2.9000000000000004,3,78
2023,9,9,9,0,23.6,0,0,0,15.9,62.08,125.84,2.8000000000000003,2.7,79
2023,9,9,10,0,23,0,0,0,15.9,64.19,115.71000000000001,2.7,2.4000000000000004,81
2023,9,9,11,0,22.400000000000002,0,0,0,16,66.98,104.4,2.7,2.1,82
2023,9,9,12,0,22.200000000000003,0,0,0,16.1,68.19,92.47,2.6,2.2,82
2023,9,9,13,0,23.900000000000002,123,123,0,16.900000000000002,65.09,80.18,2.6,2.6,101
2023,9,9,14,0,27,329,329,0,18.2,58.58,68.03,2.6,2.6,123
2023,9,9,15,0,30.200000000000003,532,532,0,18.400000000000002,49.4,56.2,2.6,2.5,117
2023,9,9,16,0,32.300000000000004,702,702,0,17.6,41.6,45.22,2.7,2.5,95
2023,9,9,17,0,33.800000000000004,824,824,0,16.400000000000002,35.37,36.09,2.7,2.7,81
2023,9,9,18,0,35,882,882,0,15,30.27,30.650000000000002,2.7,2.9000000000000004,73
2023,9,9,19,0,35.800000000000004,879,879,0,13.5,26.27,30.96,2.7,3.1,67
2023,9,9,20,0,36,811,811,0,12.100000000000001,23.7,36.89,2.7,3.4000000000000004,64
2023,9,9,21,0,35.800000000000004,687,687,0,10.600000000000001,21.69,46.27,2.5,3.6,62
2023,9,9,22,0,35,513,513,0,9,20.43,57.38,2.4000000000000004,3.7,63
2023,9,9,23,0,33.4,309,309,0,8,20.84,69.28,2.2,3.4000000000000004,65
2023,9,10,0,0,29.5,104,104,0,9.5,28.78,81.44,2.1,1.9000000000000001,70
2023,9,10,1,0,26.900000000000002,0,0,0,8.8,32.07,93.75,2,2.1,79
2023,9,10,2,0,25.900000000000002,0,0,0,8.4,32.92,105.67,1.9000000000000001,2.3000000000000003,88
2023,9,10,3,0,24.700000000000003,0,0,0,8.5,35.64,116.93,1.9000000000000001,2.3000000000000003,96
2023,9,10,4,0,23.8,0,0,0,8.9,38.730000000000004,126.96000000000001,2,2.2,99
2023,9,10,5,0,23.1,0,0,3,9.4,41.86,134.85,2,2,100
2023,9,10,6,0,22.3,0,0,3,9.9,45.44,139.26,2,1.9000000000000001,100
2023,9,10,7,0,21.5,0,0,0,10.3,48.870000000000005,139.03,2,1.8,100
2023,9,10,8,0,20.8,0,0,0,10.5,51.81,134.23,2,1.8,103
2023,9,10,9,0,20.200000000000003,0,0,7,10.700000000000001,54.53,126.08,2,1.7000000000000002,107
2023,9,10,10,0,19.5,0,0,7,11,57.75,115.9,2,1.5,112
2023,9,10,11,0,18.900000000000002,0,0,7,11.100000000000001,60.57,104.57000000000001,2,1.3,119
2023,9,10,12,0,19.1,0,0,7,11.4,61.050000000000004,92.62,2,1.4000000000000001,129
2023,9,10,13,0,21.8,125,100,8,11.8,52.84,80.32000000000001,2,2.5,141
2023,9,10,14,0,25.200000000000003,334,221,7,11.700000000000001,42.97,68.18,2.1,2.6,159
2023,9,10,15,0,29.1,537,425,8,9.9,30.35,56.370000000000005,2.2,2.3000000000000003,165
2023,9,10,16,0,31.5,707,516,7,8.5,24.060000000000002,45.44,2.3000000000000003,2.3000000000000003,145
2023,9,10,17,0,33.2,828,828,0,7.7,20.6,36.37,2.4000000000000004,2.7,138
2023,9,10,18,0,34.5,886,738,8,7.2,18.57,31,2.5,3,138
2023,9,10,19,0,35.4,879,633,7,7,17.46,31.35,2.6,3.1,141
2023,9,10,20,0,35.7,808,514,7,7,17.150000000000002,37.25,2.7,2.9000000000000004,146
2023,9,10,21,0,35.5,678,542,3,7.1000000000000005,17.41,46.61,2.7,2.7,151
2023,9,10,22,0,34.800000000000004,504,504,0,7.2,18.29,57.69,2.7,2.6,152
2023,9,10,23,0,33.300000000000004,301,301,0,8.5,21.7,69.57000000000001,2.6,2.2,151
2023,9,11,0,0,29,98,83,8,11.600000000000001,34.05,81.73,2.5,1.3,148
2023,9,11,1,0,26.700000000000003,0,0,0,10.600000000000001,36.6,94.04,2.5,1.5,150
2023,9,11,2,0,25.700000000000003,0,0,7,10.3,37.89,105.98,2.5,1.6,153
2023,9,11,3,0,24.8,0,0,7,10.100000000000001,39.59,117.25,2.5,1.8,154
2023,9,11,4,0,24,0,0,7,10.200000000000001,41.69,127.32000000000001,2.6,2,154
2023,9,11,5,0,23.3,0,0,6,10.4,44.160000000000004,135.23,2.7,2,154
2023,9,11,6,0,22.6,0,0,6,10.700000000000001,46.82,139.65,2.8000000000000003,1.9000000000000001,155
2023,9,11,7,0,21.700000000000003,0,0,6,11.200000000000001,51.25,139.39000000000001,2.8000000000000003,1.7000000000000002,155
2023,9,11,8,0,20.700000000000003,0,0,9,12.3,58.68,134.53,2.9000000000000004,1.5,157
2023,9,11,9,0,20.200000000000003,0,0,6,13.3,64.66,126.32000000000001,3,1.3,158
2023,9,11,10,0,20,0,0,9,14.200000000000001,69.22,116.10000000000001,3.1,1.2000000000000002,155
2023,9,11,11,0,19.6,0,0,6,14.700000000000001,73.12,104.74000000000001,3.3000000000000003,1.3,150
2023,9,11,12,0,19.6,0,0,6,15.4,76.76,92.77,3.5,1.2000000000000002,146
2023,9,11,13,0,20.400000000000002,108,53,4,15.600000000000001,73.78,80.46000000000001,3.8000000000000003,1.7000000000000002,139
2023,9,11,14,0,21.8,298,88,4,16.1,69.98,68.34,4.1000000000000005,1.4000000000000001,149
2023,9,11,15,0,23.1,492,105,7,16,64.28,56.550000000000004,4.4,1.8,177
2023,9,11,16,0,23.200000000000003,653,410,7,16.2,64.84,45.65,4.6000000000000005,1.8,189
2023,9,11,17,0,23,762,652,7,16.5,66.95,36.660000000000004,4.7,1.4000000000000001,184
2023,9,11,18,0,22.8,813,66,4,16.900000000000002,69.31,31.36,4.7,1.4000000000000001,139
2023,9,11,19,0,23.400000000000002,806,320,4,17.1,67.82000000000001,31.740000000000002,4.6000000000000005,1.9000000000000001,124
2023,9,11,20,0,24.900000000000002,743,430,7,17.400000000000002,62.910000000000004,37.62,4.4,2.1,127
2023,9,11,21,0,25.900000000000002,622,29,6,17.400000000000002,59.52,46.94,4.4,2,140
2023,9,11,22,0,25.8,456,29,6,17.5,60.17,57.99,4.4,1.7000000000000002,141
2023,9,11,23,0,25,264,34,6,18.3,66.22,69.86,4.5,1.3,120
2023,9,12,0,0,23.200000000000003,78,21,4,19.200000000000003,78.46000000000001,82.01,4.6000000000000005,1.3,89
2023,9,12,1,0,21.6,0,0,3,18.8,84.24,94.34,4.7,2.2,61
2023,9,12,2,0,20.200000000000003,0,0,3,18.900000000000002,91.98,106.28,4.9,3.1,42
2023,9,12,3,0,19.400000000000002,0,0,4,18.6,95.2,117.58,4.9,3.3000000000000003,31
2023,9,12,4,0,19.1,0,0,3,18.5,96.32000000000001,127.67,4.7,3.4000000000000004,40
2023,9,12,5,0,19,0,0,3,18.5,96.8,135.61,4.6000000000000005,3.2,48
2023,9,12,6,0,19,0,0,4,18.5,96.96000000000001,140.04,4.3,2.9000000000000004,48
2023,9,12,7,0,18.900000000000002,0,0,3,18.400000000000002,97.17,139.75,4.1000000000000005,2.6,48
2023,9,12,8,0,18.8,0,0,3,18.3,96.93,134.83,3.9000000000000004,2.3000000000000003,51
2023,9,12,9,0,18.7,0,0,3,18.2,97.03,126.56,3.8000000000000003,2.2,48
2023,9,12,10,0,18.6,0,0,3,18.1,97.21000000000001,116.3,3.7,2.2,39
2023,9,12,11,0,18.400000000000002,0,0,3,18,97.67,104.9,3.6,2.5,32
2023,9,12,12,0,18.3,0,0,3,17.900000000000002,97.41,92.92,3.4000000000000004,2.8000000000000003,30
2023,9,12,13,0,19.200000000000003,107,27,3,17.7,90.98,80.61,3.3000000000000003,3.7,37
2023,9,12,14,0,20.8,307,69,8,17.1,79.51,68.49,3.2,4.1000000000000005,42
2023,9,12,15,0,22.5,507,123,7,16.6,69.41,56.730000000000004,3.2,4,45
2023,9,12,16,0,23.900000000000002,677,209,3,16.3,62.58,45.87,3.1,3.8000000000000003,48
2023,9,12,17,0,25,799,467,8,16.2,58.13,36.94,3.1,3.5,46
2023,9,12,18,0,26,862,391,7,16.1,54.6,31.720000000000002,3.1,3.3000000000000003,41
2023,9,12,19,0,26.5,859,324,3,16,52.58,32.13,3.1,3.2,39
2023,9,12,20,0,26.5,791,404,3,15.8,51.75,37.99,3.1,3.2,36
2023,9,12,21,0,26.1,665,302,8,15.5,52,47.27,3.1,3.2,36
2023,9,12,22,0,25.3,491,360,3,15.200000000000001,53.52,58.300000000000004,3.1,3,39
2023,9,12,23,0,24.6,288,288,1,15.200000000000001,55.71,70.15,3.1,2.6,40
2023,9,13,0,0,22.700000000000003,89,55,3,16.1,66.48,82.3,3.1,1.2000000000000002,39
2023,9,13,1,0,21,0,0,3,15.9,72.58,94.63,3.1,0.9,32
2023,9,13,2,0,20.400000000000002,0,0,3,15.600000000000001,74.12,106.59,3.1,0.9,31
2023,9,13,3,0,20,0,0,3,15.5,75.17,117.91,3.1,0.9,34
2023,9,13,4,0,19.6,0,0,0,15.3,76.31,128.03,3.1,0.9,38
2023,9,13,5,0,19,0,0,8,15.100000000000001,78.18,136,3.1,0.8,40
2023,9,13,6,0,18.5,0,0,3,14.9,79.66,140.43,3.2,0.8,41
2023,9,13,7,0,18.1,0,0,3,14.8,81.09,140.11,3.2,0.8,41
2023,9,13,8,0,17.8,0,0,3,14.700000000000001,82.19,135.12,3.2,0.8,42
2023,9,13,9,0,17.400000000000002,0,0,4,14.700000000000001,84.08,126.8,3.3000000000000003,0.8,42
2023,9,13,10,0,17.1,0,0,4,14.700000000000001,85.79,116.49000000000001,3.3000000000000003,0.8,43
2023,9,13,11,0,16.8,0,0,4,14.700000000000001,87.66,105.07000000000001,3.3000000000000003,0.9,46
2023,9,13,12,0,17,0,0,7,14.9,87.43,93.07000000000001,3.3000000000000003,1.2000000000000002,53
2023,9,13,13,0,19,110,83,7,15.200000000000001,78.43,80.76,3.3000000000000003,2,64
2023,9,13,14,0,22.200000000000003,310,262,3,15.3,64.78,68.65,3.4000000000000004,2.1,94
2023,9,13,15,0,24.200000000000003,507,404,3,15.5,58.45,56.910000000000004,3.4000000000000004,2.2,104
2023,9,13,16,0,25.5,673,472,5,15.8,55.04,46.1,3.5,2.2,108
2023,9,13,17,0,26.700000000000003,792,609,3,16,51.88,37.230000000000004,3.6,2.1,111
2023,9,13,18,0,27.900000000000002,851,452,8,16,48.44,32.08,3.6,2,114
2023,9,13,19,0,28.6,845,688,3,15.9,46.28,32.52,3.7,2.1,116
2023,9,13,20,0,28.900000000000002,777,562,7,15.8,44.94,38.36,3.7,2.3000000000000003,118
2023,9,13,21,0,28.6,650,469,7,15.700000000000001,45.57,47.61,3.7,2.4000000000000004,119
2023,9,13,22,0,27.8,475,343,7,15.700000000000001,47.62,58.61,3.8000000000000003,2.4000000000000004,121
2023,9,13,23,0,26.400000000000002,273,89,6,16.3,53.67,70.45,4,2.2,124
2023,9,14,0,0,24.5,79,40,7,17.400000000000002,64.73,82.59,4.1000000000000005,1.5,128
2023,9,14,1,0,23.400000000000002,0,0,8,17.8,70.72,94.93,4.2,1.6,132
2023,9,14,2,0,22.700000000000003,0,0,8,18.2,75.73,106.9,4.3,1.9000000000000001,134
2023,9,14,3,0,22,0,0,8,18.6,81.23,118.24000000000001,4.4,1.9000000000000001,132
2023,9,14,4,0,21.5,0,0,4,18.900000000000002,85.05,128.38,4.4,1.7000000000000002,126
2023,9,14,5,0,21,0,0,8,19,88.4,136.38,4.5,1.7000000000000002,117
2023,9,14,6,0,20.6,0,0,7,19,90.76,140.82,4.5,1.7000000000000002,106
2023,9,14,7,0,20.200000000000003,0,0,8,19,92.91,140.46,4.6000000000000005,1.9000000000000001,97
2023,9,14,8,0,19.8,0,0,4,19,95.2,135.42000000000002,4.6000000000000005,1.9000000000000001,92
2023,9,14,9,0,19.5,0,0,4,19,96.93,127.04,4.6000000000000005,2,89
2023,9,14,10,0,19.5,0,0,4,19,96.98,116.69,4.5,2.1,89
2023,9,14,11,0,19.400000000000002,0,0,4,19,97.37,105.24000000000001,4.5,2.3000000000000003,90
2023,9,14,12,0,19.3,0,0,4,18.900000000000002,97.69,93.22,4.4,2.6,92
2023,9,14,13,0,19.5,98,18,5,18.8,96.02,80.9,4.3,3.3000000000000003,98
2023,9,14,14,0,20,294,30,7,18.400000000000002,90.44,68.8,4.3,3.9000000000000004,107
2023,9,14,15,0,20.6,493,103,7,17.400000000000002,81.78,57.09,4.3,4.1000000000000005,112
2023,9,14,16,0,21.200000000000003,665,143,8,16.2,73.15,46.32,4.2,3.9000000000000004,111
2023,9,14,17,0,22.3,787,233,7,15.4,64.91,37.52,4.1000000000000005,3.6,110
2023,9,14,18,0,23.6,847,381,7,14.9,58.27,32.44,4,3.4000000000000004,109
2023,9,14,19,0,24.700000000000003,843,370,7,14.700000000000001,53.63,32.92,4,3.3000000000000003,107
2023,9,14,20,0,25.6,776,196,8,14.5,50.14,38.730000000000004,3.9000000000000004,3.3000000000000003,106
2023,9,14,21,0,26.200000000000003,643,241,5,14.3,48.07,47.95,3.9000000000000004,3.2,103
2023,9,14,22,0,26.200000000000003,471,44,3,14.3,47.78,58.93,3.8000000000000003,3.1,101
2023,9,14,23,0,25.400000000000002,272,90,5,14.700000000000001,51.4,70.75,3.7,2.4000000000000004,98
2023,9,15,0,0,22.6,78,29,5,16.2,67.2,82.88,3.6,1.1,87
2023,9,15,1,0,21.1,0,0,3,15.3,69.65,95.23,3.6,1.1,81
2023,9,15,2,0,20.400000000000002,0,0,3,14.700000000000001,69.99,107.2,3.6,1.3,80
2023,9,15,3,0,19.8,0,0,3,14.200000000000001,70.18,118.56,3.6,1.4000000000000001,84
2023,9,15,4,0,19.200000000000003,0,0,3,13.700000000000001,70.7,128.74,3.5,1.4000000000000001,91
2023,9,15,5,0,18.7,0,0,3,13.4,71.43,136.76,3.5,1.4000000000000001,100
2023,9,15,6,0,18.400000000000002,0,0,3,13.3,72.35000000000001,141.22,3.5,1.4000000000000001,113
2023,9,15,7,0,18.2,0,0,3,13.600000000000001,74.57000000000001,140.82,3.6,1.3,126
2023,9,15,8,0,18,0,0,3,14,77.48,135.72,3.6,1.2000000000000002,133
2023,9,15,9,0,17.900000000000002,0,0,3,14.5,80.43,127.28,3.6,1.1,136
2023,9,15,10,0,17.5,0,0,3,14.9,84.88,116.88,3.7,1.1,135
2023,9,15,11,0,17.2,0,0,3,15.3,88.83,105.4,3.7,1,135
2023,9,15,12,0,17.5,0,0,3,15.8,89.56,93.37,3.7,1.1,135
2023,9,15,13,0,19.700000000000003,101,101,1,16.2,80.14,81.05,3.7,2.2,136
2023,9,15,14,0,22.6,298,88,7,16.6,68.86,68.96000000000001,3.7,2.6,146
2023,9,15,15,0,24.8,495,160,7,16.3,59.21,57.27,3.8000000000000003,2.8000000000000003,146
2023,9,15,16,0,26.200000000000003,660,211,7,16,53.44,46.550000000000004,3.9000000000000004,2.9000000000000004,144
2023,9,15,17,0,27.400000000000002,778,460,7,15.9,49.43,37.81,3.9000000000000004,2.8000000000000003,144
2023,9,15,18,0,28.1,832,338,7,15.9,47.57,32.81,4,2.5,146
2023,9,15,19,0,28.200000000000003,824,275,4,16,47.59,33.31,4.1000000000000005,2.1,150
2023,9,15,20,0,28,755,345,5,16.2,48.65,39.11,4.1000000000000005,1.6,157
2023,9,15,21,0,27.8,630,251,5,16.3,49.45,48.29,4.1000000000000005,1.2000000000000002,157
2023,9,15,22,0,27.400000000000002,459,284,3,16.2,50.38,59.24,4,0.8,141
2023,9,15,23,0,26.6,260,106,3,16.400000000000002,53.42,71.05,3.9000000000000004,0.6000000000000001,119
2023,9,16,0,0,25.200000000000003,71,42,3,17.8,63.410000000000004,83.17,3.8000000000000003,0.4,77
2023,9,16,1,0,23.8,0,0,3,17,65.88,95.52,3.8000000000000003,0.7000000000000001,33
2023,9,16,2,0,22.6,0,0,3,16.7,69.12,107.51,3.7,0.8,24
2023,9,16,3,0,21.900000000000002,0,0,3,16.1,69.76,118.89,3.5,0.9,28
2023,9,16,4,0,21.3,0,0,0,15.600000000000001,69.92,129.09,3.4000000000000004,1,36
2023,9,16,5,0,20.700000000000003,0,0,0,15.100000000000001,70.17,137.15,3.3000000000000003,1,46
2023,9,16,6,0,20.1,0,0,0,14.600000000000001,70.63,141.61,3.2,0.9,58
2023,9,16,7,0,19.6,0,0,3,14.200000000000001,70.88,141.18,3.1,0.8,68
2023,9,16,8,0,19.200000000000003,0,0,3,13.8,70.99,136.02,3.1,0.8,66
2023,9,16,9,0,18.8,0,0,4,13.700000000000001,72.05,127.52,3.1,0.7000000000000001,59
2023,9,16,10,0,18.400000000000002,0,0,3,13.8,74.56,117.07000000000001,3.2,0.7000000000000001,48
2023,9,16,11,0,18,0,0,3,14,77.45,105.57000000000001,3.2,0.8,40
2023,9,16,12,0,17.900000000000002,0,0,3,14.3,79.34,93.53,3.3000000000000003,0.9,36
2023,9,16,13,0,19.200000000000003,101,101,0,14.5,74.13,81.2,3.3000000000000003,1.8,28
2023,9,16,14,0,21.3,299,159,3,13.600000000000001,61.58,69.12,3.4000000000000004,1.7000000000000002,28
2023,9,16,15,0,22.900000000000002,493,493,0,12.600000000000001,52.120000000000005,57.45,3.4000000000000004,1.7000000000000002,22
2023,9,16,16,0,24,659,659,0,12,46.910000000000004,46.78,3.4000000000000004,1.6,9
2023,9,16,17,0,24.900000000000002,779,779,1,11.700000000000001,43.800000000000004,38.11,3.4000000000000004,1.7000000000000002,359
2023,9,16,18,0,25.900000000000002,840,840,0,12.3,42.83,33.17,3.5,1.7000000000000002,344
2023,9,16,19,0,26.700000000000003,835,835,0,13.100000000000001,43.01,33.71,3.4000000000000004,1.7000000000000002,338
2023,9,16,20,0,27.5,765,765,1,13.8,43.06,39.480000000000004,3.4000000000000004,1.9000000000000001,341
2023,9,16,21,0,27.700000000000003,638,421,3,14.4,44.08,48.63,3.3000000000000003,2.1,342
2023,9,16,22,0,27.200000000000003,466,195,3,14.600000000000001,46.14,59.56,3.1,2.2,347
2023,9,16,23,0,26.3,266,266,1,15,49.82,71.35000000000001,2.9000000000000004,2,353
2023,9,17,0,0,23.5,72,72,1,16.5,64.91,83.46000000000001,2.7,0.9,360
2023,9,17,1,0,21.8,0,0,0,15.700000000000001,68.5,95.82000000000001,2.5,1,5
2023,9,17,2,0,21,0,0,0,15.5,70.79,107.82000000000001,2.4000000000000004,1,9
2023,9,17,3,0,20.3,0,0,0,15.3,73.2,119.22,2.3000000000000003,1,11
2023,9,17,4,0,19.700000000000003,0,0,0,15.3,75.67,129.45,2.2,1,14
2023,9,17,5,0,19.200000000000003,0,0,0,15.200000000000001,77.61,137.54,2.1,1,15
2023,9,17,6,0,18.900000000000002,0,0,0,15.100000000000001,78.5,142,2.1,0.9,15
2023,9,17,7,0,18.7,0,0,0,15,78.9,141.54,2,0.8,10
2023,9,17,8,0,18.1,0,0,0,14.8,81.29,136.31,1.9000000000000001,0.8,359
2023,9,17,9,0,17.5,0,0,0,14.8,84.14,127.76,1.8,0.9,345
2023,9,17,10,0,16.8,0,0,0,14.8,87.96000000000001,117.27,1.7000000000000002,0.9,331
2023,9,17,11,0,16,0,0,0,14.8,92.79,105.73,1.7000000000000002,0.9,321
2023,9,17,12,0,15.700000000000001,0,0,0,15,95.31,93.68,1.7000000000000002,0.9,317
2023,9,17,13,0,18.400000000000002,110,110,0,15.200000000000001,81.8,81.35000000000001,1.8,1.8,319
2023,9,17,14,0,21.700000000000003,319,319,0,15.3,66.86,69.28,1.8,1.6,322
2023,9,17,15,0,25.3,525,525,0,14.200000000000001,50.33,57.64,1.8,1.9000000000000001,330
2023,9,17,16,0,27.700000000000003,696,696,0,13.100000000000001,40.64,47.01,1.9000000000000001,1.7000000000000002,335
2023,9,17,17,0,29.5,818,818,0,12,34.08,38.410000000000004,1.9000000000000001,1.6,333
2023,9,17,18,0,30.900000000000002,879,879,0,11.3,29.94,33.54,1.9000000000000001,1.6,328
2023,9,17,19,0,31.6,873,873,0,11,28.18,34.1,1.9000000000000001,1.7000000000000002,324
2023,9,17,20,0,31.900000000000002,800,800,0,10.8,27.39,39.86,1.9000000000000001,1.8,323
2023,9,17,21,0,31.8,667,667,0,10.600000000000001,27.19,48.980000000000004,1.9000000000000001,1.8,326
2023,9,17,22,0,31,487,487,0,10.5,28.240000000000002,59.870000000000005,1.9000000000000001,1.6,330
2023,9,17,23,0,29.700000000000003,279,279,0,11.9,33.39,71.65,1.8,1,335
2023,9,18,0,0,27.400000000000002,74,74,0,13.5,42.36,83.75,1.8,0.6000000000000001,340
2023,9,18,1,0,27.200000000000003,0,0,0,11.600000000000001,37.86,96.12,1.7000000000000002,0.2,338
2023,9,18,2,0,26.3,0,0,0,11.3,39.04,108.13,1.7000000000000002,0.5,191
2023,9,18,3,0,24.5,0,0,0,11,42.63,119.55,1.7000000000000002,1,197
2023,9,18,4,0,22.700000000000003,0,0,0,11,47.47,129.81,1.7000000000000002,1.2000000000000002,206
2023,9,18,5,0,21.1,0,0,0,11,52.58,137.92000000000002,1.6,1.2000000000000002,215
2023,9,18,6,0,20,0,0,0,10.8,55.29,142.4,1.6,1.3,222
2023,9,18,7,0,19.200000000000003,0,0,0,10.5,57,141.9,1.6,1.4000000000000001,227
2023,9,18,8,0,18.5,0,0,0,10.200000000000001,58.61,136.61,1.6,1.4000000000000001,230
2023,9,18,9,0,18,0,0,0,10.100000000000001,60.01,127.99000000000001,1.6,1.5,232
2023,9,18,10,0,17.5,0,0,0,10.100000000000001,61.870000000000005,117.46000000000001,1.6,1.6,234
2023,9,18,11,0,17.1,0,0,0,10.200000000000001,63.72,105.9,1.6,1.6,233
2023,9,18,12,0,17.1,0,0,0,10.5,65.17,93.83,1.6,1.6,231
2023,9,18,13,0,20.400000000000002,110,110,0,11.100000000000001,55.04,81.5,1.6,2.9000000000000004,230
2023,9,18,14,0,23.3,321,321,0,12,48.88,69.44,1.7000000000000002,3.1,223
2023,9,18,15,0,28,527,527,0,12.600000000000001,38.52,57.83,1.7000000000000002,3.6,214
2023,9,18,16,0,30.8,698,698,0,12.3,32.12,47.24,1.8,3.7,206
2023,9,18,17,0,32.1,817,817,0,12.100000000000001,29.48,38.71,1.9000000000000001,3.7,202
2023,9,18,18,0,33,878,878,0,12.100000000000001,28.04,33.910000000000004,1.9000000000000001,3.8000000000000003,200
2023,9,18,19,0,33.6,869,869,0,12.100000000000001,27.2,34.5,2,3.8000000000000003,200
2023,9,18,20,0,33.7,794,794,0,12.3,27.240000000000002,40.24,2.1,3.8000000000000003,200
2023,9,18,21,0,33.4,663,663,0,12.200000000000001,27.69,49.32,2.1,3.7,199
2023,9,18,22,0,32.6,482,482,0,12.200000000000001,28.87,60.19,2.2,3.5,196
2023,9,18,23,0,30.5,272,272,0,14,36.58,71.95,2.3000000000000003,2.4000000000000004,192
2023,9,19,0,0,26.900000000000002,69,69,0,14.600000000000001,46.730000000000004,84.04,2.4000000000000004,1.7000000000000002,183
2023,9,19,1,0,25.8,0,0,0,13.8,47.57,96.42,2.5,2.1,176
2023,9,19,2,0,25.700000000000003,0,0,7,13.600000000000001,47.1,108.44,2.6,3,173
2023,9,19,3,0,25.400000000000002,0,0,7,13.5,47.68,119.88,2.7,3.8000000000000003,173
2023,9,19,4,0,24.6,0,0,3,13.4,49.67,130.17000000000002,2.8000000000000003,4.3,175
2023,9,19,5,0,23.8,0,0,7,13.200000000000001,51.4,138.31,2.8000000000000003,4.6000000000000005,178
2023,9,19,6,0,23.200000000000003,0,0,7,12.9,52.28,142.8,2.9000000000000004,4.800000000000001,179
2023,9,19,7,0,22.5,0,0,7,12.700000000000001,54.06,142.27,3,4.800000000000001,180
2023,9,19,8,0,21.3,0,0,7,13,59.32,136.91,3.1,4.7,180
2023,9,19,9,0,20.5,0,0,9,13.3,63.49,128.23,3.3000000000000003,4.4,179
2023,9,19,10,0,20.1,0,0,9,13.600000000000001,66.37,117.65,3.5,4.2,181
2023,9,19,11,0,20.1,0,0,9,13.8,66.92,106.06,3.6,4.1000000000000005,182
2023,9,19,12,0,20.200000000000003,0,0,6,14,67.59,93.98,3.7,4.2,180
2023,9,19,13,0,21.6,95,32,6,14.4,63.68,81.65,3.8000000000000003,4.800000000000001,179
2023,9,19,14,0,24.400000000000002,292,75,6,15.3,56.910000000000004,69.61,3.9000000000000004,4.9,177
2023,9,19,15,0,27.700000000000003,485,254,7,16.400000000000002,50.14,58.02,4.1000000000000005,5.7,188
2023,9,19,16,0,29.400000000000002,644,534,3,17.7,49.34,47.480000000000004,4.3,6.1000000000000005,201
2023,9,19,17,0,30.1,763,598,3,18.5,50.01,39.01,4.1000000000000005,6.1000000000000005,196
2023,9,19,18,0,31.200000000000003,828,318,8,18.8,47.82,34.28,3.9000000000000004,6.300000000000001,188
2023,9,19,19,0,32.2,821,821,1,18.900000000000002,45.28,34.9,4,6.300000000000001,189
2023,9,19,20,0,32.300000000000004,743,743,0,18.8,44.89,40.62,4.2,5.800000000000001,193
2023,9,19,21,0,32.1,617,617,0,18.7,45.160000000000004,49.67,4.1000000000000005,5.4,191
2023,9,19,22,0,31.700000000000003,444,444,1,18.8,46.33,60.51,3.9000000000000004,5,187
2023,9,19,23,0,30.3,245,245,1,19.5,52.36,72.25,3.8000000000000003,3.9000000000000004,183
2023,9,20,0,0,27.6,57,45,7,19.900000000000002,63.050000000000004,84.33,3.8000000000000003,3.2,173
2023,9,20,1,0,26.6,0,0,0,19.900000000000002,66.71000000000001,96.72,3.8000000000000003,4.2,170
2023,9,20,2,0,25.900000000000002,0,0,6,20,69.94,108.75,3.7,4.6000000000000005,170
2023,9,20,3,0,25,0,0,3,20,73.78,120.21000000000001,3.6,4.3,171
2023,9,20,4,0,24.1,0,0,0,19.900000000000002,77.58,130.52,3.6,3.6,171
2023,9,20,5,0,23.3,0,0,0,19.8,80.84,138.70000000000002,3.6,3.5,173
2023,9,20,6,0,22.8,0,0,0,19.700000000000003,82.73,143.19,3.5,3.7,178
2023,9,20,7,0,22.200000000000003,0,0,0,19.6,85.19,142.63,3.5,3.7,181
2023,9,20,8,0,21.6,0,0,0,19.5,87.81,137.20000000000002,3.5,3.6,184
2023,9,20,9,0,21,0,0,7,19.400000000000002,90.34,128.46,3.5,3.2,184
2023,9,20,10,0,20.6,0,0,7,19.200000000000003,91.53,117.84,3.5,2.8000000000000003,181
2023,9,20,11,0,20.200000000000003,0,0,8,19,92.79,106.23,3.5,2.3000000000000003,176
2023,9,20,12,0,20,0,0,3,18.8,92.99,94.14,3.5,2.2,166
2023,9,20,13,0,21.5,91,91,0,18.8,84.68,81.8,3.5,3,176
2023,9,20,14,0,23.8,289,289,0,19,74.42,69.77,3.4000000000000004,3.5,180
2023,9,20,15,0,26.3,489,489,0,19.200000000000003,64.96000000000001,58.21,3.4000000000000004,3.6,188
2023,9,20,16,0,28.6,657,657,0,19.200000000000003,56.68,47.72,3.4000000000000004,3.5,189
2023,9,20,17,0,30.400000000000002,775,775,0,19.1,50.96,39.31,3.4000000000000004,3.5,186
2023,9,20,18,0,31.6,831,831,0,19.200000000000003,47.81,34.65,3.5,3.6,182
2023,9,20,19,0,32.4,822,822,0,19.200000000000003,45.84,35.300000000000004,3.5,3.7,180
2023,9,20,20,0,32.7,749,615,3,19.200000000000003,44.99,40.99,3.5,3.7,184
2023,9,20,21,0,32.6,622,438,3,19,44.53,50.01,3.5,3.5,186
2023,9,20,22,0,32.1,448,448,0,18.7,44.94,60.83,3.3000000000000003,3.2,181
2023,9,20,23,0,30.700000000000003,246,246,0,19.400000000000002,50.93,72.56,3.2,2.3000000000000003,171
2023,9,21,0,0,27.6,56,56,0,20,63.42,84.62,3.2,1.3,155
2023,9,21,1,0,26.1,0,0,0,19.700000000000003,67.92,97.01,3.2,1.5,139
2023,9,21,2,0,25.400000000000002,0,0,0,20,71.93,109.06,3.2,2,133
2023,9,21,3,0,24.8,0,0,0,20.3,76.08,120.54,3.2,2.6,133
2023,9,21,4,0,24.1,0,0,0,20.5,80.33,130.88,3.2,2.9000000000000004,134
2023,9,21,5,0,23.5,0,0,0,20.6,83.55,139.08,3.2,2.8000000000000003,136
2023,9,21,6,0,23.1,0,0,0,20.5,85.38,143.59,3.2,2.8000000000000003,137
2023,9,21,7,0,22.5,0,0,0,20.400000000000002,87.7,142.99,3.2,2.7,138
2023,9,21,8,0,22,0,0,3,20.1,88.77,137.49,3.2,2.6,142
2023,9,21,9,0,21.5,0,0,7,19.700000000000003,89.43,128.69,3.1,2.7,147
2023,9,21,10,0,21.3,0,0,0,19.3,88.53,118.03,3.1,2.8000000000000003,148
2023,9,21,11,0,21,0,0,0,19.1,88.82000000000001,106.39,3.2,2.6,146
2023,9,21,12,0,20.8,0,0,0,19,89.43,94.29,3.3000000000000003,2.5,145
2023,9,21,13,0,21.400000000000002,92,92,0,19.1,86.91,81.95,3.4000000000000004,2.6,144
2023,9,21,14,0,22.8,289,72,7,19.8,83.27,69.94,3.5,2.9000000000000004,160
2023,9,21,15,0,25.900000000000002,482,299,7,21,74.38,58.410000000000004,3.6,3.6,178
2023,9,21,16,0,29,646,507,8,21.3,63.15,47.96,3.7,3.8000000000000003,186
2023,9,21,17,0,31.400000000000002,757,519,7,21.1,54.27,39.62,4,3.9000000000000004,197
2023,9,21,18,0,32.7,810,468,7,20.8,49.63,35.02,4.2,4.1000000000000005,205
2023,9,21,19,0,32.300000000000004,789,197,6,20.5,49.9,35.69,4.6000000000000005,4.2,225
2023,9,21,20,0,30.400000000000002,705,199,6,20.6,55.870000000000005,41.37,4.7,4.1000000000000005,250
2023,9,21,21,0,28.700000000000003,587,133,7,20.700000000000003,62.17,50.36,4.6000000000000005,2.6,249
2023,9,21,22,0,28.3,419,154,7,20.6,63.08,61.15,4.6000000000000005,2.4000000000000004,177
2023,9,21,23,0,27.200000000000003,221,115,7,20.6,67.4,72.86,4.800000000000001,3.2,149
2023,9,22,0,0,25.700000000000003,42,36,8,21,75.21000000000001,84.91,5,3.2,135
2023,9,22,1,0,24.8,0,0,4,21.6,82.58,97.31,5.300000000000001,3.2,135
2023,9,22,2,0,24.3,0,0,3,22.3,88.77,109.37,5.5,3.4000000000000004,128
2023,9,22,3,0,24,0,0,0,22.5,91.3,120.87,5.300000000000001,3.7,131
2023,9,22,4,0,23.700000000000003,0,0,3,22.1,90.62,131.24,5,3.8000000000000003,137
2023,9,22,5,0,23.700000000000003,0,0,0,21.3,86.48,139.47,4.800000000000001,3.8000000000000003,142
2023,9,22,6,0,23.700000000000003,0,0,0,20.900000000000002,84.09,143.99,4.7,3.9000000000000004,139
2023,9,22,7,0,23.3,0,0,0,20.700000000000003,85.18,143.35,4.7,4.2,134
2023,9,22,8,0,22.900000000000002,0,0,3,20.400000000000002,86.02,137.79,4.6000000000000005,4.1000000000000005,130
2023,9,22,9,0,22.5,0,0,7,20.1,86.35000000000001,128.93,4.6000000000000005,3.8000000000000003,135
2023,9,22,10,0,22.3,0,0,0,19.8,85.7,118.22,4.5,3.6,144
2023,9,22,11,0,22.200000000000003,0,0,0,19.5,84.5,106.56,4.5,3.7,153
2023,9,22,12,0,22.1,0,0,7,19.3,84.38,94.44,4.4,3.7,156
2023,9,22,13,0,22.8,87,61,3,19.700000000000003,82.62,82.10000000000001,4.4,3.8000000000000003,152
2023,9,22,14,0,25.3,282,282,0,20.5,74.93,70.11,4.2,4.3,160
2023,9,22,15,0,28.400000000000002,480,367,3,21.5,66.36,58.6,4.1000000000000005,4.9,176
2023,9,22,16,0,30.8,644,644,0,21.400000000000002,57.370000000000005,48.2,4.1000000000000005,5.1000000000000005,186
2023,9,22,17,0,32.4,759,759,0,21,51.03,39.92,4.2,5.1000000000000005,188
2023,9,22,18,0,33.5,819,819,1,20.8,47.37,35.39,4.2,5.1000000000000005,186
2023,9,22,19,0,34.2,811,726,8,20.700000000000003,45.36,36.09,4.2,5.2,183
2023,9,22,20,0,34.2,740,740,0,20.6,45.160000000000004,41.75,4.1000000000000005,5.2,182
2023,9,22,21,0,33.9,611,611,0,20.5,45.62,50.71,3.9000000000000004,5.1000000000000005,179
2023,9,22,22,0,33.2,437,372,7,20.3,46.86,61.47,3.8000000000000003,5,175
2023,9,22,23,0,31.8,237,199,8,20.400000000000002,50.910000000000004,73.16,3.6,4.2,166
2023,9,23,0,0,29.400000000000002,49,33,3,20.200000000000003,57.59,85.21000000000001,3.5,3.8000000000000003,155
2023,9,23,1,0,27.8,0,0,7,19.700000000000003,61.32,97.61,3.4000000000000004,4.6000000000000005,151
2023,9,23,2,0,26.5,0,0,0,19.3,64.51,109.68,3.4000000000000004,4.9,150
2023,9,23,3,0,25.6,0,0,0,19,66.98,121.2,3.4000000000000004,5,152
2023,9,23,4,0,25.200000000000003,0,0,0,18.900000000000002,68,131.6,3.5,5.2,155
2023,9,23,5,0,24.900000000000002,0,0,8,18.8,68.87,139.86,3.6,5.2,160
2023,9,23,6,0,24.6,0,0,7,18.8,70.11,144.38,3.7,5,162
2023,9,23,7,0,24.1,0,0,0,18.900000000000002,72.94,143.70000000000002,3.9000000000000004,4.6000000000000005,159
2023,9,23,8,0,23.6,0,0,0,19.200000000000003,76.41,138.08,4,4.3,160
2023,9,23,9,0,23.3,0,0,0,19.5,79.31,129.16,4.1000000000000005,4.1000000000000005,164
2023,9,23,10,0,22.900000000000002,0,0,0,19.900000000000002,83.06,118.41,4.1000000000000005,4,165
2023,9,23,11,0,22.400000000000002,0,0,0,20.200000000000003,87.60000000000001,106.72,3.9000000000000004,3.9000000000000004,164
2023,9,23,12,0,21.8,0,0,0,20.5,92.51,94.59,3.7,3.9000000000000004,158
2023,9,23,13,0,22.8,88,88,0,21.1,90.06,82.26,3.6,4.3,161
2023,9,23,14,0,25.900000000000002,287,287,0,22,79.21000000000001,70.27,3.5,5.1000000000000005,179
2023,9,23,15,0,29.400000000000002,485,394,3,22.1,64.8,58.800000000000004,3.6,5.1000000000000005,193
2023,9,23,16,0,32.5,650,519,3,21.5,52.25,48.44,3.7,5,199
2023,9,23,17,0,34.6,763,615,2,20.900000000000002,44.81,40.230000000000004,4,5,197
2023,9,23,18,0,35.9,812,812,0,20.6,40.9,35.77,4.3,5,193
2023,9,23,19,0,36.9,801,801,0,20.400000000000002,38.39,36.49,4.5,5.1000000000000005,191
2023,9,23,20,0,37.2,727,727,0,20.400000000000002,37.76,42.13,4.6000000000000005,5.300000000000001,190
2023,9,23,21,0,36.9,598,598,0,20.5,38.59,51.06,4.6000000000000005,5.4,188
2023,9,23,22,0,35.9,423,223,3,20.8,41.63,61.79,4.7,5.2,185
2023,9,23,23,0,34,225,225,0,21.6,48.31,73.47,4.9,4.3,178
2023,9,24,0,0,31.900000000000002,43,43,0,21.700000000000003,54.75,85.5,5,3.9000000000000004,167
2023,9,24,1,0,30.700000000000003,0,0,0,21.6,58.32,97.91,4.9,3.8000000000000003,164
2023,9,24,2,0,29.900000000000002,0,0,0,21.3,59.99,109.98,4.800000000000001,3.2,169
2023,9,24,3,0,28.5,0,0,0,21.3,65.07000000000001,121.52,4.6000000000000005,2.1,175
2023,9,24,4,0,27.400000000000002,0,0,0,21.200000000000003,69.15,131.95,4.5,1.5,180
2023,9,24,5,0,26.5,0,0,0,21.1,72.19,140.25,4.3,1.4000000000000001,187
2023,9,24,6,0,25.400000000000002,0,0,0,21,76.86,144.78,4.2,1.1,198
2023,9,24,7,0,24.900000000000002,0,0,0,21.1,79.51,144.06,4.3,0.8,252
2023,9,24,8,0,24,0,0,0,21.200000000000003,84.57000000000001,138.37,4.3,1.3,14
2023,9,24,9,0,23.5,0,0,3,21.5,88.39,129.39000000000001,4.3,2,27
2023,9,24,10,0,23,0,0,4,21.700000000000003,92.25,118.60000000000001,4.1000000000000005,2.2,33
2023,9,24,11,0,22.400000000000002,0,0,3,21.8,96.19,106.89,4,2.2,35
2023,9,24,12,0,22.200000000000003,0,0,4,21.8,97.3,94.75,3.9000000000000004,2.4000000000000004,35
2023,9,24,13,0,23.1,84,14,4,21.700000000000003,92.11,82.41,3.8000000000000003,3,41
2023,9,24,14,0,25,279,110,3,21.700000000000003,81.83,70.44,3.8000000000000003,3.5,48
2023,9,24,15,0,27.1,478,270,3,21.6,71.79,59,3.7,3.8000000000000003,51
2023,9,24,16,0,29,646,646,0,21.400000000000002,63.480000000000004,48.69,3.6,3.6,53
2023,9,24,17,0,30.700000000000003,763,763,1,20.8,55.56,40.54,3.6,3.5,52
2023,9,24,18,0,31.900000000000002,819,348,3,20,49.44,36.14,3.6,3.5,52
2023,9,24,19,0,32.6,808,324,3,19.400000000000002,45.75,36.89,3.7,3.5,51
2023,9,24,20,0,32.7,734,734,1,19,44.25,42.51,3.7,3.4000000000000004,49
2023,9,24,21,0,32.300000000000004,597,597,0,18.5,44.08,51.4,3.7,3.5,48
2023,9,24,22,0,31.400000000000002,420,420,0,18.3,45.63,62.120000000000005,3.7,3.5,50
2023,9,24,23,0,29.900000000000002,221,221,1,18.6,50.71,73.77,3.6,3.2,54
2023,9,25,0,0,27.3,40,28,3,19.3,61.77,85.78,3.6,2.1,56
2023,9,25,1,0,25.900000000000002,0,0,0,19.6,68.24,98.21000000000001,3.5,2,56
2023,9,25,2,0,25,0,0,0,20,73.91,110.29,3.4000000000000004,2.1,57
2023,9,25,3,0,24.1,0,0,3,20.3,79.5,121.85000000000001,3.3000000000000003,2.1,56
2023,9,25,4,0,23.3,0,0,0,20.3,83.32000000000001,132.31,3.2,2,56
2023,9,25,5,0,22.6,0,0,0,20.1,85.9,140.64000000000001,3,2,56
2023,9,25,6,0,21.900000000000002,0,0,0,19.900000000000002,88.48,145.18,2.9000000000000004,2,56
2023,9,25,7,0,21.3,0,0,0,19.8,90.98,144.42000000000002,2.8000000000000003,2,55
2023,9,25,8,0,20.8,0,0,0,19.700000000000003,93.44,138.66,2.7,2,54
2023,9,25,9,0,20.200000000000003,0,0,0,19.700000000000003,97.04,129.61,2.6,1.8,50
2023,9,25,10,0,19.700000000000003,0,0,0,19.700000000000003,100,118.79,2.5,1.7000000000000002,44
2023,9,25,11,0,19.1,0,0,0,19.1,100,107.05,2.3000000000000003,1.7000000000000002,38
2023,9,25,12,0,18.8,0,0,0,18.8,100,94.9,2.1,1.8,33
2023,9,25,13,0,20.8,93,93,0,19.5,92.07000000000001,82.56,1.8,2.8000000000000003,30
2023,9,25,14,0,23.8,301,301,0,19.1,75.09,70.61,1.7000000000000002,2.9000000000000004,37
2023,9,25,15,0,27.200000000000003,506,506,0,16.900000000000002,53.34,59.2,1.7000000000000002,3.2,47
2023,9,25,16,0,29.8,677,677,0,13.4,36.660000000000004,48.94,1.7000000000000002,3.5,47
2023,9,25,17,0,31.6,796,796,0,11.3,28.830000000000002,40.85,1.7000000000000002,3.7,45
2023,9,25,18,0,32.800000000000004,854,854,0,10.3,25.240000000000002,36.52,1.7000000000000002,3.7,45
2023,9,25,19,0,33.4,844,844,0,9.700000000000001,23.36,37.29,1.7000000000000002,3.5,46
2023,9,25,20,0,33.6,766,766,0,9.200000000000001,22.330000000000002,42.89,1.8,3.2,47
2023,9,25,21,0,33.300000000000004,631,631,0,8.9,22.27,51.75,1.8,3,47
2023,9,25,22,0,32.300000000000004,448,448,0,9.1,23.87,62.440000000000005,1.8,2.9000000000000004,50
2023,9,25,23,0,30.1,238,238,0,12.5,33.94,74.07000000000001,1.8,1.7000000000000002,58
2023,9,26,0,0,26,43,43,0,13.5,46.050000000000004,86.07000000000001,1.8,1.2000000000000002,79
2023,9,26,1,0,24.3,0,0,0,12.9,48.93,98.5,1.8,1.4000000000000001,103
2023,9,26,2,0,23.1,0,0,0,13.100000000000001,53.480000000000004,110.60000000000001,1.8,1.5,122
2023,9,26,3,0,22.1,0,0,0,13.5,58.28,122.18,1.8,1.5,136
2023,9,26,4,0,21.400000000000002,0,0,0,13.8,61.85,132.66,1.8,1.4000000000000001,147
2023,9,26,5,0,20.900000000000002,0,0,0,13.8,63.78,141.02,1.9000000000000001,1.3,157
2023,9,26,6,0,20.5,0,0,0,13.600000000000001,64.5,145.58,1.8,1.2000000000000002,168
2023,9,26,7,0,20.200000000000003,0,0,0,13.3,64.5,144.78,1.8,1.2000000000000002,183
2023,9,26,8,0,19.900000000000002,0,0,0,13,64.51,138.95000000000002,1.8,1.2000000000000002,200
2023,9,26,9,0,19.400000000000002,0,0,0,13,66.29,129.84,1.7000000000000002,1.2000000000000002,216
2023,9,26,10,0,18.8,0,0,0,13.100000000000001,69.56,118.97,1.6,1.3,229
2023,9,26,11,0,18.2,0,0,0,13.4,73.4,107.21000000000001,1.6,1.3,242
2023,9,26,12,0,17.7,0,0,0,13.700000000000001,77.17,95.06,1.6,1.3,254
2023,9,26,13,0,20.6,92,92,0,14.100000000000001,66.35,82.72,1.6,2.4000000000000004,265
2023,9,26,14,0,23.3,300,300,0,14.5,57.84,70.79,1.6,2.3000000000000003,267
2023,9,26,15,0,28,505,505,0,12.9,39.45,59.4,1.6,2.7,261
2023,9,26,16,0,31,676,676,0,11.100000000000001,29.400000000000002,49.19,1.6,2.4000000000000004,269
2023,9,26,17,0,32.6,793,793,0,10.200000000000001,25.34,41.17,1.7000000000000002,1.3,266
2023,9,26,18,0,33.6,850,850,0,9.600000000000001,23,36.89,1.7000000000000002,0.8,208
2023,9,26,19,0,34.2,837,837,0,9.1,21.5,37.69,1.8,1.1,173
2023,9,26,20,0,34.4,761,761,0,8.700000000000001,20.73,43.27,1.8,1.4000000000000001,169
2023,9,26,21,0,34.1,625,625,0,8.5,20.73,52.1,1.8,1.5,165
2023,9,26,22,0,33.2,442,442,0,8.6,21.95,62.76,1.8,1.5,159
2023,9,26,23,0,31,233,233,0,12.9,33.1,74.38,1.8,1,153
2023,9,27,0,0,27,39,39,0,13.4,43.18,86.35000000000001,1.8,1.1,144
2023,9,27,1,0,24.900000000000002,0,0,0,12.600000000000001,46.25,98.8,1.8,1.3,140
2023,9,27,2,0,23.700000000000003,0,0,0,12.700000000000001,50.22,110.9,1.9000000000000001,1.5,141
2023,9,27,3,0,22.900000000000002,0,0,0,13.200000000000001,54.33,122.5,1.9000000000000001,1.7000000000000002,147
2023,9,27,4,0,22.3,0,0,0,13.600000000000001,57.84,133.01,2,1.9000000000000001,157
2023,9,27,5,0,21.8,0,0,0,13.700000000000001,60.04,141.41,2,2,168
2023,9,27,6,0,21.400000000000002,0,0,0,13.600000000000001,61.14,145.97,2.1,2,177
2023,9,27,7,0,20.900000000000002,0,0,0,13.5,62.56,145.14000000000001,2.1,1.9000000000000001,185
2023,9,27,8,0,20.5,0,0,0,13.4,63.64,139.23,2,1.9000000000000001,194
2023,9,27,9,0,20.1,0,0,0,13.4,65.47,130.07,2.1,2,201
2023,9,27,10,0,19.700000000000003,0,0,0,13.700000000000001,68.3,119.16,2.1,2,205
2023,9,27,11,0,19.3,0,0,0,14,71.48,107.38,2.1,2,209
2023,9,27,12,0,18.900000000000002,0,0,0,14.4,75.08,95.21000000000001,2.1,1.9000000000000001,212
2023,9,27,13,0,21.200000000000003,86,86,0,14.9,67.18,82.87,2.1,3,213
2023,9,27,14,0,23.900000000000002,289,289,0,15.600000000000001,59.620000000000005,70.96000000000001,2.1,2.6,211
2023,9,27,15,0,28.6,491,491,0,15.3,44.35,59.6,2.1,2.8000000000000003,216
2023,9,27,16,0,31.5,659,659,0,14.5,35.69,49.44,2.2,2.5,220
2023,9,27,17,0,33.2,774,774,0,13.700000000000001,30.85,41.480000000000004,2.3000000000000003,2,220
2023,9,27,18,0,34.300000000000004,831,831,0,12.9,27.53,37.27,2.3000000000000003,1.6,211
2023,9,27,19,0,35,819,819,0,12.200000000000001,25.22,38.09,2.4000000000000004,1.5,196
2023,9,27,20,0,35.1,743,743,0,11.700000000000001,24.26,43.65,2.4000000000000004,1.5,183
2023,9,27,21,0,34.800000000000004,608,608,0,11.4,24.28,52.45,2.4000000000000004,1.7000000000000002,172
2023,9,27,22,0,34,427,427,0,11.5,25.47,63.08,2.4000000000000004,1.8,164
2023,9,27,23,0,31.700000000000003,221,221,0,14.8,36.02,74.68,2.4000000000000004,1.2000000000000002,160
2023,9,28,0,0,27.5,34,34,0,15.5,47.97,86.64,2.5,1.1,156
2023,9,28,1,0,26,0,0,0,14.600000000000001,49.59,99.09,2.5,1.3,158
2023,9,28,2,0,25.3,0,0,0,14.5,51.36,111.21000000000001,2.6,1.5,162
2023,9,28,3,0,24.700000000000003,0,0,0,14.700000000000001,53.74,122.82000000000001,2.6,1.9000000000000001,168
2023,9,28,4,0,24.3,0,0,0,15,56.07,133.37,2.7,2.3000000000000003,172
2023,9,28,5,0,23.8,0,0,0,15.3,59.02,141.79,2.7,2.7,176
2023,9,28,6,0,23.3,0,0,0,15.5,61.620000000000005,146.37,2.7,2.9000000000000004,177
2023,9,28,7,0,22.700000000000003,0,0,0,15.600000000000001,64.07000000000001,145.49,2.7,2.9000000000000004,179
2023,9,28,8,0,22.1,0,0,0,15.4,65.98,139.52,2.7,2.9000000000000004,181
2023,9,28,9,0,21.5,0,0,0,15.3,67.73,130.29,2.7,2.7,184
2023,9,28,10,0,20.900000000000002,0,0,0,15.100000000000001,69.61,119.34,2.6,2.3000000000000003,188
2023,9,28,11,0,20.3,0,0,0,15,71.51,107.54,2.5,2,191
2023,9,28,12,0,19.900000000000002,0,0,0,14.9,73.04,95.37,2.4000000000000004,1.9000000000000001,192
2023,9,28,13,0,21.8,82,82,0,15,65.4,83.03,2.4000000000000004,3,193
2023,9,28,14,0,24.6,283,283,0,15.4,56.44,71.13,2.3000000000000003,2.7,190
2023,9,28,15,0,29.6,484,484,0,14.600000000000001,40.17,59.81,2.3000000000000003,3.6,203
2023,9,28,16,0,32.300000000000004,651,651,0,14.9,34.980000000000004,49.69,2.3000000000000003,3.4000000000000004,198
2023,9,28,17,0,33.800000000000004,767,767,0,14.600000000000001,31.63,41.800000000000004,2.4000000000000004,3.3000000000000003,185
2023,9,28,18,0,34.7,823,823,0,14.100000000000001,29.03,37.64,2.4000000000000004,3.3000000000000003,176
2023,9,28,19,0,35.300000000000004,812,812,0,13.5,27.080000000000002,38.480000000000004,2.4000000000000004,3.5,170
2023,9,28,20,0,35.4,734,734,0,13.100000000000001,26.28,44.03,2.5,3.6,166
2023,9,28,21,0,35,599,599,0,13.100000000000001,26.73,52.800000000000004,2.5,3.6,163
2023,9,28,22,0,34.1,418,418,0,13.200000000000001,28.29,63.4,2.5,3.6,160
2023,9,28,23,0,32,213,213,0,14.4,34.410000000000004,74.98,2.6,2.7,156
2023,9,29,0,0,28.1,30,30,0,15.200000000000001,45.56,86.92,2.6,1.8,149
2023,9,29,1,0,27.1,0,0,0,14.9,47.28,99.39,2.6,2.3000000000000003,147
2023,9,29,2,0,26.6,0,0,0,14.9,48.68,111.51,2.6,2.9000000000000004,148
2023,9,29,3,0,26,0,0,0,15,50.67,123.14,2.7,3.4000000000000004,151
2023,9,29,4,0,25.400000000000002,0,0,0,15.100000000000001,52.9,133.72,2.7,3.6,155
2023,9,29,5,0,24.8,0,0,0,15.3,55.46,142.18,2.8000000000000003,3.8000000000000003,158
2023,9,29,6,0,24.400000000000002,0,0,0,15.5,57.78,146.77,2.8000000000000003,3.9000000000000004,162
2023,9,29,7,0,24,0,0,0,15.9,60.57,145.85,2.9000000000000004,4,164
2023,9,29,8,0,23.6,0,0,0,16.400000000000002,63.86,139.81,2.8000000000000003,3.9000000000000004,165
2023,9,29,9,0,23,0,0,0,16.900000000000002,68.43,130.52,2.8000000000000003,3.4000000000000004,165
2023,9,29,10,0,22.5,0,0,0,17.400000000000002,73.01,119.53,2.7,3.2,168
2023,9,29,11,0,22.1,0,0,0,18,77.49,107.7,2.6,3.1,172
2023,9,29,12,0,21.900000000000002,0,0,0,18.5,81.2,95.52,2.6,3,177
2023,9,29,13,0,23.400000000000002,78,78,0,19.1,76.59,83.19,2.6,3.6,182
2023,9,29,14,0,26.900000000000002,275,275,0,19.200000000000003,62.57,71.31,2.6,4.2,190
2023,9,29,15,0,30.3,473,473,0,18.400000000000002,48.94,60.02,2.7,5.1000000000000005,196
2023,9,29,16,0,32.4,637,637,0,18.1,42.6,49.95,2.8000000000000003,5.4,195
2023,9,29,17,0,33.7,751,751,0,17.900000000000002,39.06,42.12,2.9000000000000004,5.4,192
2023,9,29,18,0,34.7,807,807,1,17.7,36.47,38.02,3,5.300000000000001,188
2023,9,29,19,0,35.300000000000004,794,701,2,17.400000000000002,34.72,38.88,3.1,5.2,185
2023,9,29,20,0,35.5,717,657,7,17.2,33.97,44.410000000000004,3.2,5.300000000000001,180
2023,9,29,21,0,35.1,581,581,0,17,34.25,53.14,3.3000000000000003,5.5,175
2023,9,29,22,0,34.2,403,403,0,16.6,35.19,63.72,3.3000000000000003,5.4,172
2023,9,29,23,0,32.7,202,202,0,16.400000000000002,37.63,75.28,3.3000000000000003,4.7,169
2023,9,30,0,0,29.900000000000002,26,26,0,16.400000000000002,44.15,87.2,3.2,3.4000000000000004,163
2023,9,30,1,0,28.6,0,0,0,16.1,46.78,99.68,3.1,3.5,156
2023,9,30,2,0,27.6,0,0,0,15.9,49.04,111.81,3,3.6,151
2023,9,30,3,0,26.6,0,0,0,15.9,51.84,123.46000000000001,3,3.5,150
2023,9,30,4,0,25.6,0,0,0,16,55.33,134.07,3,3.3000000000000003,152
2023,9,30,5,0,24.900000000000002,0,0,0,16.1,58.07,142.56,2.9000000000000004,3.3000000000000003,155
2023,9,30,6,0,24.200000000000003,0,0,0,16.2,61.160000000000004,147.16,2.9000000000000004,3.4000000000000004,158
2023,9,30,7,0,23.6,0,0,0,16.400000000000002,64.13,146.20000000000002,2.7,3.4000000000000004,159
2023,9,30,8,0,23,0,0,0,16.6,67.16,140.09,2.6,3.5,160
2023,9,30,9,0,22.400000000000002,0,0,0,16.8,70.64,130.74,2.5,3.4000000000000004,162
2023,9,30,10,0,21.700000000000003,0,0,0,17.1,75.15,119.71000000000001,2.4000000000000004,3.1,163
2023,9,30,11,0,21.1,0,0,0,17.400000000000002,79.55,107.87,2.3000000000000003,2.8000000000000003,164
2023,9,30,12,0,20.700000000000003,0,0,0,17.8,83.47,95.68,2.3000000000000003,2.7,164
2023,9,30,13,0,22.200000000000003,78,78,0,18.2,78.11,83.35000000000001,2.3000000000000003,3.5,163
2023,9,30,14,0,25.5,277,277,0,18.6,65.47,71.49,2.3000000000000003,3.8000000000000003,173
2023,9,30,15,0,29.400000000000002,479,479,0,18.2,51.02,60.22,2.3000000000000003,5,188
2023,9,30,16,0,31.5,644,644,0,17.900000000000002,44.36,50.2,2.4000000000000004,4.7,185
2023,9,30,17,0,33.1,759,759,0,17.5,39.53,42.44,2.5,4.5,180
2023,9,30,18,0,34.300000000000004,813,813,0,17.1,35.92,38.39,2.6,4.5,175
2023,9,30,19,0,34.9,800,800,0,16.7,34.03,39.28,2.7,4.6000000000000005,172
2023,9,30,20,0,35.2,722,722,0,16.5,33.03,44.79,2.8000000000000003,4.7,170
2023,9,30,21,0,34.9,586,586,0,16.3,33.15,53.49,2.9000000000000004,4.7,167
2023,9,30,22,0,34,408,408,0,15.8,33.76,64.04,2.8000000000000003,4.6000000000000005,163
2023,9,30,23,0,32.2,206,206,0,15.600000000000001,36.74,75.58,2.6,3.8000000000000003,157
2023,10,1,0,0,28.8,26,20,7,15.700000000000001,45,87.48,2.5,2.6,152
2023,10,1,1,0,27.700000000000003,0,0,0,15.100000000000001,46.24,99.97,2.4000000000000004,3.3000000000000003,150
2023,10,1,2,0,26.700000000000003,0,0,0,14.600000000000001,47.56,112.11,2.2,3.7,149
2023,10,1,3,0,25.700000000000003,0,0,0,14.3,49.33,123.78,2.1,3.8000000000000003,149
2023,10,1,4,0,24.700000000000003,0,0,0,14.200000000000001,51.95,134.41,2,3.5,152
2023,10,1,5,0,23.900000000000002,0,0,0,14.200000000000001,54.71,142.94,2,3.1,154
2023,10,1,6,0,23.3,0,0,0,14.4,57.2,147.56,2.1,2.8000000000000003,154
2023,10,1,7,0,22.8,0,0,0,14.5,59.65,146.56,2.1,2.4000000000000004,152
2023,10,1,8,0,22.3,0,0,0,14.700000000000001,62.18,140.37,2.2,2.3000000000000003,153
2023,10,1,9,0,21.5,0,0,0,15,66.5,130.96,2.3000000000000003,1.9000000000000001,154
2023,10,1,10,0,20.5,0,0,0,15.4,72.38,119.9,2.2,1.6,151
2023,10,1,11,0,19.900000000000002,0,0,0,15.700000000000001,76.64,108.03,2.2,1.5,149
2023,10,1,12,0,19.5,0,0,0,15.9,79.94,95.83,2.1,1.6,148
2023,10,1,13,0,21.6,76,76,0,16.2,71.51,83.5,2.1,2.8000000000000003,145
2023,10,1,14,0,24.5,277,277,0,16.400000000000002,60.71,71.67,2,2.7,144
2023,10,1,15,0,29,476,476,0,13.5,38.550000000000004,60.44,2.1,3.8000000000000003,160
2023,10,1,16,0,31.200000000000003,643,643,0,12.4,31.720000000000002,50.46,2.1,3.7,158
2023,10,1,17,0,32.5,757,757,0,12.3,29.3,42.75,2.2,3.6,153
2023,10,1,18,0,33.5,815,815,0,12.100000000000001,27.36,38.77,2.3000000000000003,3.6,148
2023,10,1,19,0,34,803,691,8,11.9,26.23,39.67,2.3000000000000003,3.6,147
2023,10,1,20,0,34,723,723,0,11.8,26.03,45.17,2.4000000000000004,3.6,147
2023,10,1,21,0,33.5,586,318,6,11.8,26.7,53.84,2.4000000000000004,3.6,146
2023,10,1,22,0,32.300000000000004,404,333,7,11.8,28.57,64.36,2.5,3.5,146
2023,10,1,23,0,30,199,122,8,13.100000000000001,35.58,75.88,2.5,2.2,148
2023,10,2,0,0,27.1,22,13,3,14.200000000000001,45.14,87.75,2.5,1.7000000000000002,148
2023,10,2,1,0,26.3,0,0,7,14.3,47.5,100.26,2.6,1.8,148
2023,10,2,2,0,25.8,0,0,7,14.4,49.26,112.41,2.6,2,150
2023,10,2,3,0,25.3,0,0,3,14.4,50.800000000000004,124.10000000000001,2.6,2.2,152
2023,10,2,4,0,24.900000000000002,0,0,0,14.3,51.76,134.76,2.7,2.3000000000000003,155
2023,10,2,5,0,24.3,0,0,0,14.200000000000001,53.45,143.32,2.7,2.4000000000000004,159
2023,10,2,6,0,23.5,0,0,0,14.200000000000001,56.09,147.95000000000002,2.7,2.2,163
2023,10,2,7,0,22.6,0,0,0,14.200000000000001,59.22,146.91,2.7,1.9000000000000001,165
2023,10,2,8,0,21.700000000000003,0,0,0,14.200000000000001,62.21,140.65,2.7,1.7000000000000002,166
2023,10,2,9,0,20.900000000000002,0,0,0,14.200000000000001,65.32000000000001,131.18,2.6,1.5,166
2023,10,2,10,0,20.200000000000003,0,0,0,14.3,68.84,120.08,2.6,1.4000000000000001,164
2023,10,2,11,0,19.6,0,0,0,14.5,72.41,108.19,2.5,1.2000000000000002,160
2023,10,2,12,0,19,0,0,0,14.700000000000001,76.36,95.99000000000001,2.5,1.2000000000000002,157
2023,10,2,13,0,21,71,71,0,15.100000000000001,68.99,83.66,2.5,2.3000000000000003,155
2023,10,2,14,0,23.700000000000003,267,267,0,15.4,59.68,71.85000000000001,2.5,2.1,154
2023,10,2,15,0,28.5,465,465,0,13.100000000000001,38.67,60.65,2.5,3,171
2023,10,2,16,0,30.6,628,628,0,12.200000000000001,32.28,50.72,2.6,2.8000000000000003,166
2023,10,2,17,0,31.900000000000002,741,741,0,12.200000000000001,29.98,43.08,2.7,2.8000000000000003,157
2023,10,2,18,0,32.7,797,797,0,12.200000000000001,28.8,39.15,2.7,3,150
2023,10,2,19,0,33.1,783,524,3,12.3,28.27,40.07,2.8000000000000003,3.4000000000000004,148
2023,10,2,20,0,33.2,705,456,8,12.3,28.150000000000002,45.550000000000004,2.9000000000000004,3.7,148
2023,10,2,21,0,32.9,572,500,8,12.3,28.61,54.18,3,3.9000000000000004,149
2023,10,2,22,0,31.8,393,249,7,12.3,30.35,64.68,3,4,149
2023,10,2,23,0,30.1,191,191,0,12.600000000000001,34.12,76.18,3,3.4000000000000004,149
2023,10,3,0,0,27.3,19,19,0,13.100000000000001,41.47,88.02,3.1,2.6,146
2023,10,3,1,0,26.6,0,0,7,12.700000000000001,42.27,100.55,3,3.6,145
2023,10,3,2,0,25.700000000000003,0,0,7,12.700000000000001,44.62,112.7,3,3.7,145
2023,10,3,3,0,24.6,0,0,6,12.9,48.24,124.41,3,3.2,145
2023,10,3,4,0,23.8,0,0,7,13.100000000000001,51.29,135.1,3.1,3.2,144
2023,10,3,5,0,23.1,0,0,7,13.4,54.44,143.70000000000002,3.2,3.3000000000000003,146
2023,10,3,6,0,22.8,0,0,7,13.700000000000001,56.44,148.35,3.4000000000000004,3.4000000000000004,146
2023,10,3,7,0,22.5,0,0,7,13.9,58.24,147.26,3.5,3.5,148
2023,10,3,8,0,22.5,0,0,7,13.9,58.17,140.93,3.6,3.7,148
2023,10,3,9,0,22.1,0,0,7,13.9,59.76,131.4,3.7,3.5,149
2023,10,3,10,0,21.700000000000003,0,0,7,13.9,61.050000000000004,120.26,3.7,3.2,150
2023,10,3,11,0,21.400000000000002,0,0,7,13.8,61.88,108.35000000000001,3.7,3.3000000000000003,151
2023,10,3,12,0,21.200000000000003,0,0,7,13.8,62.6,96.15,3.7,3.3000000000000003,152
2023,10,3,13,0,21.900000000000002,67,35,7,13.9,60.43,83.83,3.7,3.6,155
2023,10,3,14,0,24.400000000000002,258,171,7,13.9,52.14,72.03,3.7,4.5,168
2023,10,3,15,0,27.5,450,141,6,14,43.660000000000004,60.86,3.8000000000000003,5.800000000000001,186
2023,10,3,16,0,29.5,612,262,6,14.700000000000001,40.45,50.980000000000004,3.9000000000000004,5.9,191
2023,10,3,17,0,31,723,299,7,15.200000000000001,38.46,43.4,4,5.7,189
2023,10,3,18,0,31.900000000000002,776,424,7,15.5,37.300000000000004,39.52,4,5.6000000000000005,184
2023,10,3,19,0,32.4,762,177,6,15.700000000000001,36.72,40.46,4,5.6000000000000005,178
2023,10,3,20,0,32.1,685,396,7,15.8,37.62,45.92,4,5.5,175
2023,10,3,21,0,31.700000000000003,551,447,7,15.8,38.410000000000004,54.53,4,5.4,173
2023,10,3,22,0,30.900000000000002,376,376,1,15.600000000000001,39.77,64.99,3.9000000000000004,5.2,170
2023,10,3,23,0,29.6,180,137,8,15.5,42.480000000000004,76.48,3.8000000000000003,4.5,168
2023,10,4,0,0,28,16,16,1,15.3,46.09,88.29,3.7,3.9000000000000004,164
2023,10,4,1,0,27,0,0,8,14.8,47.300000000000004,100.84,3.6,3.9000000000000004,159
2023,10,4,2,0,26.1,0,0,0,14.200000000000001,47.800000000000004,113,3.5,3.5,156
2023,10,4,3,0,25.3,0,0,8,13.5,48.08,124.72,3.4000000000000004,3.3000000000000003,159
2023,10,4,4,0,24.5,0,0,1,13,48.78,135.44,3.4000000000000004,3.1,165
2023,10,4,5,0,23.5,0,0,0,12.8,51.050000000000004,144.08,3.5,2.4000000000000004,170
2023,10,4,6,0,23,0,0,0,12.600000000000001,52.04,148.74,3.6,2.5,173
2023,10,4,7,0,22.900000000000002,0,0,7,12.600000000000001,52.24,147.61,3.6,2.8000000000000003,177
2023,10,4,8,0,22.6,0,0,3,12.8,53.94,141.21,3.7,2.9000000000000004,181
2023,10,4,9,0,22.3,0,0,7,13.5,57.56,131.62,3.8000000000000003,2.9000000000000004,183
2023,10,4,10,0,22.1,0,0,7,14.600000000000001,62.43,120.44,3.8000000000000003,2.8000000000000003,178
2023,10,4,11,0,21.900000000000002,0,0,8,15.8,68.39,108.52,3.7,2.7,175
2023,10,4,12,0,21.700000000000003,0,0,3,17.1,75.16,96.3,3.6,2.4000000000000004,174
2023,10,4,13,0,22.200000000000003,66,66,1,18.400000000000002,78.84,83.99,3.5,2.6,176
2023,10,4,14,0,23.6,257,128,5,19.5,77.74,72.21000000000001,3.4000000000000004,2.7,189
2023,10,4,15,0,25.900000000000002,453,311,3,19.8,69.3,61.08,3.4000000000000004,2.7,211
2023,10,4,16,0,27.700000000000003,613,455,3,20,63.11,51.25,3.6,2.1,221
2023,10,4,17,0,28.400000000000002,723,19,8,20.400000000000002,61.940000000000005,43.72,3.8000000000000003,1.1,210
2023,10,4,18,0,28.8,768,119,3,20.6,61.370000000000005,39.9,4.1000000000000005,0.8,158
2023,10,4,19,0,28.8,750,594,8,20.8,61.99,40.86,4.4,1.4000000000000001,120
2023,10,4,20,0,28.5,673,86,9,20.900000000000002,63.65,46.300000000000004,4.5,2.3000000000000003,111
2023,10,4,21,0,27.8,547,20,9,21,66.7,54.870000000000005,4.5,3.3000000000000003,120
2023,10,4,22,0,26.6,370,7,9,21.3,72.58,65.31,4.6000000000000005,4,130
2023,10,4,23,0,25,170,31,9,21.700000000000003,81.89,76.77,5.1000000000000005,4.1000000000000005,137
2023,10,5,0,0,23.5,12,4,9,22.1,91.79,88.55,5.7,3,153
2023,10,5,1,0,22.700000000000003,0,0,9,22.200000000000003,97.12,101.12,5.9,2.2,248
2023,10,5,2,0,22.200000000000003,0,0,6,22,99.01,113.29,5.7,3.3000000000000003,308
2023,10,5,3,0,22,0,0,6,21.900000000000002,99.59,125.03,5.2,3.3000000000000003,6
2023,10,5,4,0,21.700000000000003,0,0,6,21.700000000000003,99.92,135.78,4.5,4.6000000000000005,51
2023,10,5,5,0,20.900000000000002,0,0,7,20.8,99.64,144.46,4.2,4.1000000000000005,72
2023,10,5,6,0,20.400000000000002,0,0,7,20.400000000000002,99.85000000000001,149.13,4.1000000000000005,1.1,121
2023,10,5,7,0,20.1,0,0,7,20,99.59,147.96,3.4000000000000004,1.5,103
2023,10,5,8,0,19.6,0,0,7,19.6,100,141.48,3,0.8,38
2023,10,5,9,0,19.200000000000003,0,0,8,19.1,99.46000000000001,131.84,2.9000000000000004,1.8,30
2023,10,5,10,0,18.7,0,0,3,18.5,98.98,120.62,3,2.7,35
2023,10,5,11,0,18.2,0,0,3,17.900000000000002,98.34,108.68,3.1,3.3000000000000003,33
2023,10,5,12,0,17.900000000000002,0,0,3,17.5,97.33,96.46000000000001,3,3.2,31
2023,10,5,13,0,18.3,63,63,1,17.400000000000002,94.66,84.15,3,3.2,25
2023,10,5,14,0,20.3,258,258,1,17.7,84.94,72.39,2.9000000000000004,3.4000000000000004,19
2023,10,5,15,0,23,455,166,3,17.400000000000002,70.71000000000001,61.29,3,3.7,12
2023,10,5,16,0,24.8,619,315,3,16.8,60.93,51.51,3,3.9000000000000004,3
2023,10,5,17,0,26.1,733,733,1,16.7,56.09,44.04,3,4.1000000000000005,0
2023,10,5,18,0,27.3,788,788,1,16.8,52.660000000000004,40.27,2.9000000000000004,4.5,2
2023,10,5,19,0,28,780,780,0,16.2,48.65,41.25,2.6,4.800000000000001,6
2023,10,5,20,0,28.3,708,708,0,14.5,43,46.67,2.3000000000000003,4.9,13
2023,10,5,21,0,28.1,576,576,0,12.100000000000001,37.230000000000004,55.21,2,4.7,19
2023,10,5,22,0,27.200000000000003,397,397,0,10.4,35.050000000000004,65.62,1.8,3.9000000000000004,22
2023,10,5,23,0,24.6,190,190,0,13.100000000000001,48.72,77.07000000000001,1.7000000000000002,1.8,23
2023,10,6,0,0,21.200000000000003,15,15,0,12.4,57.31,88.81,1.7000000000000002,1.2000000000000002,20
2023,10,6,1,0,20.3,0,0,0,11.700000000000001,57.64,101.4,1.7000000000000002,1.2000000000000002,14
2023,10,6,2,0,19.6,0,0,0,11.3,58.61,113.58,1.7000000000000002,1.2000000000000002,3
2023,10,6,3,0,18.7,0,0,0,11,60.76,125.34,1.7000000000000002,1.4000000000000001,356
2023,10,6,4,0,18,0,0,0,10.600000000000001,61.92,136.12,1.8,1.9000000000000001,356
2023,10,6,5,0,17.5,0,0,0,10.200000000000001,62.46,144.83,1.8,2.4000000000000004,0
2023,10,6,6,0,16.8,0,0,0,10,64.02,149.52,1.8,2.6,7
2023,10,6,7,0,16,0,0,0,9.600000000000001,65.84,148.31,1.8,2.6,14
2023,10,6,8,0,15.3,0,0,0,9.200000000000001,66.96000000000001,141.76,1.8,2.4000000000000004,21
2023,10,6,9,0,14.600000000000001,0,0,0,8.700000000000001,67.87,132.06,1.7000000000000002,2.1,30
2023,10,6,10,0,14,0,0,0,8.3,68.36,120.81,1.7000000000000002,1.9000000000000001,39
2023,10,6,11,0,13.5,0,0,0,7.9,68.99,108.84,1.6,1.7000000000000002,45
2023,10,6,12,0,13,0,0,0,7.800000000000001,70.52,96.62,1.6,1.5,49
2023,10,6,13,0,15.100000000000001,71,71,0,8,62.75,84.31,1.6,2.1,56
2023,10,6,14,0,17.7,271,271,0,8.200000000000001,53.85,72.58,1.7000000000000002,2,65
2023,10,6,15,0,21.8,470,470,0,7.800000000000001,40.57,61.51,1.8,1.8,94
2023,10,6,16,0,24.400000000000002,634,634,0,7.800000000000001,34.75,51.78,1.9000000000000001,1.2000000000000002,58
2023,10,6,17,0,25.8,747,747,0,7.4,30.92,44.37,2,3,360
2023,10,6,18,0,26.200000000000003,799,633,3,6.300000000000001,28.13,40.65,2,4.6000000000000005,1
2023,10,6,19,0,26,787,520,3,5.2,26.29,41.64,1.9000000000000001,5.5,8
2023,10,6,20,0,25.200000000000003,707,707,1,4.4,26.05,47.04,1.9000000000000001,5.9,12
2023,10,6,21,0,23.8,569,569,0,4,27.64,55.550000000000004,1.9000000000000001,6.2,14
2023,10,6,22,0,21.700000000000003,385,385,0,4,31.3,65.94,1.9000000000000001,6.300000000000001,15
2023,10,6,23,0,19.1,179,57,4,4.1000000000000005,36.99,77.36,1.9000000000000001,6,15
2023,10,7,0,0,16.400000000000002,0,0,4,4.1000000000000005,44.08,89.05,1.9000000000000001,5,15
2023,10,7,1,0,14.700000000000001,0,0,3,4,48.57,101.68,1.9000000000000001,4.3,17
2023,10,7,2,0,13.600000000000001,0,0,3,3.2,49.57,113.86,1.7000000000000002,3.6,17
2023,10,7,3,0,12.8,0,0,4,2.2,48.56,125.64,1.6,3,14
2023,10,7,4,0,12.200000000000001,0,0,4,1.3,47.47,136.45,1.5,2.6,7
2023,10,7,5,0,11.9,0,0,4,0.4,45.2,145.20000000000002,1.4000000000000001,2.5,1
2023,10,7,6,0,11.4,0,0,4,-0.30000000000000004,44.49,149.91,1.4000000000000001,2.5,356
2023,10,7,7,0,10.8,0,0,4,-0.8,44.67,148.66,1.3,2.6,354
2023,10,7,8,0,10.100000000000001,0,0,3,-1.1,45.74,142.03,1.2000000000000002,2.7,357
2023,10,7,9,0,9,0,0,0,-1,49.52,132.27,1.1,2.4000000000000004,1
2023,10,7,10,0,8.200000000000001,0,0,0,-1,52.160000000000004,120.99000000000001,1,2.4000000000000004,7
2023,10,7,11,0,7.300000000000001,0,0,0,-0.8,56.57,109.01,0.9,2.1,9
2023,10,7,12,0,6.6000000000000005,0,0,0,-0.4,61.01,96.78,0.8,1.7000000000000002,8
2023,10,7,13,0,8,71,71,0,-0.5,55.06,84.47,0.8,2.5,5
2023,10,7,14,0,11,279,279,0,0,46.660000000000004,72.76,0.8,2.1,12
2023,10,7,15,0,14.8,485,485,0,-0.8,34.35,61.730000000000004,0.8,2.5,41
2023,10,7,16,0,16.6,653,653,0,-0.8,30.67,52.04,0.9,2.2,37
2023,10,7,17,0,18.1,770,770,0,-0.7000000000000001,28,44.69,0.9,1.9000000000000001,25
2023,10,7,18,0,19.400000000000002,820,820,0,-0.8,25.63,41.02,1,1.9000000000000001,13
2023,10,7,19,0,20.3,803,803,0,-1,23.900000000000002,42.03,1.1,2,4
2023,10,7,20,0,20.8,720,720,0,-1.2000000000000002,22.79,47.410000000000004,1.2000000000000002,2.1,356
2023,10,7,21,0,20.700000000000003,580,580,0,-1.3,22.76,55.89,1.2000000000000002,2,351
2023,10,7,22,0,20.1,392,392,0,-1.4000000000000001,23.48,66.25,1.3,1.8,348
2023,10,7,23,0,18.400000000000002,183,183,0,3.3000000000000003,36.51,77.65,1.3,0.9,346
2023,10,8,0,0,16.400000000000002,0,0,0,2.5,39.37,89.3,1.3,0.7000000000000001,346
2023,10,8,1,0,16.400000000000002,0,0,0,0.5,34.05,101.96000000000001,1.3,0.4,334
2023,10,8,2,0,16,0,0,0,0,33.76,114.15,1.3,0.30000000000000004,217
2023,10,8,3,0,14.700000000000001,0,0,0,0.2,37.160000000000004,125.94,1.2000000000000002,0.7000000000000001,203
2023,10,8,4,0,13.100000000000001,0,0,0,1.4000000000000001,44.83,136.79,1.3,1,209
2023,10,8,5,0,11.5,0,0,0,2.1,52.29,145.57,1.3,1.1,218
2023,10,8,6,0,10.600000000000001,0,0,0,2,55.17,150.3,1.3,1.2000000000000002,228
2023,10,8,7,0,10.200000000000001,0,0,0,1.7000000000000002,55.65,149,1.3,1.4000000000000001,236
2023,10,8,8,0,10,0,0,0,1.7000000000000002,56.230000000000004,142.3,1.3,1.7000000000000002,241
2023,10,8,9,0,9.700000000000001,0,0,0,2,58.76,132.49,1.3,1.8,243
2023,10,8,10,0,9.3,0,0,0,2.4000000000000004,62.14,121.17,1.3,1.8,241
2023,10,8,11,0,9,0,0,0,2.6,64.39,109.17,1.3,1.8,238
2023,10,8,12,0,8.8,0,0,0,2.8000000000000003,65.94,96.94,1.3,1.8,235
2023,10,8,13,0,10.8,66,66,0,3,58.67,84.64,1.3,2.9000000000000004,232
2023,10,8,14,0,13.600000000000001,268,268,0,3.5,50.550000000000004,72.95,1.3,3,225
2023,10,8,15,0,17.900000000000002,468,468,0,3.1,37.26,61.95,1.4000000000000001,4,224
2023,10,8,16,0,21,636,636,0,3.1,30.68,52.31,1.4000000000000001,4.2,222
2023,10,8,17,0,23.200000000000003,749,749,0,3.8000000000000003,28.26,45.02,1.5,4.2,221
2023,10,8,18,0,24.900000000000002,802,802,0,4.800000000000001,27.26,41.39,1.5,4.2,223
2023,10,8,19,0,26,786,786,0,5.6000000000000005,27.01,42.410000000000004,1.6,4.2,225
2023,10,8,20,0,26.5,705,705,0,6.2,27.39,47.78,1.6,4.1000000000000005,227
2023,10,8,21,0,26.400000000000002,567,567,0,6.7,28.6,56.230000000000004,1.6,4,229
2023,10,8,22,0,25.700000000000003,383,383,0,7.4,31.17,66.56,1.6,3.7,227
2023,10,8,23,0,22.900000000000002,176,176,0,9.9,43.6,77.94,1.6,2.1,219
2023,10,9,0,0,19.200000000000003,0,0,0,9.700000000000001,54.18,89.55,1.6,1.8,204
2023,10,9,1,0,18.5,0,0,0,9.5,55.88,102.24000000000001,1.7000000000000002,2.1,196
2023,10,9,2,0,18.2,0,0,0,9.600000000000001,57.19,114.43,1.7000000000000002,2.4000000000000004,192
2023,10,9,3,0,17.900000000000002,0,0,0,9.8,58.910000000000004,126.24000000000001,1.8,2.9000000000000004,194
2023,10,9,4,0,17.400000000000002,0,0,0,10,61.77,137.11,1.8,3.2,198
2023,10,9,5,0,16.7,0,0,0,10.200000000000001,65.6,145.94,1.9000000000000001,3.2,202
2023,10,9,6,0,15.9,0,0,0,10.3,69.59,150.69,1.9000000000000001,2.9000000000000004,207
2023,10,9,7,0,15.200000000000001,0,0,0,10.4,73.02,149.34,1.9000000000000001,2.6,212
2023,10,9,8,0,14.4,0,0,0,10.4,76.9,142.57,1.9000000000000001,2.2,218
2023,10,9,9,0,13.600000000000001,0,0,0,10.4,81.05,132.7,1.8,1.8,226
2023,10,9,10,0,13,0,0,0,10.5,84.58,121.34,1.8,1.4000000000000001,236
2023,10,9,11,0,12.4,0,0,0,10.5,88.35000000000001,109.33,1.7000000000000002,1.2000000000000002,245
2023,10,9,12,0,12,0,0,0,10.600000000000001,91.32000000000001,97.10000000000001,1.6,1,259
2023,10,9,13,0,14.200000000000001,63,63,0,11,81.01,84.81,1.6,1.3,285
2023,10,9,14,0,17,263,263,0,11.4,69.43,73.14,1.5,1.3,315
2023,10,9,15,0,20.700000000000003,464,464,0,11.700000000000001,56.17,62.18,1.5,1.2000000000000002,11
2023,10,9,16,0,24,631,631,0,11.600000000000001,45.84,52.58,1.5,1.7000000000000002,54
2023,10,9,17,0,26.700000000000003,743,743,0,11.200000000000001,38.08,45.34,1.6,1.9000000000000001,82
2023,10,9,18,0,29.1,793,793,0,10.200000000000001,30.990000000000002,41.77,1.7000000000000002,1.6,112
2023,10,9,19,0,30.200000000000003,778,778,0,9.700000000000001,28.060000000000002,42.800000000000004,1.7000000000000002,1.3,141
2023,10,9,20,0,30.5,696,696,0,9.4,27.02,48.15,1.8,1.1,164
2023,10,9,21,0,30.3,556,556,0,9.4,27.23,56.57,1.9000000000000001,0.9,175
2023,10,9,22,0,29.400000000000002,372,372,0,10.100000000000001,30.150000000000002,66.87,2,0.9,176
2023,10,9,23,0,26.900000000000002,168,168,0,14.100000000000001,45.53,78.22,2,0.6000000000000001,145
2023,10,10,0,0,23.400000000000002,0,0,0,11.8,48.04,89.8,2.1,0.9,102
2023,10,10,1,0,21.400000000000002,0,0,0,11.5,53.34,102.51,2.1,1.2000000000000002,97
2023,10,10,2,0,20.1,0,0,0,11.600000000000001,58.120000000000005,114.71000000000001,2.1,1.5,105
2023,10,10,3,0,19.1,0,0,0,11.9,63.160000000000004,126.54,2.2,1.7000000000000002,114
2023,10,10,4,0,18.2,0,0,0,12.3,68.51,137.44,2.2,1.7000000000000002,122
2023,10,10,5,0,17.5,0,0,0,12.600000000000001,73,146.31,2.2,1.6,130
2023,10,10,6,0,16.900000000000002,0,0,0,12.9,77.08,151.07,2.3000000000000003,1.5,136
2023,10,10,7,0,16.3,0,0,0,13,80.57000000000001,149.69,2.3000000000000003,1.5,138
2023,10,10,8,0,15.8,0,0,0,12.9,83.13,142.84,2.3000000000000003,1.4000000000000001,136
2023,10,10,9,0,15.3,0,0,0,12.9,85.46000000000001,132.91,2.3000000000000003,1.3,130
2023,10,10,10,0,14.8,0,0,0,12.700000000000001,87.38,121.52,2.3000000000000003,1.3,119
2023,10,10,11,0,14.4,0,0,0,12.5,88.55,109.5,2.3000000000000003,1.4000000000000001,111
2023,10,10,12,0,13.9,0,0,0,12.4,90.46000000000001,97.26,2.3000000000000003,1.5,110
2023,10,10,13,0,15,57,57,0,12.4,84.27,84.97,2.3000000000000003,2.4000000000000004,116
2023,10,10,14,0,17.6,250,250,0,12.8,73.32000000000001,73.33,2.3000000000000003,2.1,127
2023,10,10,15,0,21.700000000000003,447,447,0,13.8,60.82,62.4,2.4000000000000004,2.4000000000000004,155
2023,10,10,16,0,25.1,610,610,0,14.600000000000001,52.160000000000004,52.85,2.4000000000000004,2.8000000000000003,176
2023,10,10,17,0,28.1,723,723,0,14.3,42.9,45.67,2.4000000000000004,3.5,190
2023,10,10,18,0,30.3,772,772,0,13.700000000000001,36.410000000000004,42.14,2.5,4.2,193
2023,10,10,19,0,31.400000000000002,757,757,0,13.5,33.7,43.18,2.5,4.5,191
2023,10,10,20,0,31.6,678,678,0,13.200000000000001,32.62,48.51,2.5,4.7,186
2023,10,10,21,0,31.200000000000003,543,543,0,12.700000000000001,32.3,56.9,2.4000000000000004,4.7,181
2023,10,10,22,0,30.1,363,363,0,12.4,33.7,67.17,2.3000000000000003,4.4,177
2023,10,10,23,0,27.400000000000002,161,161,0,13,41.15,78.51,2.2,3.2,173
2023,10,11,0,0,24,0,0,0,13.100000000000001,50.39,90.03,2.1,2.8000000000000003,172
2023,10,11,1,0,23.3,0,0,7,13.200000000000001,53.160000000000004,102.78,2.1,3.7,173
2023,10,11,2,0,22.3,0,0,7,14.100000000000001,59.94,114.98,2.1,3.8000000000000003,177
2023,10,11,3,0,21.5,0,0,7,15.3,67.76,126.83,2.2,3.8000000000000003,180
2023,10,11,4,0,20.900000000000002,0,0,8,16.3,74.84,137.76,2.3000000000000003,3.7,183
2023,10,11,5,0,20.3,0,0,1,16.900000000000002,80.64,146.67000000000002,2.5,3.6,182
2023,10,11,6,0,19.8,0,0,0,17.2,84.95,151.46,2.7,3.5,180
2023,10,11,7,0,19.5,0,0,0,17.400000000000002,87.66,150.03,2.9000000000000004,3.5,180
2023,10,11,8,0,19.200000000000003,0,0,0,17.5,90.08,143.11,2.9000000000000004,3.5,182
2023,10,11,9,0,18.900000000000002,0,0,0,17.6,91.95,133.12,2.8000000000000003,3.7,187
2023,10,11,10,0,18.2,0,0,0,17.6,96.22,121.7,2.7,3.5,187
2023,10,11,11,0,17.7,0,0,0,17.6,99.39,109.66,2.6,3.5,186
2023,10,11,12,0,17.5,0,0,3,17.5,100,97.43,2.6,3.7,183
2023,10,11,13,0,18.400000000000002,52,52,0,17.5,94.61,85.14,2.6,4.3,179
2023,10,11,14,0,20.400000000000002,238,238,0,17.6,84.22,73.53,2.7,4.9,178
2023,10,11,15,0,22.900000000000002,432,432,0,17.7,72.48,62.63,2.8000000000000003,5.300000000000001,179
2023,10,11,16,0,25,592,592,0,17.6,63.54,53.120000000000005,3,5.9,178
2023,10,11,17,0,26.6,703,703,0,17.400000000000002,57.15,46,3.1,6.300000000000001,178
2023,10,11,18,0,27.700000000000003,756,756,0,17.3,53.11,42.51,3.1,6.6000000000000005,178
2023,10,11,19,0,28.3,741,741,1,17.1,50.74,43.57,3.1,6.800000000000001,178
2023,10,11,20,0,28.400000000000002,662,662,0,17,50.2,48.870000000000005,3.1,6.9,177
2023,10,11,21,0,27.900000000000002,527,527,1,16.900000000000002,51.300000000000004,57.230000000000004,3,6.9,175
2023,10,11,22,0,26.8,347,197,3,16.8,54.120000000000005,67.47,3,6.800000000000001,173
2023,10,11,23,0,25.1,149,149,1,16.7,59.5,78.79,2.9000000000000004,6.4,169
2023,10,12,0,0,23.200000000000003,0,0,3,16.7,66.7,90.26,2.9000000000000004,6.1000000000000005,163
2023,10,12,1,0,21.900000000000002,0,0,0,16.5,71.53,103.04,2.8000000000000003,6.300000000000001,160
2023,10,12,2,0,20.700000000000003,0,0,0,15.9,73.96000000000001,115.25,2.7,6.5,159
2023,10,12,3,0,19.6,0,0,1,14.700000000000001,73.4,127.12,2.7,6.6000000000000005,160
2023,10,12,4,0,18.8,0,0,0,13.5,71.21000000000001,138.08,2.7,6.5,162
2023,10,12,5,0,18.1,0,0,3,12.700000000000001,70.65,147.03,2.7,6.300000000000001,163
2023,10,12,6,0,17.6,0,0,3,12.4,71.35000000000001,151.84,2.7,6.2,164
2023,10,12,7,0,17.1,0,0,3,12.4,74.08,150.36,2.7,6,166
2023,10,12,8,0,16.8,0,0,3,12.8,77.18,143.37,2.7,5.800000000000001,168
2023,10,12,9,0,16.6,0,0,3,13.200000000000001,80.26,133.33,2.7,5.5,167
2023,10,12,10,0,16.400000000000002,0,0,3,13.600000000000001,83.53,121.88,2.7,5.5,165
2023,10,12,11,0,16.1,0,0,3,14,87.10000000000001,109.82000000000001,2.6,5.5,163
2023,10,12,12,0,15.8,0,0,3,14.200000000000001,90.17,97.59,2.5,5.6000000000000005,161
2023,10,12,13,0,15.9,49,49,1,14.4,91.07000000000001,85.31,2.4000000000000004,5.800000000000001,161
2023,10,12,14,0,17.3,237,42,3,15,86.54,73.72,2.3000000000000003,6.4,166
2023,10,12,15,0,19.3,430,90,3,16,81.15,62.85,2.4000000000000004,7.1000000000000005,174
2023,10,12,16,0,21.5,592,134,3,16.6,73.71000000000001,53.4,2.5,7.4,182
2023,10,12,17,0,23.8,704,704,1,16.8,65.03,46.32,2.6,7.4,185
2023,10,12,18,0,25.700000000000003,755,755,1,17,58.56,42.88,2.8000000000000003,7.2,189
2023,10,12,19,0,27.3,737,737,0,17,53.53,43.95,3,6.7,192
2023,10,12,20,0,28.5,658,658,0,17,49.72,49.230000000000004,3.1,6.4,189
2023,10,12,21,0,28.900000000000002,520,520,0,16.8,48.11,57.56,3.2,6.2,183
2023,10,12,22,0,28.400000000000002,343,343,0,16.7,49.13,67.78,3.1,5.800000000000001,174
2023,10,12,23,0,26.5,146,146,0,16.8,55.15,79.07000000000001,3,5.2,163
2023,10,13,0,0,24,0,0,0,16.8,64.29,91.09,3,5.4,156
2023,10,13,1,0,22.3,0,0,0,17,72.17,103.31,3,6.1000000000000005,155
2023,10,13,2,0,21,0,0,3,17.3,79.62,115.52,3,6.300000000000001,157
2023,10,13,3,0,20.3,0,0,0,17.6,84.31,127.4,3,6,164
2023,10,13,4,0,20,0,0,1,17.7,86.66,138.39000000000001,3.1,5.2,170
2023,10,13,5,0,19.6,0,0,7,17.8,89.35000000000001,147.39000000000001,3.1,4.4,175
2023,10,13,6,0,19.3,0,0,4,17.900000000000002,91.34,152.22,2.9000000000000004,4.1000000000000005,178
2023,10,13,7,0,18.900000000000002,0,0,0,17.900000000000002,93.71000000000001,150.70000000000002,2.6,3.6,179
2023,10,13,8,0,17.7,0,0,0,17.7,99.95,143.64000000000001,2.3000000000000003,2.1,192
2023,10,13,9,0,16.8,0,0,2,16.7,99.64,133.54,2.1,1.9000000000000001,245
2023,10,13,10,0,16.2,0,0,3,14.3,88.7,122.06,1.8,3.2,304
2023,10,13,11,0,15.100000000000001,0,0,0,11,76.45,109.99000000000001,1.6,4.4,325
2023,10,13,12,0,13.9,0,0,1,8.5,70.11,97.75,1.5,4.6000000000000005,334
2023,10,13,13,0,13.700000000000001,54,54,0,7,64.15,85.48,1.3,4.9,330
2023,10,13,14,0,15,252,252,0,4.9,50.7,73.91,1.3,6.6000000000000005,329
2023,10,13,15,0,16.5,454,454,0,3.5,41.81,63.08,1.2000000000000002,7,324
2023,10,13,16,0,18.1,622,622,0,3,36.57,53.67,1.1,6.9,321
2023,10,13,17,0,19.6,735,735,0,3,33.39,46.65,1.1,6.800000000000001,318
2023,10,13,18,0,20.900000000000002,787,787,0,3.3000000000000003,31.35,43.24,1.1,6.7,317
2023,10,13,19,0,21.700000000000003,768,768,0,3.5,30.26,44.32,1.2000000000000002,6.5,318
2023,10,13,20,0,22.1,684,684,0,3.4000000000000004,29.43,49.59,1.3,6.2,320
2023,10,13,21,0,21.900000000000002,546,546,0,3.2,29.37,57.89,1.3,6,322
2023,10,13,22,0,21.200000000000003,361,361,0,3.1,30.28,68.07000000000001,1.3,5.6000000000000005,323
2023,10,13,23,0,19.5,154,154,0,3.2,33.9,79.34,1.3,4.5,325
2023,10,14,0,0,16.6,0,0,0,3.7,42.27,91.35000000000001,1.3,3,326
2023,10,14,1,0,15.3,0,0,0,3.7,45.94,103.57000000000001,1.2000000000000002,2.9000000000000004,326
2023,10,14,2,0,14.3,0,0,0,3.6,48.49,115.79,1.2000000000000002,2.9000000000000004,326
2023,10,14,3,0,13.5,0,0,0,3.4000000000000004,50.47,127.68,1.1,3.1,327
2023,10,14,4,0,12.600000000000001,0,0,0,3.2,52.92,138.70000000000002,1.1,3.2,328
2023,10,14,5,0,11.8,0,0,0,3,55,147.74,1,3.2,328
2023,10,14,6,0,11,0,0,0,2.9000000000000004,57.31,152.6,1,3.1,327
2023,10,14,7,0,10.4,0,0,0,2.7,59.04,151.04,1,3.2,324
2023,10,14,8,0,10,0,0,0,2.6,59.980000000000004,143.9,0.9,3.6,322
2023,10,14,9,0,9.5,0,0,0,2.5,61.59,133.75,0.9,3.6,322
2023,10,14,10,0,9,0,0,0,2.4000000000000004,63.21,122.23,0.9,3.4000000000000004,321
2023,10,14,11,0,8.4,0,0,0,2.3000000000000003,65.3,110.15,1,3.2,319
2023,10,14,12,0,8,0,0,0,2.1,66.51,97.92,1,3.2,316
2023,10,14,13,0,8.700000000000001,54,54,0,2.1,63.22,85.64,1.1,3.8000000000000003,315
2023,10,14,14,0,11.100000000000001,249,249,0,2.1,54.02,74.11,1.2000000000000002,5.6000000000000005,333
2023,10,14,15,0,13.200000000000001,448,448,0,2.6,48.65,63.31,1.3,6.1000000000000005,340
2023,10,14,16,0,15,613,613,0,3.1,44.800000000000004,53.94,1.3,5.9,340
2023,10,14,17,0,16.8,727,727,0,3.4000000000000004,40.94,46.97,1.3,5.7,339
2023,10,14,18,0,18.3,779,779,0,3.6,37.54,43.61,1.3,5.6000000000000005,337
2023,10,14,19,0,19.3,762,762,0,3.5,35.04,44.7,1.3,5.5,335
2023,10,14,20,0,19.700000000000003,680,680,0,3.3000000000000003,33.72,49.95,1.3,5.5,334
2023,10,14,21,0,19.6,540,540,0,3.1,33.480000000000004,58.21,1.3,5.300000000000001,334
2023,10,14,22,0,18.900000000000002,355,355,0,3,34.74,68.37,1.3,5.1000000000000005,335
2023,10,14,23,0,17.2,150,150,0,3.2,39.230000000000004,79.62,1.3,4.2,337
2023,10,15,0,0,14.3,0,0,0,3.9000000000000004,49.44,91.62,1.3,2.7,340
2023,10,15,1,0,13.5,0,0,0,4,52.76,103.83,1.4000000000000001,3.1,344
2023,10,15,2,0,12.700000000000001,0,0,0,4.3,56.63,116.05,1.4000000000000001,3.4000000000000004,350
2023,10,15,3,0,11.8,0,0,0,4.6000000000000005,61.32,127.96000000000001,1.3,3.3000000000000003,356
2023,10,15,4,0,10.8,0,0,0,4.800000000000001,66.32000000000001,139.01,1.3,2.6,357
2023,10,15,5,0,9.9,0,0,1,4.800000000000001,70.49,148.09,1.3,2.2,353
2023,10,15,6,0,9.5,0,0,3,4.7,72.08,152.97,1.3,2.5,344
2023,10,15,7,0,9.200000000000001,0,0,4,4.7,73.21000000000001,151.37,1.3,2.9000000000000004,335
2023,10,15,8,0,8.8,0,0,0,4.6000000000000005,75.08,144.16,1.3,3.2,331
2023,10,15,9,0,8.5,0,0,0,4.6000000000000005,76.64,133.95,1.3,3.4000000000000004,330
2023,10,15,10,0,8.200000000000001,0,0,0,4.7,78.35000000000001,122.41,1.3,3.5,331
2023,10,15,11,0,7.9,0,0,0,4.7,80.03,110.31,1.4000000000000001,3.6,333
2023,10,15,12,0,7.6000000000000005,0,0,0,4.7,81.7,98.08,1.5,3.6,334
2023,10,15,13,0,8.5,49,49,0,4.7,77.25,85.81,1.6,4.2,335
2023,10,15,14,0,10.9,241,135,3,5,67.12,74.3,1.6,5.6000000000000005,348
2023,10,15,15,0,13.3,439,282,3,5.2,57.81,63.54,1.6,6.1000000000000005,356
2023,10,15,16,0,15.100000000000001,603,417,3,4.9,50.39,54.22,1.6,6,358
2023,10,15,17,0,16.5,715,424,3,4.7,45.4,47.300000000000004,1.6,5.9,358
2023,10,15,18,0,17.5,768,151,4,4.5,42.24,43.97,1.5,5.6000000000000005,359
2023,10,15,19,0,18.3,752,582,3,4.3,39.49,45.07,1.5,5.5,357
2023,10,15,20,0,18.6,672,329,3,3.8000000000000003,37.58,50.300000000000004,1.4000000000000001,5.5,356
2023,10,15,21,0,18.400000000000002,534,247,3,3.3000000000000003,36.67,58.53,1.3,5.4,356
2023,10,15,22,0,17.5,350,350,1,2.8000000000000003,37.33,68.66,1.2000000000000002,5,357
2023,10,15,23,0,15.8,146,146,0,2.5,40.87,79.89,1.1,3.9000000000000004,358
2023,10,16,0,0,12.5,0,0,0,3,52.45,91.87,1.1,2,0
2023,10,16,1,0,11.3,0,0,0,2.9000000000000004,56.36,104.08,1.1,1.9000000000000001,3
2023,10,16,2,0,10.3,0,0,0,2.7,59.480000000000004,116.31,1.1,1.8,7
2023,10,16,3,0,9.5,0,0,0,2.5,61.78,128.23,1,1.8,10
2023,10,16,4,0,8.8,0,0,0,2.3000000000000003,63.64,139.32,1,1.9000000000000001,10
2023,10,16,5,0,8.200000000000001,0,0,0,2.1,65.26,148.44,1,2,9
2023,10,16,6,0,7.6000000000000005,0,0,0,1.9000000000000001,66.99,153.34,0.9,2,6
2023,10,16,7,0,6.9,0,0,0,1.7000000000000002,69.31,151.70000000000002,0.9,2,2
2023,10,16,8,0,6.4,0,0,0,1.5,70.83,144.41,0.9,2.1,357
2023,10,16,9,0,5.9,0,0,0,1.4000000000000001,72.7,134.16,0.8,2.2,352
2023,10,16,10,0,5.5,0,0,0,1.3,74.4,122.59,0.8,2.4000000000000004,351
2023,10,16,11,0,5,0,0,0,1.3,76.92,110.48,0.8,2.5,347
2023,10,16,12,0,4.6000000000000005,0,0,0,1.3,78.94,98.24000000000001,0.8,2.6,343
2023,10,16,13,0,5.300000000000001,50,50,0,1.3,75.2,85.98,0.8,3.3000000000000003,339
2023,10,16,14,0,8.4,246,246,0,1.2000000000000002,60.6,74.5,0.9,3.6,341
2023,10,16,15,0,11.9,447,447,0,0.6000000000000001,45.95,63.77,0.9,4.4,350
2023,10,16,16,0,13.8,617,617,0,0.5,40.12,54.49,0.8,4.1000000000000005,349
2023,10,16,17,0,15.600000000000001,731,731,0,0.30000000000000004,35.37,47.62,0.8,3.7,349
2023,10,16,18,0,17.1,783,783,0,0.1,31.69,44.34,0.8,3.3000000000000003,345
2023,10,16,19,0,18.2,766,766,0,-0.1,29.02,45.44,0.8,2.9000000000000004,341
2023,10,16,20,0,18.900000000000002,682,682,0,-0.4,27.26,50.65,0.8,2.7,338
2023,10,16,21,0,19,540,540,0,-0.6000000000000001,26.68,58.85,0.8,2.5,337
2023,10,16,22,0,18.400000000000002,353,353,0,-0.8,27.22,68.95,0.8,2.2,339
2023,10,16,23,0,15.8,145,145,0,3.3000000000000003,43.15,80.15,0.8,1,343
2023,10,17,0,0,13.4,0,0,0,1.4000000000000001,43.910000000000004,92.13,0.8,1,350
2023,10,17,1,0,13,0,0,0,0.7000000000000001,42.85,104.33,0.8,0.9,2
2023,10,17,2,0,13.200000000000001,0,0,0,0.1,40.52,116.56,0.8,0.6000000000000001,21
2023,10,17,3,0,13.100000000000001,0,0,0,-0.1,40.42,128.5,0.7000000000000001,0.30000000000000004,61
2023,10,17,4,0,12.3,0,0,0,-0.30000000000000004,41.88,139.61,0.7000000000000001,0.5,158
2023,10,17,5,0,10.8,0,0,0,-0.30000000000000004,46.15,148.78,0.8,0.8,191
2023,10,17,6,0,9.4,0,0,0,-0.4,50.31,153.72,0.8,1.1,207
2023,10,17,7,0,7.800000000000001,0,0,0,-0.5,55.86,152.03,0.8,1.2000000000000002,219
2023,10,17,8,0,6.6000000000000005,0,0,0,-0.6000000000000001,60.24,144.67000000000002,0.8,1.3,230
2023,10,17,9,0,6,0,0,0,-0.6000000000000001,62.660000000000004,134.36,0.9,1.3,241
2023,10,17,10,0,5.6000000000000005,0,0,0,-0.5,64.81,122.76,0.9,1.4000000000000001,249
2023,10,17,11,0,5.2,0,0,0,-0.4,67.06,110.64,1,1.3,253
2023,10,17,12,0,4.9,0,0,0,-0.30000000000000004,69.16,98.41,1,1.3,255
2023,10,17,13,0,6.9,46,46,0,0.5,63.75,86.15,1.1,1.4000000000000001,251
2023,10,17,14,0,10.5,239,239,0,0.7000000000000001,50.71,74.7,1.2000000000000002,2.2,238
2023,10,17,15,0,14.700000000000001,437,437,0,1.1,39.49,64,1.3,2.4000000000000004,217
2023,10,17,16,0,18.8,599,599,0,0.4,29.09,54.77,1.4000000000000001,3,210
2023,10,17,17,0,20.900000000000002,711,711,0,0.7000000000000001,26.13,47.95,1.4000000000000001,3.1,203
2023,10,17,18,0,22.5,758,758,0,1.1,24.25,44.7,1.5,3.3000000000000003,199
2023,10,17,19,0,23.700000000000003,741,741,0,1.4000000000000001,23.05,45.81,1.5,3.4000000000000004,197
2023,10,17,20,0,24.3,659,659,0,1.7000000000000002,22.7,51,1.5,3.4000000000000004,196
2023,10,17,21,0,24.3,520,520,0,2,23.21,59.17,1.5,3.4000000000000004,193
2023,10,17,22,0,23.400000000000002,336,336,0,2.5,25.48,69.24,1.5,3.2,187
2023,10,17,23,0,19.700000000000003,134,134,0,5.300000000000001,38.84,80.42,1.5,1.8,177
2023,10,18,0,0,16.3,0,0,0,4.3,44.82,92.38,1.5,2,171
2023,10,18,1,0,15.9,0,0,0,3.5,43.410000000000004,104.58,1.4000000000000001,2.9000000000000004,169
2023,10,18,2,0,15.5,0,0,0,3,43.15,116.81,1.4000000000000001,3.7,170
2023,10,18,3,0,14.600000000000001,0,0,0,2.9000000000000004,45.33,128.77,1.4000000000000001,4,172
2023,10,18,4,0,13.700000000000001,0,0,0,2.9000000000000004,47.95,139.91,1.4000000000000001,4,175
2023,10,18,5,0,12.9,0,0,0,2.9000000000000004,50.5,149.12,1.5,3.8000000000000003,177
2023,10,18,6,0,12.3,0,0,0,2.8000000000000003,52.39,154.08,1.5,3.8000000000000003,179
2023,10,18,7,0,11.8,0,0,0,2.7,53.81,152.35,1.5,3.8000000000000003,181
2023,10,18,8,0,11.4,0,0,0,2.6,54.84,144.92000000000002,1.5,3.8000000000000003,182
2023,10,18,9,0,10.9,0,0,0,2.7,56.83,134.56,1.5,3.6,181
2023,10,18,10,0,10.5,0,0,0,2.9000000000000004,59.53,122.94,1.5,3.5,179
2023,10,18,11,0,10.100000000000001,0,0,0,3.4000000000000004,63.120000000000005,110.81,1.5,3.4000000000000004,178
2023,10,18,12,0,9.700000000000001,0,0,0,4,67.68,98.58,1.6,3.3000000000000003,178
2023,10,18,13,0,10.3,42,42,0,4.7,68.44,86.33,1.6,3.6,179
2023,10,18,14,0,12.9,230,230,0,5.7,61.71,74.9,1.6,3.4000000000000004,179
2023,10,18,15,0,17.1,425,425,0,7.1000000000000005,51.61,64.23,1.7000000000000002,3.1,188
2023,10,18,16,0,21.400000000000002,587,587,0,8.1,42.34,55.04,1.7000000000000002,3.5,206
2023,10,18,17,0,24.6,696,696,0,8.1,34.99,48.27,1.8,3.6,207
2023,10,18,18,0,26.900000000000002,745,745,0,7.6000000000000005,29.490000000000002,45.06,1.9000000000000001,3.7,202
2023,10,18,19,0,28.1,726,726,0,7.300000000000001,26.92,46.18,2,3.4000000000000004,204
2023,10,18,20,0,28.6,642,642,0,7.2,25.990000000000002,51.34,2.1,3.2,203
2023,10,18,21,0,28.400000000000002,502,502,0,7.2,26.34,59.480000000000004,2.2,3,206
2023,10,18,22,0,27.3,320,320,0,8.1,29.810000000000002,69.53,2.2,2.1,220
2023,10,18,23,0,23.5,122,122,0,11.200000000000001,45.85,80.68,2.2,0.9,272
2023,10,19,0,0,20.1,0,0,0,9.200000000000001,49.43,92.63,2.2,1.2000000000000002,339
2023,10,19,1,0,19.1,0,0,0,8.5,50.27,104.82000000000001,2.1,1.7000000000000002,1
2023,10,19,2,0,18,0,0,0,8.1,52.38,117.06,2,2,8
2023,10,19,3,0,16.400000000000002,0,0,0,7.9,57.32,129.03,1.6,1.9000000000000001,10
2023,10,19,4,0,14.9,0,0,0,7.7,62.050000000000004,140.20000000000002,1.3,1.6,10
2023,10,19,5,0,13.9,0,0,0,7.300000000000001,64.39,149.45000000000002,1.1,1.4000000000000001,11
2023,10,19,6,0,13.100000000000001,0,0,0,6.9,66.04,154.45000000000002,1,1.3,9
2023,10,19,7,0,12.200000000000001,0,0,0,6.6000000000000005,68.84,152.68,1,1.2000000000000002,5
2023,10,19,8,0,11.700000000000001,0,0,0,6.4,70.15,145.17000000000002,1,1.2000000000000002,356
2023,10,19,9,0,11.200000000000001,0,0,0,6.1000000000000005,70.88,134.76,1,1.4000000000000001,341
2023,10,19,10,0,11.200000000000001,0,0,0,5.5,67.94,123.11,1.1,1.9000000000000001,330
2023,10,19,11,0,10.8,0,0,0,4.7,65.9,110.97,1.2000000000000002,2.2,325
2023,10,19,12,0,10.3,0,0,0,3.9000000000000004,64.48,98.74000000000001,1.2000000000000002,2.4000000000000004,318
2023,10,19,13,0,11,41,41,0,3.4000000000000004,59.32,86.5,1.2000000000000002,3.3000000000000003,318
2023,10,19,14,0,13.5,232,232,0,3.3000000000000003,49.96,75.10000000000001,1.2000000000000002,3.6,322
2023,10,19,15,0,17.400000000000002,430,430,0,3.8000000000000003,40.51,64.47,1.2000000000000002,3,317
2023,10,19,16,0,21.900000000000002,590,590,0,3.7,30.44,55.32,1.4000000000000001,3.1,319
2023,10,19,17,0,25,700,700,0,2.7,23.51,48.59,1.5,3.4000000000000004,315
2023,10,19,18,0,26.5,744,744,0,2,20.47,45.42,1.7000000000000002,3.5,311
2023,10,19,19,0,27.6,725,725,0,1.5,18.41,46.54,1.8,3.5,311
2023,10,19,20,0,28.200000000000003,643,643,0,1.1,17.31,51.68,1.8,3.4000000000000004,308
2023,10,19,21,0,28.3,505,505,0,1.1,17.2,59.800000000000004,1.8,3.2,306
2023,10,19,22,0,27.3,325,325,0,4.3,22.91,69.81,1.7000000000000002,2,306
2023,10,19,23,0,24.400000000000002,125,125,0,8.700000000000001,36.76,80.94,1.7000000000000002,0.8,303
2023,10,20,0,0,23.6,0,0,0,4.1000000000000005,28.21,92.88,1.7000000000000002,0.7000000000000001,262
2023,10,20,1,0,21.900000000000002,0,0,0,4.3,31.69,105.06,1.7000000000000002,1,229
2023,10,20,2,0,19.8,0,0,0,4.800000000000001,37.39,117.3,1.7000000000000002,1.4000000000000001,231
2023,10,20,3,0,17.8,0,0,0,5.1000000000000005,43.04,129.28,1.7000000000000002,1.4000000000000001,238
2023,10,20,4,0,16.900000000000002,0,0,0,4.7,44.300000000000004,140.49,1.7000000000000002,1.6,246
2023,10,20,5,0,16.7,0,0,0,4.5,44.25,149.79,1.7000000000000002,1.9000000000000001,254
2023,10,20,6,0,16.3,0,0,0,4.7,46.2,154.81,1.6,2.2,263
2023,10,20,7,0,15.8,0,0,0,5.2,49.28,153,1.6,2.2,275
2023,10,20,8,0,15.100000000000001,0,0,0,5.6000000000000005,52.96,145.42000000000002,1.5,2.1,294
2023,10,20,9,0,14.4,0,0,0,5.800000000000001,56.22,134.96,1.4000000000000001,2.2,319
2023,10,20,10,0,13.700000000000001,0,0,0,5.800000000000001,58.910000000000004,123.28,1.3,2.3000000000000003,338
2023,10,20,11,0,13.100000000000001,0,0,0,5.7,60.76,111.14,1.3,2.2,350
2023,10,20,12,0,12.5,0,0,0,5.6000000000000005,62.77,98.91,1.2000000000000002,2,357
2023,10,20,13,0,13.8,40,40,0,5.9,59.03,86.68,1.2000000000000002,2.1,0
2023,10,20,14,0,17.3,230,230,0,6,47.33,75.3,1.1,2.7,360
2023,10,20,15,0,20.6,428,428,0,6.9,41.050000000000004,64.7,1.1,1.7000000000000002,3
2023,10,20,16,0,25.3,592,592,0,7.4,31.91,55.6,1.1,1.2000000000000002,43
2023,10,20,17,0,29.1,704,704,0,5.800000000000001,22.88,48.910000000000004,1.1,1.5,50
2023,10,20,18,0,30.700000000000003,754,754,0,4.9,19.6,45.77,1.1,1.1,22
2023,10,20,19,0,31.6,736,736,0,4.1000000000000005,17.6,46.9,1.1,0.9,351
2023,10,20,20,0,31.900000000000002,651,651,0,3.5,16.57,52.02,1.2000000000000002,0.7000000000000001,313
2023,10,20,21,0,31.700000000000003,511,511,0,3.3000000000000003,16.580000000000002,60.1,1.2000000000000002,0.8,271
2023,10,20,22,0,30.700000000000003,326,326,0,5.1000000000000005,19.96,70.09,1.2000000000000002,0.7000000000000001,233
2023,10,20,23,0,27.1,124,124,0,10,34.24,81.19,1.2000000000000002,0.9,194
2023,10,21,0,0,23.200000000000003,0,0,0,7.300000000000001,36.11,93.12,1.2000000000000002,1.4000000000000001,183
2023,10,21,1,0,20.8,0,0,0,7,40.96,105.29,1.2000000000000002,1.5,184
2023,10,21,2,0,19.700000000000003,0,0,0,6.300000000000001,41.68,117.54,1.2000000000000002,1.7000000000000002,188
2023,10,21,3,0,19.200000000000003,0,0,0,5.7,41.08,129.54,1.2000000000000002,2,194
2023,10,21,4,0,18.7,0,0,0,5.2,40.95,140.77,1.2000000000000002,2.3000000000000003,200
2023,10,21,5,0,18.2,0,0,0,4.9,41.37,150.11,1.2000000000000002,2.5,204
2023,10,21,6,0,17.6,0,0,0,4.6000000000000005,42.32,155.17000000000002,1.2000000000000002,2.6,209
2023,10,21,7,0,17.2,0,0,3,4.4,42.78,153.32,1.2000000000000002,3,215
2023,10,21,8,0,17,0,0,0,4.2,42.76,145.67000000000002,1.3,3.3000000000000003,220
2023,10,21,9,0,16.900000000000002,0,0,0,4.2,42.81,135.16,1.3,3.7,224
2023,10,21,10,0,16.8,0,0,7,4.3,43.35,123.46000000000001,1.3,3.7,228
2023,10,21,11,0,16.8,0,0,7,4.4,43.87,111.3,1.3,3.5,231
2023,10,21,12,0,16.7,0,0,7,4.7,45.03,99.08,1.3,3.2,234
2023,10,21,13,0,17,36,24,7,5.1000000000000005,45.39,86.85000000000001,1.3,3.1,236
2023,10,21,14,0,18.6,223,168,7,5.5,42.07,75.5,1.3,3.5,237
2023,10,21,15,0,20.6,419,338,8,5.9,38.37,64.94,1.3,3.2,239
2023,10,21,16,0,23.3,580,419,7,6.2,33.14,55.870000000000005,1.4000000000000001,2.7,238
2023,10,21,17,0,25.5,691,539,8,6,28.66,49.230000000000004,1.4000000000000001,2.3000000000000003,233
2023,10,21,18,0,26.8,738,560,7,6,26.59,46.12,1.5,2.1,230
2023,10,21,19,0,27.5,720,579,8,6.4,26.13,47.26,1.5,2,230
2023,10,21,20,0,27.8,635,511,7,7.4,27.66,52.36,1.6,1.6,228
2023,10,21,21,0,27.1,495,332,7,10.9,36.25,60.410000000000004,1.6,0.9,222
2023,10,21,22,0,25.200000000000003,313,173,7,13.200000000000001,47.47,70.36,1.6,0.8,210
2023,10,21,23,0,23.700000000000003,114,67,7,10.700000000000001,43.97,81.44,1.6,1.1,202
2023,10,22,0,0,22.700000000000003,0,0,7,9.4,42.910000000000004,93.36,1.5,1.3,196
2023,10,22,1,0,22.1,0,0,6,9.200000000000001,43.76,105.53,1.5,1.3,193
2023,10,22,2,0,21.3,0,0,7,9,45.49,117.77,1.4000000000000001,1.4000000000000001,192
2023,10,22,3,0,20.3,0,0,7,8.8,47.65,129.78,1.4000000000000001,1.5,193
2023,10,22,4,0,19,0,0,7,8.5,50.51,141.04,1.4000000000000001,1.6,194
2023,10,22,5,0,17.900000000000002,0,0,7,8.1,52.800000000000004,150.44,1.4000000000000001,1.5,193
2023,10,22,6,0,17.3,0,0,7,7.800000000000001,53.52,155.53,1.4000000000000001,1.4000000000000001,190
2023,10,22,7,0,16.5,0,0,7,7.5,55.32,153.64000000000001,1.4000000000000001,1.3,187
2023,10,22,8,0,15.5,0,0,7,7.4,58.47,145.92000000000002,1.4000000000000001,1.2000000000000002,184
2023,10,22,9,0,14.600000000000001,0,0,7,7.4,62.18,135.36,1.4000000000000001,1.2000000000000002,178
2023,10,22,10,0,13.9,0,0,8,7.7,66.35,123.63000000000001,1.5,1.2000000000000002,164
2023,10,22,11,0,13.600000000000001,0,0,3,8.200000000000001,69.86,111.47,1.5,1.2000000000000002,149
2023,10,22,12,0,13.4,0,0,1,8.5,72,99.25,1.6,1.4000000000000001,140
2023,10,22,13,0,14.700000000000001,32,21,7,8.700000000000001,67.28,87.02,1.6,2.1,137
2023,10,22,14,0,17.8,213,147,7,8.9,55.82,75.71000000000001,1.7000000000000002,3.5,136
2023,10,22,15,0,21,407,318,8,9.4,47.54,65.17,1.8,3.1,135
2023,10,22,16,0,24.700000000000003,565,448,8,9.1,37.09,56.15,1.9000000000000001,3.4000000000000004,146
2023,10,22,17,0,27.3,672,517,7,9.4,32.45,49.550000000000004,2,3.8000000000000003,156
2023,10,22,18,0,29.3,722,563,7,9.5,29.17,46.47,2,4.3,168
2023,10,22,19,0,30.200000000000003,704,610,3,9.1,26.89,47.61,2,4.800000000000001,168
2023,10,22,20,0,30.400000000000002,622,444,8,8.700000000000001,25.93,52.69,2,5.1000000000000005,167
2023,10,22,21,0,30,484,350,7,8.8,26.76,60.71,2,5.300000000000001,167
2023,10,22,22,0,28.700000000000003,303,185,7,9.600000000000001,30.37,70.63,2.1,5,166
2023,10,22,23,0,25.6,108,76,7,11,39.94,81.69,2,3.6,161
2023,10,23,0,0,22.400000000000002,0,0,7,11.9,51.39,93.59,2,3.3000000000000003,155
2023,10,23,1,0,21.400000000000002,0,0,8,12.9,58.35,105.75,2,3.8000000000000003,152
2023,10,23,2,0,20.3,0,0,8,14,66.95,118,2,3.9000000000000004,149
2023,10,23,3,0,19.5,0,0,7,14.9,74.52,130.02,2.1,3.9000000000000004,148
2023,10,23,4,0,19.1,0,0,3,15.5,79.51,141.31,2.2,3.9000000000000004,148
2023,10,23,5,0,18.8,0,0,8,15.9,83.02,150.76,2.3000000000000003,3.8000000000000003,147
2023,10,23,6,0,18.6,0,0,7,16,85.07000000000001,155.89000000000001,2.5,3.7,149
2023,10,23,7,0,18.400000000000002,0,0,7,16.1,86.49,153.95000000000002,2.7,3.7,153
2023,10,23,8,0,18.3,0,0,7,16.1,87.14,146.16,2.9000000000000004,3.7,157
2023,10,23,9,0,18.3,0,0,7,16.2,87.48,135.56,3.1,3.7,156
2023,10,23,10,0,18.3,0,0,7,16.400000000000002,88.7,123.8,3.1,3.7,157
2023,10,23,11,0,18.2,0,0,3,16.8,91.43,111.63,3.1,3.7,158
2023,10,23,12,0,18.2,0,0,0,17.2,94.10000000000001,99.41,3.2,3.7,159
2023,10,23,13,0,18.400000000000002,27,18,7,17.7,95.95,87.2,3.4000000000000004,3.7,161
2023,10,23,14,0,19.5,194,133,7,18.3,93.02,75.91,3.5,4,164
2023,10,23,15,0,21.6,377,178,7,19.3,86.55,65.41,3.6,4.9,178
2023,10,23,16,0,23.900000000000002,536,337,7,19.5,76.54,56.42,3.5,5.300000000000001,189
2023,10,23,17,0,25.5,646,282,7,19.3,68.49,49.870000000000005,3.4000000000000004,5.1000000000000005,192
2023,10,23,18,0,25.900000000000002,697,170,8,19.1,65.97,46.82,3.3000000000000003,4.800000000000001,188
2023,10,23,19,0,25.8,679,330,8,19,65.99,47.96,3.4000000000000004,4.6000000000000005,180
2023,10,23,20,0,25.5,597,394,8,19,67.13,53.02,3.6,4.4,170
2023,10,23,21,0,24.900000000000002,463,373,8,19.1,70.36,61,3.7,4.3,162
2023,10,23,22,0,23.900000000000002,287,165,7,19.6,77.09,70.9,3.9000000000000004,4,158
2023,10,23,23,0,22.6,99,23,7,20.1,86.02,81.93,4,3.7,154
2023,10,24,0,0,21.5,0,0,7,20.400000000000002,93.42,93.82000000000001,4.1000000000000005,3.5,151
2023,10,24,1,0,21,0,0,7,20.5,97.2,105.98,4.4,3.2,149
2023,10,24,2,0,20.8,0,0,7,20.6,98.96000000000001,118.22,4.5,2.9000000000000004,153
2023,10,24,3,0,20.6,0,0,7,20.6,100,130.26,4.5,2.8000000000000003,163
2023,10,24,4,0,20.5,0,0,7,20.5,99.73,141.58,4.4,2.8000000000000003,167
2023,10,24,5,0,20.3,0,0,7,20.3,99.87,151.07,4.4,2.7,162
2023,10,24,6,0,20.1,0,0,7,20.1,100,156.24,4.6000000000000005,2.8000000000000003,152
2023,10,24,7,0,20,0,0,7,20,99.97,154.26,4.7,3.6,147
2023,10,24,8,0,19.700000000000003,0,0,7,19.700000000000003,99.82000000000001,146.4,4.7,4.1000000000000005,141
2023,10,24,9,0,19.3,0,0,5,19.200000000000003,99.12,135.75,4.7,4.3,138
2023,10,24,10,0,18.900000000000002,0,0,4,18.8,99.36,123.98,4.800000000000001,4.6000000000000005,139
2023,10,24,11,0,18.900000000000002,0,0,7,18.8,99.18,111.8,4.9,5.1000000000000005,141
2023,10,24,12,0,19,0,0,7,18.900000000000002,99.10000000000001,99.58,4.9,5.5,145
2023,10,24,13,0,19.200000000000003,23,6,7,19,99.01,87.37,4.9,5.800000000000001,150
2023,10,24,14,0,19.8,183,15,7,19.5,98.07000000000001,76.11,4.800000000000001,6.2,155
2023,10,24,15,0,20.700000000000003,360,11,8,20,96.05,65.64,4.800000000000001,7.300000000000001,166
2023,10,24,16,0,22.200000000000003,510,35,4,20.5,90.15,56.7,4.7,7.800000000000001,180
2023,10,24,17,0,23.900000000000002,616,76,3,20.6,81.69,50.19,4.6000000000000005,7.9,187
2023,10,24,18,0,25.200000000000003,661,80,3,20.5,75.43,47.17,4.6000000000000005,7.6000000000000005,190
2023,10,24,19,0,25.3,644,117,3,20.8,76.10000000000001,48.31,4.9,6.9,186
2023,10,24,20,0,24.700000000000003,565,28,5,21.200000000000003,80.98,53.34,5.1000000000000005,6.300000000000001,181
2023,10,24,21,0,24,434,72,3,21.6,86.46000000000001,61.300000000000004,5.1000000000000005,5.300000000000001,179
2023,10,24,22,0,23.3,261,13,3,21.900000000000002,91.88,71.16,5.1000000000000005,4.2,175
2023,10,24,23,0,22.5,83,83,0,22,97.04,82.17,5,3.3000000000000003,171
2023,10,25,0,0,21.900000000000002,0,0,3,21.8,99.58,94.05,4.6000000000000005,3.5,180
2023,10,25,1,0,21.8,0,0,3,21.700000000000003,99.68,106.19,4.2,4.7,186
2023,10,25,2,0,21.700000000000003,0,0,1,21.700000000000003,99.73,118.44,4.1000000000000005,4.9,187
2023,10,25,3,0,21.6,0,0,3,21.5,99.12,130.49,4.1000000000000005,5,183
2023,10,25,4,0,21.400000000000002,0,0,3,21.200000000000003,98.68,141.84,4,5.1000000000000005,179
2023,10,25,5,0,21.1,0,0,1,20.900000000000002,99.08,151.38,3.9000000000000004,4.800000000000001,178
2023,10,25,6,0,20.900000000000002,0,0,1,20.8,99.35000000000001,156.58,3.8000000000000003,4.5,176
2023,10,25,7,0,20.8,0,0,3,20.700000000000003,99.14,154.57,3.8000000000000003,4.1000000000000005,174
2023,10,25,8,0,20.700000000000003,0,0,3,20.5,98.56,146.64000000000001,3.9000000000000004,4.5,176
2023,10,25,9,0,20.5,0,0,8,20.3,98.55,135.95,3.9000000000000004,4.9,178
2023,10,25,10,0,20.3,0,0,3,20.1,98.48,124.15,4,4.800000000000001,176
2023,10,25,11,0,20.1,0,0,1,19.8,98.38,111.96000000000001,4,4.800000000000001,174
2023,10,25,12,0,19.900000000000002,0,0,7,19.6,98.33,99.75,4,4.5,170
2023,10,25,13,0,19.8,22,11,7,19.5,98.34,87.54,4.1000000000000005,4.4,162
2023,10,25,14,0,20.5,179,34,8,19.900000000000002,96.09,76.32000000000001,4.2,4.800000000000001,160
2023,10,25,15,0,21.6,356,119,7,20.200000000000003,91.97,65.88,4.4,5.5,165
2023,10,25,16,0,22.700000000000003,507,75,7,20.400000000000002,86.91,56.97,4.5,6.2,171
2023,10,25,17,0,23.6,610,125,7,20.5,82.94,50.5,4.6000000000000005,6.5,176
2023,10,25,18,0,24.3,655,159,7,20.6,80.02,47.51,4.7,6.4,182
2023,10,25,19,0,24.8,638,135,7,20.8,78.26,48.65,4.7,5.9,183
2023,10,25,20,0,24.700000000000003,561,153,7,20.900000000000002,79.37,53.660000000000004,4.7,5.2,177
2023,10,25,21,0,24.3,427,9,6,21,81.97,61.59,4.800000000000001,4.800000000000001,171
2023,10,25,22,0,23.200000000000003,258,5,6,21,87.52,71.42,4.9,3.8000000000000003,164
2023,10,25,23,0,22,82,9,6,20.900000000000002,93.25,82.41,5,3.1,164
2023,10,26,0,0,21,0,0,7,20.700000000000003,97.98,94.27,4.9,2.5,168
2023,10,26,1,0,20.5,0,0,5,20.400000000000002,99.29,106.41,4.7,2.4000000000000004,152
2023,10,26,2,0,20,0,0,7,20,100,118.66,4.6000000000000005,2.4000000000000004,145
2023,10,26,3,0,19.700000000000003,0,0,7,19.700000000000003,100,130.72,4.6000000000000005,2.4000000000000004,134
2023,10,26,4,0,19.5,0,0,7,19.5,99.83,142.1,4.2,2.7,142
2023,10,26,5,0,19.200000000000003,0,0,8,19.200000000000003,100,151.68,3.9000000000000004,2.3000000000000003,149
2023,10,26,6,0,19,0,0,7,19,100,156.93,3.7,1.8,153
2023,10,26,7,0,18.6,0,0,7,18.6,100,154.88,3.3000000000000003,1.6,141
2023,10,26,8,0,18.400000000000002,0,0,7,18.400000000000002,100,146.88,2.9000000000000004,1.8,134
2023,10,26,9,0,18.1,0,0,4,18.1,100,136.14000000000001,2.7,1.9000000000000001,141
2023,10,26,10,0,18.2,0,0,8,18.2,100,124.32000000000001,2.7,2.2,154
2023,10,26,11,0,18.3,0,0,1,18.3,100,112.13,2.7,2.5,166
2023,10,26,12,0,18.6,0,0,1,18.6,100,99.92,2.9000000000000004,2.9000000000000004,173
2023,10,26,13,0,19.200000000000003,24,24,0,19.200000000000003,99.76,87.72,3,3.4000000000000004,178
2023,10,26,14,0,20.5,194,194,1,20.1,97.82000000000001,76.52,3,4.2,182
2023,10,26,15,0,22.200000000000003,381,158,3,21,92.99,66.11,2.9000000000000004,4.7,188
2023,10,26,16,0,24.3,538,538,1,21.200000000000003,83.06,57.25,2.8000000000000003,5.5,197
2023,10,26,17,0,26.1,646,646,0,21.1,74.11,50.82,2.7,5.9,201
2023,10,26,18,0,27.200000000000003,694,694,0,20.6,67.06,47.85,2.6,6.1000000000000005,199
2023,10,26,19,0,27.8,677,677,0,20.1,62.76,48.99,2.6,6.2,197
2023,10,26,20,0,28,598,598,0,19.8,61.1,53.980000000000004,2.5,6.2,196
2023,10,26,21,0,27.700000000000003,461,461,0,19.8,62.09,61.870000000000005,2.5,6,193
2023,10,26,22,0,26.8,284,284,0,20,66.16,71.68,2.5,5.5,190
2023,10,26,23,0,25.1,93,93,0,20.3,74.65,82.64,2.6,4.5,184
2023,10,27,0,0,23.6,0,0,0,20.5,82.55,94.49,2.6,4.3,178
2023,10,27,1,0,22.700000000000003,0,0,0,20.8,89.12,106.62,2.6,4.2,173
2023,10,27,2,0,22.200000000000003,0,0,0,21.200000000000003,93.89,118.87,2.6,4.5,172
2023,10,27,3,0,21.700000000000003,0,0,0,21.400000000000002,98.47,130.94,2.6,4.6000000000000005,175
2023,10,27,4,0,21.6,0,0,3,21.6,100,142.35,2.7,4.7,179
2023,10,27,5,0,21.700000000000003,0,0,3,21.700000000000003,100,151.98,2.8000000000000003,4.800000000000001,183
2023,10,27,6,0,21.900000000000002,0,0,1,21.900000000000002,100,157.27,2.9000000000000004,4.7,185
2023,10,27,7,0,22.1,0,0,1,22.1,100,155.18,2.9000000000000004,4.9,190
2023,10,27,8,0,22,0,0,1,22,100,147.12,2.9000000000000004,4.6000000000000005,194
2023,10,27,9,0,21.900000000000002,0,0,1,21.900000000000002,100,136.33,2.9000000000000004,4.3,195
2023,10,27,10,0,21.700000000000003,0,0,1,21.700000000000003,100,124.49000000000001,3,3.7,200
2023,10,27,11,0,21.400000000000002,0,0,1,21.400000000000002,100,112.29,3.2,3.2,217
2023,10,27,12,0,20.6,0,0,3,20.6,99.97,100.09,3.2,3.3000000000000003,253
2023,10,27,13,0,18.3,20,7,3,17.8,97.16,87.89,3,4.1000000000000005,302
2023,10,27,14,0,15.700000000000001,187,187,0,13.4,86.47,76.73,2.6,5.300000000000001,331
2023,10,27,15,0,14.600000000000001,376,376,1,9.200000000000001,70.27,66.35,2.3000000000000003,5.6000000000000005,341
2023,10,27,16,0,14.9,535,535,0,7.2,59.800000000000004,57.52,2.2,5.4,344
2023,10,27,17,0,15.8,645,645,1,6.7,54.75,51.13,2.1,5.2,345
2023,10,27,18,0,16.6,693,372,3,6.800000000000001,52.22,48.18,2.1,5,347
2023,10,27,19,0,17.1,675,675,0,6.800000000000001,50.81,49.32,2.1,4.800000000000001,349
2023,10,27,20,0,17.2,596,596,0,6.7,50.21,54.29,2,4.5,351
2023,10,27,21,0,16.8,458,458,0,6.6000000000000005,50.96,62.15,2,4.1000000000000005,356
2023,10,27,22,0,15.9,280,280,0,6.5,53.57,71.93,2,3.7,1
2023,10,27,23,0,14.200000000000001,90,90,0,6.4,59.46,82.86,1.9000000000000001,3,6
2023,10,28,0,0,12.4,0,0,0,6.5,67.35,94.7,1.9000000000000001,2.5,13
2023,10,28,1,0,11.5,0,0,0,6.2,69.83,106.82000000000001,2,2.7,19
2023,10,28,2,0,10.700000000000001,0,0,0,5.9,72.19,119.07000000000001,2.1,2.9000000000000004,21
2023,10,28,3,0,10.200000000000001,0,0,0,5.6000000000000005,72.94,131.16,2.2,3.1,25
2023,10,28,4,0,10,0,0,1,5.4,73.34,142.59,2.3000000000000003,3.3000000000000003,25
2023,10,28,5,0,9.700000000000001,0,0,1,5.4,74.52,152.27,2.4000000000000004,3.4000000000000004,26
2023,10,28,6,0,9.4,0,0,1,5.300000000000001,75.57000000000001,157.61,2.4000000000000004,3.5,27
2023,10,28,7,0,9.1,0,0,1,5.1000000000000005,76.03,155.48,2.4000000000000004,3.5,32
2023,10,28,8,0,9,0,0,0,4.9,75.27,147.35,2.6,3.2,48
2023,10,28,9,0,8.8,0,0,0,4.800000000000001,75.88,136.52,2.9000000000000004,3.2,38
2023,10,28,10,0,8.6,0,0,7,4.6000000000000005,75.84,124.66,3,3.4000000000000004,22
2023,10,28,11,0,8.200000000000001,0,0,3,4.1000000000000005,75.34,112.46000000000001,2.9000000000000004,3.9000000000000004,18
2023,10,28,12,0,7.800000000000001,0,0,5,3.5,74.21000000000001,100.26,2.9000000000000004,4,24
2023,10,28,13,0,7.6000000000000005,20,5,8,3,72.67,88.05,2.9000000000000004,4,29
2023,10,28,14,0,8.200000000000001,184,43,7,2.9000000000000004,69.24,76.93,2.9000000000000004,4.1000000000000005,33
2023,10,28,15,0,9.200000000000001,368,26,8,3.8000000000000003,68.9,66.58,3,3.6,35
2023,10,28,16,0,10.200000000000001,522,42,8,5,70.05,57.79,3.1,2.9000000000000004,28
2023,10,28,17,0,11.200000000000001,627,14,8,6.2,71.37,51.44,3.2,2.4000000000000004,15
2023,10,28,18,0,11.700000000000001,672,97,7,7.2,73.65,48.52,3.3000000000000003,2.3000000000000003,10
2023,10,28,19,0,11.700000000000001,653,14,8,7.7,76.72,49.660000000000004,3.4000000000000004,2.5,13
2023,10,28,20,0,11.700000000000001,572,572,1,8.1,78.56,54.6,3.5,2.8000000000000003,19
2023,10,28,21,0,11.4,438,21,3,8.200000000000001,80.57000000000001,62.43,3.4000000000000004,3,21
2023,10,28,22,0,10.8,265,10,3,8,82.64,72.17,3.1,3.2,23
2023,10,28,23,0,9.700000000000001,82,82,0,7.5,86.29,83.08,2.7,3.4000000000000004,22
2023,10,29,0,0,8.5,0,0,0,6.9,89.59,94.91,2.6,4.2,14
2023,10,29,1,0,7.300000000000001,0,0,0,5.9,90.77,107.02,2.6,5,10
2023,10,29,2,0,6.1000000000000005,0,0,0,4.800000000000001,91.45,119.27,2.7,5.4,9
2023,10,29,3,0,5.300000000000001,0,0,0,3.9000000000000004,90.81,131.37,2.8000000000000003,5.2,8
2023,10,29,4,0,4.800000000000001,0,0,0,3.4000000000000004,90.36,142.83,2.8000000000000003,4.9,7
2023,10,29,5,0,4.4,0,0,0,3,90.82000000000001,152.56,2.8000000000000003,4.6000000000000005,8
2023,10,29,6,0,4.2,0,0,3,2.8000000000000003,90.72,157.94,2.8000000000000003,4.4,7
2023,10,29,7,0,3.9000000000000004,0,0,1,2.6,91.21000000000001,155.78,2.8000000000000003,4.5,6
2023,10,29,8,0,3.6,0,0,1,2.3000000000000003,91.12,147.58,2.8000000000000003,4.800000000000001,5
2023,10,29,9,0,3.4000000000000004,0,0,0,1.9000000000000001,90.11,136.71,2.9000000000000004,4.9,3
2023,10,29,10,0,3.3000000000000003,0,0,1,1.6,88.84,124.83,2.9000000000000004,4.800000000000001,1
2023,10,29,11,0,3.1,0,0,3,1.4000000000000001,88.63,112.62,2.8000000000000003,4.800000000000001,360
2023,10,29,12,0,2.9000000000000004,0,0,7,1.2000000000000002,88.81,100.43,2.8000000000000003,4.800000000000001,357
2023,10,29,13,0,2.7,17,3,7,1,88.8,88.21000000000001,2.8000000000000003,5.2,357
2023,10,29,14,0,2.8000000000000003,176,32,7,0.8,86.53,77.13,2.8000000000000003,5.7,4
2023,10,29,15,0,3.5,360,6,7,0.9,82.9,66.82000000000001,2.8000000000000003,6,9
2023,10,29,16,0,4.5,514,10,8,1.1,78.55,58.07,2.7,6.300000000000001,10
2023,10,29,17,0,4.5,615,16,7,1,78.16,51.74,2.8000000000000003,6.4,2
2023,10,29,18,0,3.6,659,58,7,0.5,79.99,48.84,2.9000000000000004,6.5,359
2023,10,29,19,0,2.8000000000000003,640,37,7,0,82.08,49.980000000000004,3,6.300000000000001,1
2023,10,29,20,0,2.5,562,76,7,-0.1,83.03,54.9,2.9000000000000004,6.5,359
2023,10,29,21,0,2.2,430,39,7,-0.4,82.98,62.7,2.8000000000000003,6.6000000000000005,358
2023,10,29,22,0,2.4000000000000004,260,23,6,-0.6000000000000001,80.34,72.42,2.5,6.2,359
2023,10,29,23,0,2.4000000000000004,80,10,7,-0.6000000000000001,80.86,83.29,2.2,5.300000000000001,360
2023,10,30,0,0,2.3000000000000003,0,0,4,-0.30000000000000004,83.15,95.11,2.1,4.9,358
2023,10,30,1,0,2.2,0,0,2,-0.1,84.57000000000001,107.22,2.1,4.9,357
2023,10,30,2,0,2,0,0,4,-0.2,85.08,119.47,2,4.9,356
2023,10,30,3,0,1.6,0,0,4,-0.6000000000000001,85.47,131.57,1.8,4.800000000000001,358
2023,10,30,4,0,1.1,0,0,4,-1.1,85.34,143.06,1.6,4.800000000000001,355
2023,10,30,5,0,0.7000000000000001,0,0,1,-1.8,83.25,152.85,1.4000000000000001,5,355
2023,10,30,6,0,0.2,0,0,1,-2.7,81.11,158.27,1.4000000000000001,5,356
2023,10,30,7,0,-0.1,0,0,0,-3.5,77.97,156.08,1.3,4.9,358
2023,10,30,8,0,-0.4,0,0,0,-4.1000000000000005,76.03,147.81,1.3,4.7,0
2023,10,30,9,0,-0.8,0,0,0,-4.6000000000000005,75.48,136.9,1.2000000000000002,4.3,2
2023,10,30,10,0,-1.1,0,0,0,-4.9,75.22,125,1.2000000000000002,4.1000000000000005,3
2023,10,30,11,0,-1.4000000000000001,0,0,0,-5.1000000000000005,75.89,112.79,1,3.9000000000000004,3
2023,10,30,12,0,-2,0,0,0,-5.2,78.60000000000001,100.60000000000001,0.9,3.5,356
2023,10,30,13,0,-2.1,20,20,0,-5.2,79.43,88.37,0.8,3.6,352
2023,10,30,14,0,0.30000000000000004,198,198,0,-4.5,70.19,77.34,0.7000000000000001,4.6000000000000005,1
2023,10,30,15,0,2.4000000000000004,397,397,0,-5,58.11,67.06,0.6000000000000001,5.4,14
2023,10,30,16,0,3.8000000000000003,561,561,0,-5.7,49.9,58.34,0.6000000000000001,5.2,14
2023,10,30,17,0,5.1000000000000005,678,678,0,-6,44.6,52.050000000000004,0.5,5,12
2023,10,30,18,0,6.300000000000001,726,726,0,-5.9,41.39,49.17,0.5,4.7,10
2023,10,30,19,0,7.1000000000000005,707,707,0,-5.6000000000000005,39.92,50.31,0.5,4.3,6
2023,10,30,20,0,7.6000000000000005,627,627,0,-5.5,39.01,55.2,0.4,3.9000000000000004,3
2023,10,30,21,0,7.5,483,483,0,-5.300000000000001,39.71,62.97,0.4,3.7,1
2023,10,30,22,0,6.800000000000001,296,296,0,-4.800000000000001,43.5,72.65,0.4,3.2,359
2023,10,30,23,0,4,93,93,0,-2.1,64.42,83.5,0.4,1.6,360
2023,10,31,0,0,1.5,0,0,0,-2.6,73.93,95.31,0.4,1.3,2
2023,10,31,1,0,1.1,0,0,0,-3.2,72.77,107.41,0.4,1.2000000000000002,5
2023,10,31,2,0,1,0,0,0,-3.9000000000000004,69.89,119.66,0.4,1.1,8
2023,10,31,3,0,1,0,0,0,-4.6000000000000005,66.37,131.77,0.30000000000000004,1.1,7
2023,10,31,4,0,0.7000000000000001,0,0,0,-5.1000000000000005,65.3,143.29,0.30000000000000004,1,360
2023,10,31,5,0,0.30000000000000004,0,0,0,-5.4,65.36,153.12,0.30000000000000004,1.1,345
2023,10,31,6,0,-0.4,0,0,0,-5.6000000000000005,67.71000000000001,158.6,0.30000000000000004,1.1,324
2023,10,31,7,0,-1.3,0,0,0,-5.7,71.91,156.37,0.30000000000000004,1.2000000000000002,305
2023,10,31,8,0,-2.1,0,0,0,-5.7,76.24,148.04,0.30000000000000004,1.4000000000000001,295
2023,10,31,9,0,-2.2,0,0,0,-5.6000000000000005,77.49,137.09,0.30000000000000004,1.7000000000000002,290
2023,10,31,10,0,-2,0,0,0,-5.4,77.59,125.17,0.4,2.2,290
2023,10,31,11,0,-1.9000000000000001,0,0,0,-5.1000000000000005,78.54,112.95,0.4,2.6,294
2023,10,31,12,0,-2,0,0,0,-5,80.09,100.78,0.5,2.9000000000000004,309
2023,10,31,13,0,-1.4000000000000001,19,19,0,-4.7,78.46000000000001,88.54,0.5,3.5,329
2023,10,31,14,0,1.1,196,196,0,-4,68.94,77.54,0.6000000000000001,4.6000000000000005,348
2023,10,31,15,0,3.6,396,396,0,-4.3,56.22,67.29,0.5,6,11
2023,10,31,16,0,5.5,560,560,0,-4.7,47.68,58.61,0.5,6,14
2023,10,31,17,0,7.1000000000000005,677,677,0,-5,41.9,52.35,0.4,5.7,10
2023,10,31,18,0,8.200000000000001,726,726,0,-5.300000000000001,38.07,49.49,0.4,5.6000000000000005,4
2023,10,31,19,0,8.9,706,706,0,-5.9,34.68,50.63,0.4,5.5,360
2023,10,31,20,0,9,620,620,0,-6.9,31.830000000000002,55.5,0.4,5.300000000000001,359
2023,10,31,21,0,8.5,482,482,0,-8,30.21,63.230000000000004,0.30000000000000004,5,1
2023,10,31,22,0,7.300000000000001,293,293,0,-8.6,31.45,72.89,0.30000000000000004,4.4,5
2023,10,31,23,0,4.1000000000000005,91,91,0,-6.6000000000000005,45.77,83.71000000000001,0.30000000000000004,2.5,8
2023,11,1,0,0,1.1,0,0,0,-5.800000000000001,60.17,95.51,0.4,1.9000000000000001,12
2023,11,1,1,0,0.30000000000000004,0,0,0,-6,62.58,107.59,0.4,1.9000000000000001,17
2023,11,1,2,0,-0.5,0,0,0,-6.2,65.53,119.84,0.4,1.7000000000000002,21
2023,11,1,3,0,-1.2000000000000002,0,0,0,-6.4,68.01,131.97,0.5,1.6,28
2023,11,1,4,0,-1.8,0,0,0,-6.6000000000000005,69.97,143.51,0.5,1.4000000000000001,37
2023,11,1,5,0,-2.3000000000000003,0,0,0,-6.800000000000001,71.52,153.39000000000001,0.5,1.3,49
2023,11,1,6,0,-2.8000000000000003,0,0,0,-7,72.99,158.92000000000002,0.5,1.2000000000000002,64
2023,11,1,7,0,-3.1,0,0,0,-7.2,73.34,156.66,0.5,1.1,80
2023,11,1,8,0,-3.4000000000000004,0,0,0,-7.4,73.58,148.26,0.5,1.1,96
2023,11,1,9,0,-3.7,0,0,0,-7.6000000000000005,74.06,137.27,0.6000000000000001,1.1,109
2023,11,1,10,0,-4.1000000000000005,0,0,0,-7.800000000000001,75.34,125.34,0.6000000000000001,1,123
2023,11,1,11,0,-4.3,0,0,0,-8,75.64,113.12,0.6000000000000001,1,139
2023,11,1,12,0,-4.5,0,0,0,-8,76.32000000000001,100.95,0.6000000000000001,1,156
2023,11,1,13,0,-3.6,17,17,0,-7.2,76.24,88.71000000000001,0.6000000000000001,1.1,169
2023,11,1,14,0,-0.6000000000000001,193,193,0,-7.300000000000001,60.5,77.75,0.6000000000000001,2.2,176
2023,11,1,15,0,2.9000000000000004,388,388,0,-7.2,47.58,67.53,0.6000000000000001,2.8000000000000003,184
2023,11,1,16,0,6.1000000000000005,548,548,0,-7.9,36.050000000000004,58.870000000000005,0.7000000000000001,3.6,195
2023,11,1,17,0,8.200000000000001,658,658,0,-7,33.37,52.65,0.7000000000000001,3.7,200
2023,11,1,18,0,10,706,706,0,-6,31.990000000000002,49.81,0.7000000000000001,3.8000000000000003,202
2023,11,1,19,0,11.4,687,687,0,-5,31.46,50.94,0.7000000000000001,4,201
2023,11,1,20,0,12.200000000000001,600,600,0,-4,32.02,55.79,0.8,4.1000000000000005,199
2023,11,1,21,0,12.3,463,463,0,-3.4000000000000004,33.42,63.49,0.7000000000000001,4.1000000000000005,196
2023,11,1,22,0,11.5,279,279,0,-2.5,37.63,73.12,0.7000000000000001,3.5,193
2023,11,1,23,0,7.6000000000000005,82,82,0,-0.1,57.980000000000004,83.92,0.7000000000000001,1.9000000000000001,186
2023,11,2,0,0,5.300000000000001,0,0,0,-0.6000000000000001,65.73,95.7,0.7000000000000001,2,183
2023,11,2,1,0,4.9,0,0,0,-0.7000000000000001,67.15,107.77,0.7000000000000001,2.4000000000000004,182
2023,11,2,2,0,4.6000000000000005,0,0,0,-0.7000000000000001,68.73,120.02,0.7000000000000001,2.8000000000000003,182
2023,11,2,3,0,4.4,0,0,0,-0.6000000000000001,69.94,132.15,0.7000000000000001,3.3000000000000003,182
2023,11,2,4,0,3.9000000000000004,0,0,0,-0.6000000000000001,72.64,143.72,0.7000000000000001,3.6,183
2023,11,2,5,0,3.3000000000000003,0,0,0,-0.6000000000000001,75.79,153.66,0.7000000000000001,3.6,184
2023,11,2,6,0,2.8000000000000003,0,0,0,-0.6000000000000001,78.34,159.23,0.7000000000000001,3.6,185
2023,11,2,7,0,2.2,0,0,0,-0.7000000000000001,81.2,156.95000000000002,0.7000000000000001,3.4000000000000004,186
2023,11,2,8,0,1.7000000000000002,0,0,0,-0.8,83.19,148.49,0.7000000000000001,3.3000000000000003,189
2023,11,2,9,0,1.2000000000000002,0,0,0,-1.1,84.92,137.46,0.7000000000000001,3.1,189
2023,11,2,10,0,0.9,0,0,0,-1.2000000000000002,85.60000000000001,125.51,0.6000000000000001,3.1,189
2023,11,2,11,0,0.6000000000000001,0,0,0,-1.4000000000000001,86.43,113.29,0.6000000000000001,3.1,188
2023,11,2,12,0,0.5,0,0,0,-1.5,86.5,101.12,0.7000000000000001,3.2,186
2023,11,2,13,0,0.9,15,15,0,-1.4000000000000001,84.49,88.88,0.7000000000000001,3.5,184
2023,11,2,14,0,2.7,186,140,7,-1,76.5,77.96000000000001,0.7000000000000001,3.9000000000000004,180
2023,11,2,15,0,5.800000000000001,380,380,0,-0.2,65.19,67.76,0.7000000000000001,3.7,177
2023,11,2,16,0,10.200000000000001,540,540,0,0,49.29,59.14,0.8,4.800000000000001,185
2023,11,2,17,0,13.600000000000001,650,650,0,0.7000000000000001,41.32,52.95,0.8,5.4,190
2023,11,2,18,0,16,699,699,0,0.8,35.56,50.13,0.8,5.7,193
2023,11,2,19,0,17.1,677,677,0,0.9,33.54,51.25,0.9,5.7,192
2023,11,2,20,0,17.400000000000002,593,593,0,1.2000000000000002,33.62,56.07,0.9,5.5,190
2023,11,2,21,0,17.1,451,451,0,1.6,35.12,63.74,1,5.2,187
2023,11,2,22,0,15.8,269,269,0,2.5,40.77,73.34,1,4.2,182
2023,11,2,23,0,12,76,76,0,3.7,56.910000000000004,84.12,1.1,2.7,173
2023,11,3,0,0,9.8,0,0,0,3.7,65.88,95.88,1.1,2.9000000000000004,168
2023,11,3,1,0,9.3,0,0,0,3.7,68.16,107.95,1.1,3.5,169
2023,11,3,2,0,8.5,0,0,0,3.7,71.78,120.19,1.1,3.6,171
2023,11,3,3,0,7.6000000000000005,0,0,0,3.6,75.64,132.33,1.1,3.6,173
2023,11,3,4,0,7,0,0,0,3.4000000000000004,77.69,143.93,1.1,3.7,176
2023,11,3,5,0,6.5,0,0,0,3.1,78.79,153.92000000000002,1.1,3.8000000000000003,177
2023,11,3,6,0,6,0,0,0,2.8000000000000003,79.8,159.55,1.1,3.8000000000000003,179
2023,11,3,7,0,5.6000000000000005,0,0,0,2.5,80.44,157.23,1.1,3.8000000000000003,182
2023,11,3,8,0,5.2,0,0,0,2.3000000000000003,81.55,148.71,1.2000000000000002,3.8000000000000003,184
2023,11,3,9,0,4.9,0,0,0,2.2,82.77,137.64000000000001,1.2000000000000002,3.7,187
2023,11,3,10,0,4.6000000000000005,0,0,0,2.3000000000000003,84.81,125.68,1.3,3.5,190
2023,11,3,11,0,4.3,0,0,0,2.4000000000000004,87.52,113.45,1.3,3.4000000000000004,193
2023,11,3,12,0,4,0,0,0,2.6,90.85000000000001,101.29,1.3,3.2,194
2023,11,3,13,0,4.4,0,0,0,2.9000000000000004,90.24,89.05,1.2000000000000002,3.5,193
2023,11,3,14,0,6.7,177,177,0,3.6,80.41,78.17,1.3,4,189
2023,11,3,15,0,10.3,367,367,0,4.7,68.17,68,1.3,3.8000000000000003,184
2023,11,3,16,0,14.700000000000001,526,526,0,5.9,55.44,59.410000000000004,1.3,4.9,193
2023,11,3,17,0,17.900000000000002,632,632,0,6.7,48.04,53.25,1.4000000000000001,5.5,199
2023,11,3,18,0,19.8,679,679,0,7.4,44.71,50.44,1.4000000000000001,5.7,196
2023,11,3,19,0,20.700000000000003,661,661,0,8,44.01,51.56,1.4000000000000001,5.800000000000001,194
2023,11,3,20,0,21,577,577,0,8.6,44.97,56.35,1.5,5.7,191
2023,11,3,21,0,20.8,439,439,0,9.3,47.57,63.99,1.5,5.300000000000001,187
2023,11,3,22,0,19.6,259,259,0,10.200000000000001,54.47,73.56,1.6,4.4,182
2023,11,3,23,0,16.5,71,71,0,10.9,69.52,84.31,1.7000000000000002,3.1,176
2023,11,4,0,0,14.5,0,0,0,11.200000000000001,80.53,96.06,1.7000000000000002,3,173
2023,11,4,1,0,13.700000000000001,0,0,0,11.700000000000001,87.7,108.11,1.8,2.9000000000000004,171
2023,11,4,2,0,12.9,0,0,0,12,94.54,120.36,1.8,2.8000000000000003,168
2023,11,4,3,0,12.4,0,0,0,12.3,99.17,132.51,1.8,2.9000000000000004,168
2023,11,4,4,0,11.700000000000001,0,0,0,11.700000000000001,100,144.13,1.8,2.7,167
2023,11,4,5,0,11.200000000000001,0,0,0,11.200000000000001,100,154.17000000000002,1.8,2.7,165
2023,11,4,6,0,10.8,0,0,1,10.8,100,159.85,1.9000000000000001,2.7,164
2023,11,4,7,0,10.5,0,0,0,10.5,100,157.51,1.9000000000000001,2.6,164
2023,11,4,8,0,10.200000000000001,0,0,0,10.200000000000001,100,148.93,1.9000000000000001,2.6,165
2023,11,4,9,0,9.8,0,0,1,9.8,100,137.83,1.9000000000000001,2.5,165
2023,11,4,10,0,9.5,0,0,0,9.5,100,125.85000000000001,1.9000000000000001,2.3000000000000003,164
2023,11,4,11,0,9.200000000000001,0,0,1,9.200000000000001,100,113.62,1.9000000000000001,2.3000000000000003,164
2023,11,4,12,0,9.1,0,0,1,9.1,100,101.47,1.9000000000000001,2.4000000000000004,165
2023,11,4,13,0,9.5,0,0,1,9.5,100,89.23,1.9000000000000001,2.9000000000000004,166
2023,11,4,14,0,12,165,165,0,10.5,90.84,78.37,1.9000000000000001,3.8000000000000003,173
2023,11,4,15,0,15.200000000000001,349,349,0,12,80.96000000000001,68.23,2,3.9000000000000004,182
2023,11,4,16,0,18.2,505,505,0,13.100000000000001,72.22,59.68,2,3.9000000000000004,188
2023,11,4,17,0,20.5,610,610,0,13.600000000000001,64.73,53.54,2.1,3.9000000000000004,191
2023,11,4,18,0,22.200000000000003,659,659,0,13.9,59.27,50.75,2.1,3.8000000000000003,191
2023,11,4,19,0,23,636,636,0,14.100000000000001,57.39,51.86,2.3000000000000003,3.7,191
2023,11,4,20,0,23.3,553,553,0,14.4,57.24,56.63,2.4000000000000004,3.3000000000000003,190
2023,11,4,21,0,23,419,419,0,14.600000000000001,59.01,64.24,2.4000000000000004,3,188
2023,11,4,22,0,22,242,242,0,15.4,66.12,73.78,2.5,2.1,183
2023,11,4,23,0,19.200000000000003,62,62,0,15.600000000000001,79.84,84.5,2.5,1.1,170
2023,11,5,0,0,18,0,0,0,15.200000000000001,83.78,96.23,2.5,1.2000000000000002,162
2023,11,5,1,0,17.5,0,0,0,15.4,87.46000000000001,108.28,2.4000000000000004,1.5,159
2023,11,5,2,0,17.1,0,0,1,15.600000000000001,90.8,120.52,2.3000000000000003,1.9000000000000001,161
2023,11,5,3,0,16.5,0,0,0,15.600000000000001,94.63,132.68,2.3000000000000003,2.1,165
2023,11,5,4,0,15.8,0,0,0,15.600000000000001,98.54,144.32,2.2,2,171
2023,11,5,5,0,14.9,0,0,3,14.9,100,154.41,2.2,1.7000000000000002,176
2023,11,5,6,0,14.100000000000001,0,0,3,14.100000000000001,100,160.16,2.1,1.5,179
2023,11,5,7,0,13.600000000000001,0,0,3,13.600000000000001,100,157.79,2.1,1.3,178
2023,11,5,8,0,13.5,0,0,3,13.5,100,149.15,2.1,1.4000000000000001,176
2023,11,5,9,0,13.5,0,0,3,13.5,100,138.01,2.1,1.5,175
2023,11,5,10,0,13.4,0,0,0,13.4,100,126.02,2.1,1.5,176
2023,11,5,11,0,13.3,0,0,0,13.3,100,113.79,2.1,1.4000000000000001,177
2023,11,5,12,0,12.9,0,0,0,12.9,100,101.64,2,1.3,176
2023,11,5,13,0,12.700000000000001,0,0,0,12.700000000000001,100,89.39,2,1.3,178
2023,11,5,14,0,15,161,161,0,13.5,90.68,78.58,1.9000000000000001,2.6,179
2023,11,5,15,0,17.6,345,345,0,14.100000000000001,80.19,68.46000000000001,1.9000000000000001,2.6,180
2023,11,5,16,0,20.200000000000003,501,501,0,14.9,71.77,59.94,1.9000000000000001,3,182
2023,11,5,17,0,22.8,608,608,0,15.5,63.32,53.83,1.9000000000000001,3.7,189
2023,11,5,18,0,24.400000000000002,659,659,0,15.700000000000001,58.34,51.06,1.9000000000000001,4.4,193
2023,11,5,19,0,25.1,640,640,0,15.8,56.26,52.160000000000004,1.9000000000000001,4.9,196
2023,11,5,20,0,25.3,559,559,0,15.700000000000001,55.38,56.9,1.9000000000000001,5.2,198
2023,11,5,21,0,24.900000000000002,425,425,0,15.600000000000001,56.11,64.48,1.8,5.2,198
2023,11,5,22,0,23.700000000000003,249,249,0,15.600000000000001,60.410000000000004,73.99,1.8,4.6000000000000005,196
2023,11,5,23,0,21.1,66,50,8,15.8,71.79,84.68,1.7000000000000002,3.5,189
2023,11,6,0,0,19.3,0,0,8,16,81.48,96.4,1.7000000000000002,3.5,183
2023,11,6,1,0,18.400000000000002,0,0,0,16.5,88.75,108.44,1.7000000000000002,3.8000000000000003,181
2023,11,6,2,0,17.5,0,0,0,16.8,95.83,120.67,1.7000000000000002,3.7,181
2023,11,6,3,0,16.900000000000002,0,0,8,16.900000000000002,100,132.84,1.6,3.7,183
2023,11,6,4,0,16.5,0,0,1,16.5,100,144.51,1.6,4,185
2023,11,6,5,0,16.400000000000002,0,0,0,16.400000000000002,100,154.65,1.6,4.3,186
2023,11,6,6,0,16.2,0,0,8,16.2,100,160.46,1.6,4.5,186
2023,11,6,7,0,16,0,0,0,16,100,158.07,1.6,4.6000000000000005,188
2023,11,6,8,0,15.8,0,0,0,15.8,100,149.36,1.5,4.7,191
2023,11,6,9,0,15.4,0,0,0,15.4,100,138.19,1.4000000000000001,4.6000000000000005,194
2023,11,6,10,0,15,0,0,0,15,100,126.18,1.4000000000000001,4.6000000000000005,194
2023,11,6,11,0,14.700000000000001,0,0,0,14.700000000000001,100,113.95,1.3,4.5,193
2023,11,6,12,0,14.4,0,0,0,14.4,100,101.81,1.3,4.3,191
2023,11,6,13,0,14.5,0,0,0,14.5,100,89.56,1.3,4.2,190
2023,11,6,14,0,16.3,163,163,0,15.100000000000001,92.72,78.79,1.3,4.7,192
2023,11,6,15,0,18.900000000000002,352,352,0,15.8,82.3,68.7,1.3,5.300000000000001,208
2023,11,6,16,0,21.3,511,511,0,15.8,70.82000000000001,60.2,1.3,5.2,211
2023,11,6,17,0,23.3,619,619,0,15.600000000000001,61.870000000000005,54.120000000000005,1.3,5.1000000000000005,206
2023,11,6,18,0,25,667,667,0,15.200000000000001,54.59,51.36,1.3,5.2,202
2023,11,6,19,0,26,649,649,1,14.8,50.19,52.45,1.3,5.300000000000001,204
2023,11,6,20,0,26.400000000000002,565,565,0,14.4,47.6,57.17,1.4000000000000001,5.300000000000001,206
2023,11,6,21,0,26.200000000000003,426,426,0,14.100000000000001,47.27,64.71000000000001,1.5,4.800000000000001,207
2023,11,6,22,0,24.700000000000003,248,248,0,14.9,54.36,74.19,1.5,3.3000000000000003,205
2023,11,6,23,0,21.200000000000003,63,63,0,15.200000000000001,68.67,84.86,1.6,2.2,202
2023,11,7,0,0,19.400000000000002,0,0,0,15.100000000000001,76.16,96.57000000000001,1.6,2.2,199
2023,11,7,1,0,18.7,0,0,0,15.600000000000001,82.35000000000001,108.59,1.6,2.3000000000000003,193
2023,11,7,2,0,18,0,0,0,16.2,89.49,120.82000000000001,1.6,2.4000000000000004,188
2023,11,7,3,0,17.5,0,0,0,16.900000000000002,96.27,133,1.7000000000000002,2.7,187
2023,11,7,4,0,16.400000000000002,0,0,0,16.400000000000002,100,144.69,1.6,2.3000000000000003,187
2023,11,7,5,0,15.8,0,0,0,15.8,100,154.88,1.6,2.2,191
2023,11,7,6,0,15.600000000000001,0,0,0,15.600000000000001,100,160.75,1.6,2.4000000000000004,198
2023,11,7,7,0,15.700000000000001,0,0,0,15.700000000000001,100,158.34,1.5,2.9000000000000004,207
2023,11,7,8,0,15.600000000000001,0,0,0,15.600000000000001,100,149.58,1.4000000000000001,3.6,216
2023,11,7,9,0,15.100000000000001,0,0,0,15.100000000000001,100,138.37,1.2000000000000002,4.1000000000000005,223
2023,11,7,10,0,14.3,0,0,0,14.3,100,126.35000000000001,1.2000000000000002,4,224
2023,11,7,11,0,13.600000000000001,0,0,0,13.600000000000001,100,114.12,1.2000000000000002,3.8000000000000003,223
2023,11,7,12,0,13.100000000000001,0,0,0,13.100000000000001,100,101.99000000000001,1.2000000000000002,3.5,222
2023,11,7,13,0,13.200000000000001,0,0,0,13.100000000000001,99.16,89.72,1.2000000000000002,3.7,220
2023,11,7,14,0,15.3,163,163,0,13.3,87.67,78.99,1.2000000000000002,4.2,218
2023,11,7,15,0,18.400000000000002,350,350,0,13.8,74.73,68.93,1.3,3.9000000000000004,213
2023,11,7,16,0,21.8,508,508,0,14.3,62.46,60.46,1.3,4,205
2023,11,7,17,0,24.400000000000002,613,613,0,14.8,55.01,54.410000000000004,1.4000000000000001,4.2,198
2023,11,7,18,0,26.3,660,660,0,15.4,51.050000000000004,51.65,1.4000000000000001,4.5,192
2023,11,7,19,0,27.5,640,640,0,15.8,48.78,52.74,1.5,4.9,189
2023,11,7,20,0,28,557,557,0,16.3,49.02,57.43,1.6,5.1000000000000005,187
2023,11,7,21,0,27.6,421,421,0,16.900000000000002,52.15,64.94,1.6,5.1000000000000005,187
2023,11,7,22,0,26.200000000000003,244,244,0,17.8,59.75,74.39,1.7000000000000002,4.4,186
2023,11,7,23,0,23.700000000000003,61,61,0,18.3,71.74,85.03,1.7000000000000002,3.7,183
2023,11,8,0,0,22.200000000000003,0,0,0,18.900000000000002,81.58,96.72,1.7000000000000002,4,180
2023,11,8,1,0,21.3,0,0,0,19.6,90.13,108.74000000000001,1.6,4.2,180
2023,11,8,2,0,20.6,0,0,0,20.1,96.73,120.97,1.4000000000000001,4.4,181
2023,11,8,3,0,19.900000000000002,0,0,0,19.900000000000002,100,133.15,1.4000000000000001,4.7,184
2023,11,8,4,0,19.6,0,0,0,19.6,100,144.87,1.4000000000000001,4.800000000000001,188
2023,11,8,5,0,19.3,0,0,0,19.3,100,155.11,1.5,4.6000000000000005,186
2023,11,8,6,0,19.200000000000003,0,0,0,19.200000000000003,100,161.04,1.5,4.5,192
2023,11,8,7,0,19,0,0,0,19,100,158.61,1.5,4.7,197
2023,11,8,8,0,18.400000000000002,0,0,0,18.400000000000002,100,149.79,1.3,4.5,199
2023,11,8,9,0,17.6,0,0,0,17.6,100,138.55,1.2000000000000002,4.4,201
2023,11,8,10,0,16.7,0,0,0,16.7,100,126.52,1.1,4.3,205
2023,11,8,11,0,15.9,0,0,0,15.9,100,114.29,1.1,4.3,208
2023,11,8,12,0,15.200000000000001,0,0,0,15.200000000000001,100,102.16,1.1,4.1000000000000005,211
2023,11,8,13,0,14.700000000000001,0,0,0,14.5,98.94,89.88,1.1,3.8000000000000003,220
2023,11,8,14,0,16.2,161,161,0,13.4,83.69,79.2,1.1,4.1000000000000005,235
2023,11,8,15,0,18.6,349,349,0,11.3,62.49,69.16,1.1,4.2,246
2023,11,8,16,0,20.8,507,507,0,9.5,48.34,60.72,1.1,4.1000000000000005,255
2023,11,8,17,0,22.8,615,615,0,8.9,41.21,54.69,1.1,3.9000000000000004,261
2023,11,8,18,0,24.3,662,662,0,9.5,39.11,51.95,1.1,3.7,266
2023,11,8,19,0,25.3,641,641,0,10.3,38.76,53.02,1.2000000000000002,3.6,273
2023,11,8,20,0,25.6,560,560,0,11,40.09,57.68,1.2000000000000002,3.6,284
2023,11,8,21,0,24.900000000000002,421,421,0,11.8,43.83,65.17,1.3,3.5,301
2023,11,8,22,0,23,244,244,0,13,53.42,74.58,1.3,2.8000000000000003,320
2023,11,8,23,0,19.200000000000003,59,59,0,13.4,68.98,85.2,1.4000000000000001,2,339
2023,11,9,0,0,17.5,0,0,0,12.8,74.03,96.88,1.6,2.7,351
2023,11,9,1,0,16.8,0,0,0,12.8,77.42,108.88,1.7000000000000002,3.6,360
2023,11,9,2,0,15.8,0,0,0,12.9,82.83,121.10000000000001,1.8,3.7,6
2023,11,9,3,0,15,0,0,0,12.700000000000001,86.33,133.29,1.9000000000000001,3.4000000000000004,10
2023,11,9,4,0,14.5,0,0,0,12.3,86.56,145.03,1.9000000000000001,3.3000000000000003,14
2023,11,9,5,0,14,0,0,0,11.4,84.59,155.33,1.9000000000000001,3.5,17
2023,11,9,6,0,13.5,0,0,3,10.200000000000001,80.32000000000001,161.32,1.8,4,20
2023,11,9,7,0,12.9,0,0,3,8.6,74.88,158.87,1.8,4.5,21
2023,11,9,8,0,12.100000000000001,0,0,8,7,71.19,150,1.8,4.800000000000001,22
2023,11,9,9,0,11.4,0,0,7,6,69.32000000000001,138.73,1.9000000000000001,4.800000000000001,22
2023,11,9,10,0,10.9,0,0,3,5.4,69.02,126.69,2,4.5,19
2023,11,9,11,0,10.600000000000001,0,0,7,5.2,69.39,114.45,2.1,4.4,13
2023,11,9,12,0,10.3,0,0,7,5.1000000000000005,70.22,102.33,2.2,4.3,10
2023,11,9,13,0,10.100000000000001,0,0,7,5,70.84,90.03,2.3000000000000003,4.2,16
2023,11,9,14,0,10.4,144,37,7,5.2,70.21000000000001,79.4,2.3000000000000003,4.4,18
2023,11,9,15,0,11.100000000000001,320,36,6,5.2,66.93,69.39,2.4000000000000004,5.2,25
2023,11,9,16,0,11.8,472,77,7,5.1000000000000005,63.34,60.97,2.4000000000000004,5.300000000000001,30
2023,11,9,17,0,12.4,577,86,6,4.800000000000001,59.79,54.96,2.4000000000000004,5.300000000000001,33
2023,11,9,18,0,13.3,625,29,6,4.5,55.15,52.230000000000004,2.4000000000000004,5.4,36
2023,11,9,19,0,14.100000000000001,610,49,6,4,50.660000000000004,53.29,2.3000000000000003,5.2,38
2023,11,9,20,0,14.5,529,109,7,3.5,47.5,57.93,2.3000000000000003,4.800000000000001,39
2023,11,9,21,0,14.4,396,54,7,3.1,46.46,65.38,2.2,4.3,40
2023,11,9,22,0,13.5,226,10,6,3.4000000000000004,50.370000000000005,74.77,2.1,3.2,40
2023,11,9,23,0,11.600000000000001,54,8,6,4.800000000000001,63.120000000000005,85.35000000000001,2,1.8,47
2023,11,10,0,0,10.3,0,0,7,4.800000000000001,68.84,97.02,1.8,1.6,50
2023,11,10,1,0,9.600000000000001,0,0,7,4.4,69.87,109.01,1.6,1.5,43
2023,11,10,2,0,8.8,0,0,7,3.6,69.98,121.24000000000001,1.5,1.5,35
2023,11,10,3,0,8.200000000000001,0,0,7,2.8000000000000003,68.73,133.43,1.4000000000000001,1.7000000000000002,25
2023,11,10,4,0,7.9,0,0,7,1.8,65.55,145.19,1.3,2,20
2023,11,10,5,0,7.4,0,0,5,0.8,63.15,155.54,1.2000000000000002,2.2,20
2023,11,10,6,0,6.800000000000001,0,0,4,0,61.93,161.6,1.1,2.1,21
2023,11,10,7,0,6.1000000000000005,0,0,4,-0.6000000000000001,62.050000000000004,159.13,1,2.1,24
2023,11,10,8,0,5.2,0,0,5,-1.1,63.74,150.21,0.9,2.1,24
2023,11,10,9,0,4.6000000000000005,0,0,0,-1.5,64.77,138.91,0.9,2.1,23
2023,11,10,10,0,4.1000000000000005,0,0,0,-1.7000000000000002,66.05,126.85000000000001,0.8,2.2,21
2023,11,10,11,0,3.7,0,0,0,-1.9000000000000001,66.94,114.62,0.8,2.2,18
2023,11,10,12,0,3.2,0,0,0,-2.1,67.97,102.51,0.8,2.3000000000000003,16
2023,11,10,13,0,3.3000000000000003,0,0,0,-2.4000000000000004,66.38,90.17,0.8,2.6,13
2023,11,10,14,0,5.6000000000000005,156,156,0,-2.7,55.13,79.60000000000001,0.8,3.5,10
2023,11,10,15,0,8.8,345,345,0,-2.9000000000000004,43.65,69.62,0.8,3.2,18
2023,11,10,16,0,12.5,502,502,0,-4.3,30.78,61.230000000000004,0.9,3.8000000000000003,43
2023,11,10,17,0,15,611,611,0,-4.4,25.92,55.24,0.9,3.9000000000000004,58
2023,11,10,18,0,16.6,658,658,0,-4,24.150000000000002,52.52,0.9,3.8000000000000003,69
2023,11,10,19,0,17.5,640,640,0,-3.5,23.650000000000002,53.56,0.9,3.7,74
2023,11,10,20,0,17.8,555,555,0,-3.2,23.650000000000002,58.18,1,3.5,76
2023,11,10,21,0,17.5,417,417,0,-2.9000000000000004,24.71,65.59,1,3.2,78
2023,11,10,22,0,15.9,240,240,0,1,36.31,74.95,1,1.9000000000000001,80
2023,11,10,23,0,11.700000000000001,55,55,0,3,55.06,85.51,1.1,1.2000000000000002,85
2023,11,11,0,0,9.8,0,0,4,1.9000000000000001,57.89,97.16,1.1,1.3,92
2023,11,11,1,0,9.1,0,0,4,1.8,60.07,109.14,1.2000000000000002,1.3,98
2023,11,11,2,0,8.6,0,0,5,1.8,62.36,121.36,1.2000000000000002,1.2000000000000002,100
2023,11,11,3,0,8.3,0,0,3,2,64.34,133.56,1.2000000000000002,1.2000000000000002,101
2023,11,11,4,0,8.1,0,0,3,2.2,66.31,145.35,1.2000000000000002,1.2000000000000002,101
2023,11,11,5,0,7.7,0,0,5,2.2,68.2,155.74,1.2000000000000002,1.2000000000000002,102
2023,11,11,6,0,7.2,0,0,5,2.2,70.72,161.87,1.2000000000000002,1.1,103
2023,11,11,7,0,6.7,0,0,4,2.2,73.02,159.39000000000001,1.1,1.2000000000000002,104
2023,11,11,8,0,6.300000000000001,0,0,4,2.2,75.24,150.41,1.1,1.1,104
2023,11,11,9,0,6.1000000000000005,0,0,4,2.3000000000000003,76.55,139.09,1.1,1.1,105
2023,11,11,10,0,5.9,0,0,4,2.3000000000000003,77.87,127.02,1.1,1.1,109
2023,11,11,11,0,5.9,0,0,4,2.5,78.60000000000001,114.78,1.1,1.1,114
2023,11,11,12,0,5.9,0,0,1,2.5,78.97,102.68,1.1,1,118
2023,11,11,13,0,6.2,0,0,1,2.8000000000000003,78.86,90.96000000000001,1.1,0.9,125
2023,11,11,14,0,9.1,150,97,3,3.2,66.53,79.81,1,1.5,133
2023,11,11,15,0,11.200000000000001,337,197,5,3.4000000000000004,58.800000000000004,69.84,1,1.2000000000000002,136
2023,11,11,16,0,14.8,495,229,4,1.2000000000000002,39.7,61.480000000000004,1,3,149
2023,11,11,17,0,16.6,600,423,5,0,32.480000000000004,55.51,1.1,3.8000000000000003,153
2023,11,11,18,0,17.3,648,348,4,0.9,33.14,52.79,1.1,3.7,156
2023,11,11,19,0,17.5,628,314,4,1.7000000000000002,34.56,53.83,1.2000000000000002,3.4000000000000004,157
2023,11,11,20,0,17.6,547,233,5,2.4000000000000004,36.09,58.42,1.2000000000000002,3.2,158
2023,11,11,21,0,17.3,410,34,4,3,38.38,65.8,1.2000000000000002,3,158
2023,11,11,22,0,16.1,233,62,4,4.5,45.95,75.13,1.3,2.1,159
2023,11,11,23,0,12.5,53,30,4,6.300000000000001,66.04,85.65,1.3,1,157
2023,11,12,0,0,10.700000000000001,0,0,4,5.4,69.67,97.3,1.3,1.1,159
2023,11,12,1,0,10.200000000000001,0,0,0,5.5,72.38,109.27,1.3,1.1,164
2023,11,12,2,0,9.3,0,0,3,5.300000000000001,76.23,121.48,1.3,1.2000000000000002,167
2023,11,12,3,0,8.8,0,0,0,5.5,79.65,133.69,1.3,1.3,170
2023,11,12,4,0,8.4,0,0,0,5.6000000000000005,82.55,145.49,1.3,1.3,173
2023,11,12,5,0,7.9,0,0,0,5.6000000000000005,85.23,155.94,1.3,1.4000000000000001,176
2023,11,12,6,0,7.6000000000000005,0,0,0,5.5,86.42,162.14000000000001,1.3,1.4000000000000001,180
2023,11,12,7,0,7.2,0,0,0,5.300000000000001,87.69,159.65,1.3,1.5,185
2023,11,12,8,0,6.9,0,0,0,5.1000000000000005,88.03,150.62,1.2000000000000002,1.6,189
2023,11,12,9,0,6.5,0,0,0,4.800000000000001,89.12,139.27,1.2000000000000002,1.5,195
2023,11,12,10,0,5.9,0,0,0,4.800000000000001,92.34,127.19,1.1,1.4000000000000001,202
2023,11,12,11,0,5.5,0,0,0,4.9,95.60000000000001,114.95,1.1,1.3,210
2023,11,12,12,0,5.1000000000000005,0,0,0,5.1000000000000005,99.96000000000001,102.86,1.1,1.2000000000000002,218
2023,11,12,13,0,5.4,0,0,0,5.4,100,91.14,1,1.1,224
2023,11,12,14,0,8.9,147,147,0,6.1000000000000005,82.64,80.01,1,2,226
2023,11,12,15,0,11.600000000000001,333,333,0,6.9,72.75,70.07000000000001,1,1.7000000000000002,217
2023,11,12,16,0,15.9,488,366,7,7.300000000000001,56.620000000000005,61.730000000000004,1.1,2.3000000000000003,218
2023,11,12,17,0,18.2,596,596,0,7.2,48.58,55.78,1.1,2.1,211
2023,11,12,18,0,19.5,643,643,0,7.5,45.67,53.07,1.1,2,202
2023,11,12,19,0,20.200000000000003,625,625,0,7.7,44.37,54.09,1.1,2.2,200
2023,11,12,20,0,20.400000000000002,542,542,0,7.7,43.84,58.65,1.2000000000000002,1.9000000000000001,203
2023,11,12,21,0,20,409,409,0,7.5,44.38,66,1.1,1.3,205
2023,11,12,22,0,18.400000000000002,233,59,7,10.200000000000001,58.78,75.3,1.1,0.7000000000000001,184
2023,11,12,23,0,15.3,52,38,7,9,65.95,85.8,1.1,1,172
2023,11,13,0,0,13.700000000000001,0,0,7,8.1,69.16,97.43,1.1,1.1,173
2023,11,13,1,0,12.8,0,0,7,8,72.55,109.38,1,1.2000000000000002,177
2023,11,13,2,0,12.200000000000001,0,0,7,7.800000000000001,74.52,121.59,1,1.2000000000000002,183
2023,11,13,3,0,11.600000000000001,0,0,7,7.7,76.99,133.81,1,1.2000000000000002,190
2023,11,13,4,0,11,0,0,7,7.6000000000000005,79.82000000000001,145.63,1,1.3,198
2023,11,13,5,0,10.4,0,0,7,7.6000000000000005,82.97,156.12,1,1.3,207
2023,11,13,6,0,9.8,0,0,7,7.6000000000000005,86.07000000000001,162.4,1,1.2000000000000002,222
2023,11,13,7,0,9.200000000000001,0,0,7,7.5,89.03,159.9,0.9,1.2000000000000002,244
2023,11,13,8,0,8.5,0,0,7,7.4,92.8,150.82,0.9,1.1,270
2023,11,13,9,0,7.800000000000001,0,0,0,7.300000000000001,96.95,139.44,0.9,1.2000000000000002,298
2023,11,13,10,0,7.1000000000000005,0,0,0,7.1000000000000005,100,127.35000000000001,0.9,1.2000000000000002,317
2023,11,13,11,0,6.6000000000000005,0,0,0,6.6000000000000005,100,115.12,1,1.1,332
2023,11,13,12,0,6.1000000000000005,0,0,0,6.1000000000000005,100,103.03,1,1.1,345
2023,11,13,13,0,6,0,0,0,6,100,91.33,1,1,358
2023,11,13,14,0,9.4,143,143,0,6.800000000000001,83.60000000000001,80.21000000000001,1,1.7000000000000002,9
2023,11,13,15,0,12.100000000000001,328,328,0,7.1000000000000005,71.7,70.29,1,1.4000000000000001,17
2023,11,13,16,0,16.3,486,486,0,7.1000000000000005,54.54,61.97,1,1.6,71
2023,11,13,17,0,19,591,591,0,6.5,44,56.04,1.1,2.6,96
2023,11,13,18,0,20.200000000000003,638,638,0,6.1000000000000005,39.89,53.34,1.1,3,110
2023,11,13,19,0,20.900000000000002,621,621,0,5.800000000000001,37.39,54.34,1.1,3.2,123
2023,11,13,20,0,21,538,538,0,5.5,36.480000000000004,58.88,1.2000000000000002,3,132
2023,11,13,21,0,20.5,403,320,8,5.4,37.12,66.2,1.2000000000000002,2.7,134
2023,11,13,22,0,18.6,228,228,0,8.5,51.86,75.47,1.2000000000000002,1.3,134
2023,11,13,23,0,15.100000000000001,50,50,0,8,62.620000000000005,85.94,1.1,1,137
2023,11,14,0,0,13.8,0,0,0,6.800000000000001,62.74,97.55,1.1,1.1,142
2023,11,14,1,0,13.100000000000001,0,0,0,6.4,63.660000000000004,109.5,1.1,1.1,146
2023,11,14,2,0,12.5,0,0,0,5.7,63.120000000000005,121.7,1.1,1.2000000000000002,153
2023,11,14,3,0,11.9,0,0,0,5.1000000000000005,63.190000000000005,133.92000000000002,1,1.1,165
2023,11,14,4,0,11.200000000000001,0,0,0,4.7,64.4,145.76,1,1.2000000000000002,176
2023,11,14,5,0,10.4,0,0,0,4.5,66.62,156.31,1,1.2000000000000002,187
2023,11,14,6,0,9.600000000000001,0,0,0,4.3,69.5,162.66,1,1.2000000000000002,201
2023,11,14,7,0,8.9,0,0,0,4.1000000000000005,71.97,160.15,1,1.2000000000000002,215
2023,11,14,8,0,8.3,0,0,0,3.9000000000000004,73.98,151.02,0.9,1.2000000000000002,225
2023,11,14,9,0,7.9,0,0,0,3.7,74.89,139.62,0.9,1.2000000000000002,230
2023,11,14,10,0,7.6000000000000005,0,0,0,3.6,75.76,127.52,0.9,1.2000000000000002,233
2023,11,14,11,0,7.300000000000001,0,0,0,3.5,76.9,115.28,0.9,1.1,239
2023,11,14,12,0,7.2,0,0,0,3.5,77.16,103.2,0.9,1.1,246
2023,11,14,13,0,7.300000000000001,0,0,0,3.5,76.67,91.52,0.8,1.1,253
2023,11,14,14,0,10.100000000000001,142,142,0,4.6000000000000005,68.56,80.41,0.8,1,258
2023,11,14,15,0,12.700000000000001,328,328,0,4.7,58.28,70.51,0.8,1,246
2023,11,14,16,0,16.5,486,486,0,4.3,44.38,62.22,0.8,1.8,189
2023,11,14,17,0,18.8,595,595,0,3.4000000000000004,35.910000000000004,56.300000000000004,0.8,2.7,176
2023,11,14,18,0,19.8,640,640,0,2.8000000000000003,32.5,53.6,0.9,3,174
2023,11,14,19,0,20.400000000000002,623,623,0,2.4000000000000004,30.240000000000002,54.59,0.9,3.2,177
2023,11,14,20,0,20.5,539,539,0,2,29.38,59.1,1,3.3000000000000003,180
2023,11,14,21,0,19.900000000000002,404,404,0,2.1,30.67,66.39,1,3.2,181
2023,11,14,22,0,17.900000000000002,228,228,0,5,42.49,75.63,1,2,179
2023,11,14,23,0,13.5,49,49,0,5.6000000000000005,58.78,86.07000000000001,1,1.4000000000000001,181
2023,11,15,0,0,11.8,0,0,0,4.800000000000001,62.15,97.67,1,1.5,187
2023,11,15,1,0,11,0,0,0,4.6000000000000005,64.81,109.60000000000001,1.1,1.5,193
2023,11,15,2,0,10.5,0,0,0,4.5,66.26,121.8,1.1,1.6,195
2023,11,15,3,0,10,0,0,0,4.3,67.88,134.02,1.1,1.6,194
2023,11,15,4,0,9.600000000000001,0,0,0,4.3,69.69,145.89000000000001,1.2000000000000002,1.7000000000000002,192
2023,11,15,5,0,9.3,0,0,0,4.5,71.73,156.48,1.3,1.8,193
2023,11,15,6,0,9,0,0,0,4.7,74.35000000000001,162.91,1.3,1.8,196
2023,11,15,7,0,8.6,0,0,0,5,78.25,160.39000000000001,1.4000000000000001,1.8,201
2023,11,15,8,0,8.200000000000001,0,0,0,5.4,82.52,151.22,1.4000000000000001,1.7000000000000002,207
2023,11,15,9,0,7.800000000000001,0,0,0,5.800000000000001,86.96000000000001,139.79,1.5,1.5,210
2023,11,15,10,0,7.4,0,0,0,6.1000000000000005,91.16,127.68,1.5,1.3,210
2023,11,15,11,0,7.1000000000000005,0,0,0,6.300000000000001,94.58,115.45,1.4000000000000001,1.2000000000000002,207
2023,11,15,12,0,6.9,0,0,0,6.5,97.24000000000001,103.38,1.4000000000000001,1.1,202
2023,11,15,13,0,7,0,0,0,6.7,97.89,91.7,1.4000000000000001,1.1,193
2023,11,15,14,0,10.4,134,134,0,7.2,80.45,80.61,1.4000000000000001,2,185
2023,11,15,15,0,13.200000000000001,316,316,0,7.800000000000001,69.93,70.73,1.4000000000000001,2.4000000000000004,183
2023,11,15,16,0,17.2,471,471,0,8.3,55.7,62.46,1.4000000000000001,3.1,186
2023,11,15,17,0,19.6,577,577,0,8.200000000000001,47.68,56.56,1.4000000000000001,3.3000000000000003,185
2023,11,15,18,0,20.8,625,625,0,8.4,44.86,53.86,1.4000000000000001,3.2,185
2023,11,15,19,0,21.5,608,608,0,8.6,43.46,54.84,1.4000000000000001,3.1,183
2023,11,15,20,0,21.700000000000003,528,528,0,8.6,43.11,59.31,1.4000000000000001,2.9000000000000004,176
2023,11,15,21,0,21.3,394,394,0,8.6,44.1,66.57000000000001,1.4000000000000001,2.7,165
2023,11,15,22,0,19.5,222,222,0,10.600000000000001,56.5,75.78,1.3,1.5,158
2023,11,15,23,0,15.5,46,46,0,9.600000000000001,67.74,86.19,1.3,1.2000000000000002,157
2023,11,16,0,0,13.8,0,0,0,8.200000000000001,68.92,97.78,1.3,1.3,158
2023,11,16,1,0,13,0,0,0,7.6000000000000005,69.79,109.7,1.3,1.4000000000000001,156
2023,11,16,2,0,12.4,0,0,0,7.1000000000000005,70.05,121.9,1.2000000000000002,1.5,162
2023,11,16,3,0,11.700000000000001,0,0,0,6.6000000000000005,70.83,134.12,1.2000000000000002,1.6,174
2023,11,16,4,0,11.100000000000001,0,0,0,6.2,71.64,146,1.3,1.7000000000000002,181
2023,11,16,5,0,10.5,0,0,0,5.800000000000001,72.72,156.64000000000001,1.3,1.9000000000000001,180
2023,11,16,6,0,10.200000000000001,0,0,0,5.6000000000000005,72.89,163.15,1.3,2.2,179
2023,11,16,7,0,9.9,0,0,0,5.5,74.29,160.64000000000001,1.3,2.6,178
2023,11,16,8,0,9.5,0,0,0,6,78.87,151.42000000000002,1.3,2.9000000000000004,183
2023,11,16,9,0,8.8,0,0,0,6.800000000000001,87.55,139.96,1.4000000000000001,2.7,186
2023,11,16,10,0,8.5,0,0,0,7.800000000000001,95.56,127.85000000000001,1.4000000000000001,2.8000000000000003,181
2023,11,16,11,0,8.200000000000001,0,0,0,8.200000000000001,100,115.61,1.5,2.7,181
2023,11,16,12,0,8.5,0,0,3,8.5,100,103.55,1.5,3,181
2023,11,16,13,0,9.200000000000001,0,0,7,9.200000000000001,100,91.88,1.5,3.3000000000000003,176
2023,11,16,14,0,11.200000000000001,128,22,6,10.200000000000001,93.44,80.81,1.5,3.9000000000000004,180
2023,11,16,15,0,13.700000000000001,307,86,6,11,83.91,70.95,1.6,5.1000000000000005,188
2023,11,16,16,0,15.8,462,286,7,10.9,72.51,62.690000000000005,1.6,5.7,191
2023,11,16,17,0,17.6,567,357,7,10.4,62.86,56.81,1.7000000000000002,6,193
2023,11,16,18,0,18.900000000000002,613,464,7,10.200000000000001,57.01,54.11,1.8,6.2,190
2023,11,16,19,0,19.700000000000003,597,597,0,10.200000000000001,54.410000000000004,55.07,1.8,6.1000000000000005,190
2023,11,16,20,0,19.8,518,425,8,10.4,54.550000000000004,59.52,1.8,5.9,192
2023,11,16,21,0,19.5,385,246,7,10.5,56.03,66.75,1.8,5.800000000000001,193
2023,11,16,22,0,18.3,213,88,7,10.700000000000001,61.33,75.93,1.8,5,185
2023,11,16,23,0,16.5,42,27,7,11.100000000000001,70.23,86.32000000000001,1.9000000000000001,4.2,175
2023,11,17,0,0,15.3,0,0,7,11.4,77.34,97.89,2.2,4.3,172
2023,11,17,1,0,14.700000000000001,0,0,7,11.5,80.89,109.8,2.6,4.7,181
2023,11,17,2,0,14.100000000000001,0,0,7,11.5,84.48,121.98,2.7,4.7,186
2023,11,17,3,0,13.4,0,0,7,11.600000000000001,88.93,134.21,2.6,3.9000000000000004,187
2023,11,17,4,0,12.700000000000001,0,0,7,11.700000000000001,93.57000000000001,146.11,2.4000000000000004,3.3000000000000003,185
2023,11,17,5,0,12.100000000000001,0,0,7,11.700000000000001,97.56,156.8,2.3000000000000003,3.2,179
2023,11,17,6,0,11.700000000000001,0,0,8,11.600000000000001,99.58,163.38,2.3000000000000003,3,172
2023,11,17,7,0,11.200000000000001,0,0,8,11.200000000000001,100,160.87,2.3000000000000003,2.4000000000000004,164
2023,11,17,8,0,10.9,0,0,7,10.9,100,151.61,2.3000000000000003,1.9000000000000001,156
2023,11,17,9,0,10.8,0,0,7,10.8,100,140.13,2.3000000000000003,1.1,145
2023,11,17,10,0,10.9,0,0,7,10.9,100,128.01,2.2,0.7000000000000001,130
2023,11,17,11,0,10.5,0,0,7,10.5,100,115.78,2.2,0.8,100
2023,11,17,12,0,10.3,0,0,7,10.3,100,103.72,2.2,0.9,74
2023,11,17,13,0,10.4,0,0,3,10.4,100,92.07000000000001,2.2,1.1,56
2023,11,17,14,0,12.700000000000001,116,49,7,11.3,91.42,81.01,2.2,2.7,39
2023,11,17,15,0,14.5,288,12,7,11.5,82.4,71.17,2.2,3.6,32
2023,11,17,16,0,15.700000000000001,438,20,7,11.600000000000001,76.37,62.93,2.2,4,31
2023,11,17,17,0,16.7,544,85,7,11.5,71.56,57.06,2.2,4.1000000000000005,29
2023,11,17,18,0,17.7,595,39,7,11.4,66.68,54.36,2.1,4.1000000000000005,25
2023,11,17,19,0,18.5,580,74,7,11.100000000000001,62.26,55.31,2.1,4.3,21
2023,11,17,20,0,18.7,506,208,7,10.5,59.050000000000004,59.72,2,4.3,19
2023,11,17,21,0,18.2,377,105,3,9.600000000000001,57.160000000000004,66.92,1.8,4.2,19
2023,11,17,22,0,17.1,210,210,0,8.6,57.33,76.07000000000001,1.7000000000000002,3.5,18
2023,11,17,23,0,13.600000000000001,41,41,0,8.1,69.15,86.43,1.5,1.7000000000000002,16
2023,11,18,0,0,11.600000000000001,0,0,0,6.800000000000001,72.48,97.99000000000001,1.4000000000000001,1.6,15
2023,11,18,1,0,10.600000000000001,0,0,0,5.9,72.57000000000001,109.88,1.3,1.6,16
2023,11,18,2,0,9.700000000000001,0,0,0,5.1000000000000005,73.19,122.07000000000001,1.2000000000000002,1.4000000000000001,17
2023,11,18,3,0,8.9,0,0,0,4.5,74.03,134.3,1.1,1.3,21
2023,11,18,4,0,8.4,0,0,0,4,73.94,146.22,1.1,1.2000000000000002,26
2023,11,18,5,0,8.1,0,0,0,3.6,73.35000000000001,156.95000000000002,1,1.1,33
2023,11,18,6,0,7.9,0,0,0,3.3000000000000003,72.86,163.61,1,1.1,44
2023,11,18,7,0,7.9,0,0,0,3.1,71.57000000000001,161.11,1,1,53
2023,11,18,8,0,8.1,0,0,0,2.9000000000000004,69.61,151.8,1,0.9,55
2023,11,18,9,0,7.800000000000001,0,0,0,2.8000000000000003,70.5,140.3,1.1,0.8,44
2023,11,18,10,0,7.2,0,0,0,2.7,73.24,128.17000000000002,1.1,0.9,38
2023,11,18,11,0,6.7,0,0,0,2.6,75.35000000000001,115.94,1.1,1,39
2023,11,18,12,0,6.5,0,0,0,2.5,75.87,103.89,1,0.9,40
2023,11,18,13,0,6.6000000000000005,0,0,0,2.6,75.61,92.25,1,0.8,38
2023,11,18,14,0,8.3,127,127,0,3.3000000000000003,70.88,81.2,1,0.8,28
2023,11,18,15,0,10.600000000000001,309,309,0,3.6,62.03,71.38,1,0.7000000000000001,4
2023,11,18,16,0,14.5,465,465,0,3.7,48.44,63.160000000000004,1,0.8,213
2023,11,18,17,0,18,573,573,0,3.2,37.21,57.300000000000004,1,1.7000000000000002,193
2023,11,18,18,0,19.5,621,621,0,3.5,34.6,54.6,1,2.1,193
2023,11,18,19,0,20.3,602,602,0,3.7,33.49,55.53,1.1,2.3000000000000003,188
2023,11,18,20,0,20.6,523,523,1,3.9000000000000004,33.26,59.92,1.1,2.4000000000000004,181
2023,11,18,21,0,20.200000000000003,388,388,0,4.2,34.79,67.08,1.2000000000000002,2.5,173
2023,11,18,22,0,18.2,215,215,0,7.300000000000001,48.94,76.2,1.3,1.6,167
2023,11,18,23,0,13.9,41,41,0,6.800000000000001,62.21,86.54,1.3,1.4000000000000001,168
2023,11,19,0,0,12.4,0,0,0,6.1000000000000005,65.54,98.08,1.3,1.7000000000000002,169
2023,11,19,1,0,11.9,0,0,0,6.2,68.15,109.97,1.3,1.9000000000000001,172
2023,11,19,2,0,11.3,0,0,0,6.4,71.77,122.14,1.4000000000000001,2,178
2023,11,19,3,0,10.700000000000001,0,0,0,6.7,76.06,134.38,1.5,1.9000000000000001,183
2023,11,19,4,0,10.200000000000001,0,0,1,7,80.72,146.31,1.7000000000000002,1.9000000000000001,188
2023,11,19,5,0,9.9,0,0,5,7.5,84.85000000000001,157.09,1.9000000000000001,1.9000000000000001,192
2023,11,19,6,0,10.200000000000001,0,0,4,8,85.95,163.84,2.1,2.1,191
2023,11,19,7,0,10.700000000000001,0,0,8,8.5,86.18,161.34,2.4000000000000004,2.5,185
2023,11,19,8,0,11.4,0,0,7,9.1,85.95,151.99,2.6,2.8000000000000003,175
2023,11,19,9,0,11.600000000000001,0,0,8,9.5,86.8,140.47,2.4000000000000004,2.8000000000000003,167
2023,11,19,10,0,11.3,0,0,7,9.5,88.75,128.33,2.2,3,174
2023,11,19,11,0,11.100000000000001,0,0,4,9.5,90.17,116.11,2.2,3.4000000000000004,175
2023,11,19,12,0,11.100000000000001,0,0,4,9.8,91.94,104.06,2.4000000000000004,3.8000000000000003,172
2023,11,19,13,0,11.3,0,0,4,10.4,93.88,92.43,2.6,4.1000000000000005,167
2023,11,19,14,0,12.3,105,105,1,11.200000000000001,93.24,81.4,2.8000000000000003,4.800000000000001,165
2023,11,19,15,0,13.5,270,47,5,12.3,92.31,71.59,2.8000000000000003,5.300000000000001,162
2023,11,19,16,0,15,412,17,5,13.100000000000001,88.16,63.39,2.8000000000000003,5.800000000000001,165
2023,11,19,17,0,15.700000000000001,512,17,7,13.3,85.73,57.54,2.9000000000000004,6.5,163
2023,11,19,18,0,16.1,557,12,7,13.4,83.95,54.84,2.9000000000000004,6.7,166
2023,11,19,19,0,16.3,542,24,3,13.4,83.06,55.75,2.8000000000000003,6.7,164
2023,11,19,20,0,16.3,469,20,3,13.5,83.33,60.11,2.7,6.6000000000000005,163
2023,11,19,21,0,15.8,338,43,3,13.600000000000001,86.79,67.24,2.7,6,160
2023,11,19,22,0,15.100000000000001,178,12,3,13.700000000000001,91.39,76.33,2.6,5.2,153
2023,11,19,23,0,14.200000000000001,29,29,1,13.600000000000001,95.9,86.64,2.5,5.1000000000000005,149
2023,11,20,0,0,13.700000000000001,0,0,3,13.3,97.48,98.17,2.4000000000000004,5.2,150
2023,11,20,1,0,13.4,0,0,3,13.100000000000001,98.02,110.04,2.4000000000000004,5.300000000000001,156
2023,11,20,2,0,13.200000000000001,0,0,3,13,98.83,122.21000000000001,2.5,5.2,159
2023,11,20,3,0,13.3,0,0,3,13.100000000000001,98.79,134.45,2.5,5,161
2023,11,20,4,0,13.4,0,0,3,13.3,99.42,146.4,2.5,4.800000000000001,163
2023,11,20,5,0,13.600000000000001,0,0,3,13.5,99.62,157.23,2.5,4.6000000000000005,166
2023,11,20,6,0,13.8,0,0,3,13.700000000000001,99.55,164.05,2.4000000000000004,4.3,167
2023,11,20,7,0,13.9,0,0,3,13.9,100,161.57,2.3000000000000003,4.1000000000000005,173
2023,11,20,8,0,14.100000000000001,0,0,8,14.100000000000001,100,152.18,2.2,3.8000000000000003,180
2023,11,20,9,0,14.100000000000001,0,0,4,14.100000000000001,100,140.64000000000001,2.1,3.3000000000000003,184
2023,11,20,10,0,13.9,0,0,7,13.9,100,128.5,2.1,2.8000000000000003,188
2023,11,20,11,0,13.3,0,0,3,13.3,100,116.27,2,1.9000000000000001,195
2023,11,20,12,0,12.700000000000001,0,0,3,12.700000000000001,100,104.23,2,1.4000000000000001,209
2023,11,20,13,0,12.200000000000001,0,0,3,12.200000000000001,100,92.61,1.9000000000000001,1.2000000000000002,232
2023,11,20,14,0,13.200000000000001,112,37,8,12.8,97.60000000000001,81.59,1.9000000000000001,2.1,266
2023,11,20,15,0,14.100000000000001,288,11,5,12.700000000000001,91.16,71.8,1.9000000000000001,2.7,300
2023,11,20,16,0,15.700000000000001,440,20,3,12.3,80.12,63.61,1.9000000000000001,3.6,316
2023,11,20,17,0,17.6,544,108,3,11.200000000000001,65.99,57.77,2,4.4,322
2023,11,20,18,0,18.2,588,588,1,10.700000000000001,61.620000000000005,55.07,2.1,5.1000000000000005,327
2023,11,20,19,0,17.8,568,137,3,10.4,62.02,55.96,2.2,5.7,335
2023,11,20,20,0,16.2,488,259,3,9.9,66.38,60.300000000000004,2.2,6.300000000000001,342
2023,11,20,21,0,14.3,355,355,1,8.9,69.84,67.39,2.1,6.5,344
2023,11,20,22,0,13,194,70,2,7.4,68.76,76.46000000000001,2,6.300000000000001,345
2023,11,20,23,0,11.8,35,11,4,6.2,68.59,86.74,1.8,5.9,344
2023,11,21,0,0,10.600000000000001,0,0,3,5.4,70.09,98.26,1.7000000000000002,6.2,343
2023,11,21,1,0,9.200000000000001,0,0,4,4.4,72.08,110.11,1.7000000000000002,6.6000000000000005,342
2023,11,21,2,0,7.800000000000001,0,0,3,3.9000000000000004,76.3,122.28,1.7000000000000002,6.4,342
2023,11,21,3,0,7.300000000000001,0,0,3,3.9000000000000004,79.11,134.52,1.7000000000000002,6.2,343
2023,11,21,4,0,7.300000000000001,0,0,4,4.1000000000000005,79.97,146.49,1.7000000000000002,6.300000000000001,345
2023,11,21,5,0,7.300000000000001,0,0,4,4.1000000000000005,79.85000000000001,157.35,1.7000000000000002,6.5,344
2023,11,21,6,0,7.2,0,0,4,3.8000000000000003,79.02,164.26,1.7000000000000002,6.4,342
2023,11,21,7,0,6.800000000000001,0,0,4,3.4000000000000004,79.01,161.79,1.6,6.2,340
2023,11,21,8,0,6.4,0,0,4,3.1,79.25,152.37,1.6,5.9,340
2023,11,21,9,0,6.1000000000000005,0,0,4,2.8000000000000003,79.60000000000001,140.81,1.6,5.5,340
2023,11,21,10,0,5.800000000000001,0,0,4,2.7,80.75,128.66,1.5,5.2,341
2023,11,21,11,0,5.6000000000000005,0,0,4,2.8000000000000003,82.13,116.43,1.5,5,342
2023,11,21,12,0,5.5,0,0,4,2.9000000000000004,83.28,104.4,1.4000000000000001,4.9,342
2023,11,21,13,0,5.5,0,0,3,3,84.2,92.79,1.4000000000000001,4.9,342
2023,11,21,14,0,7.1000000000000005,113,54,3,3.4000000000000004,77.48,81.78,1.3,5.2,342
2023,11,21,15,0,9.700000000000001,291,123,4,3.7,66.08,72.01,1.3,6.5,348
2023,11,21,16,0,11.4,445,183,4,3.4000000000000004,58.01,63.83,1.3,7,353
2023,11,21,17,0,12.5,555,70,4,2.7,51.39,58,1.2000000000000002,6.800000000000001,351
2023,11,21,18,0,13.200000000000001,609,243,4,1.1,43.56,55.29,1,6.6000000000000005,345
2023,11,21,19,0,13.5,602,602,0,-2,34.05,56.17,0.7000000000000001,6.7,342
2023,11,21,20,0,13.200000000000001,529,529,0,-6,25.73,60.47,0.5,6.7,339
2023,11,21,21,0,12.4,392,392,0,-8.5,22.39,67.54,0.5,6.4,338
2023,11,21,22,0,11.100000000000001,217,217,0,-8.9,23.68,76.57000000000001,0.5,5.5,339
2023,11,21,23,0,8.200000000000001,41,41,0,-7.300000000000001,32.58,86.82000000000001,0.5,3.6,340
2023,11,22,0,0,6.300000000000001,0,0,0,-6.300000000000001,40.160000000000004,98.33,0.5,3.1,343
2023,11,22,1,0,5.300000000000001,0,0,0,-5.9,44.17,110.18,0.5,3,345
2023,11,22,2,0,4.3,0,0,0,-5.5,49.050000000000004,122.34,0.5,2.7,347
2023,11,22,3,0,3.3000000000000003,0,0,0,-5.1000000000000005,54.32,134.58,0.5,2.4000000000000004,349
2023,11,22,4,0,2.5,0,0,0,-4.9,58.34,146.56,0.5,2.3000000000000003,351
2023,11,22,5,0,1.8,0,0,0,-4.7,61.85,157.47,0.6000000000000001,2.2,353
2023,11,22,6,0,1.2000000000000002,0,0,0,-4.6000000000000005,65.07000000000001,164.46,0.6000000000000001,2,355
2023,11,22,7,0,0.8,0,0,0,-4.6000000000000005,67.02,162.01,0.7000000000000001,1.9000000000000001,355
2023,11,22,8,0,0.4,0,0,0,-4.6000000000000005,69.03,152.55,0.7000000000000001,1.9000000000000001,354
2023,11,22,9,0,0.1,0,0,0,-4.6000000000000005,70.8,140.97,0.8,1.7000000000000002,351
2023,11,22,10,0,-0.2,0,0,0,-4.5,72.64,128.82,0.8,1.6,348
2023,11,22,11,0,-0.4,0,0,0,-4.5,73.74,116.59,0.8,1.6,345
2023,11,22,12,0,-0.7000000000000001,0,0,0,-4.5,75.22,104.57000000000001,0.8,1.4000000000000001,343
2023,11,22,13,0,-0.7000000000000001,0,0,0,-4.4,75.8,92.97,0.8,1.3,339
2023,11,22,14,0,2.6,115,115,0,-4.1000000000000005,61.51,81.96000000000001,0.8,1.9000000000000001,330
2023,11,22,15,0,5.5,295,295,0,-4.2,49.6,72.21000000000001,0.8,1.4000000000000001,302
2023,11,22,16,0,9.200000000000001,450,450,0,-6.9,31.52,64.05,0.8,1.7000000000000002,277
2023,11,22,17,0,11.200000000000001,559,559,0,-6.6000000000000005,28.21,58.22,0.8,1.9000000000000001,269
2023,11,22,18,0,12.9,604,604,0,-5.800000000000001,26.77,55.51,0.9,2.1,267
2023,11,22,19,0,14.3,589,589,0,-4.7,26.54,56.370000000000005,0.9,2.2,269
2023,11,22,20,0,15,512,512,0,-3.6,27.47,60.64,0.9,2.1,266
2023,11,22,21,0,15.100000000000001,381,381,0,-2.9000000000000004,28.810000000000002,67.68,0.9,1.8,259
2023,11,22,22,0,13.600000000000001,210,210,0,2.3000000000000003,46.300000000000004,76.68,0.9,0.9,240
2023,11,22,23,0,10.3,38,38,0,0.6000000000000001,50.910000000000004,86.91,0.9,1.2000000000000002,210
2023,11,23,0,0,8.1,0,0,0,-0.1,56.36,98.4,0.8,1.3,199
2023,11,23,1,0,7,0,0,0,-0.30000000000000004,59.82,110.24000000000001,0.8,1.5,195
2023,11,23,2,0,6.5,0,0,0,-0.6000000000000001,60.35,122.39,0.8,1.8,195
2023,11,23,3,0,6.2,0,0,0,-0.9,60.300000000000004,134.63,0.8,2.1,198
2023,11,23,4,0,5.9,0,0,0,-1.1,60.65,146.63,0.8,2.3000000000000003,201
2023,11,23,5,0,5.4,0,0,0,-1.3,62.21,157.58,0.8,2.4000000000000004,204
2023,11,23,6,0,4.9,0,0,0,-1.3,64.23,164.66,0.8,2.4000000000000004,208
2023,11,23,7,0,4.3,0,0,0,-1.3,67.03,162.22,0.8,2.2,212
2023,11,23,8,0,3.7,0,0,0,-1.3,69.94,152.73,0.8,1.9000000000000001,217
2023,11,23,9,0,3.1,0,0,0,-1.3,72.71000000000001,141.14000000000001,0.8,1.7000000000000002,219
2023,11,23,10,0,2.6,0,0,0,-1.4000000000000001,74.69,128.98,0.8,1.5,216
2023,11,23,11,0,2.1,0,0,0,-1.6,76.67,116.75,0.8,1.4000000000000001,207
2023,11,23,12,0,1.8,0,0,0,-1.6,77.99,104.73,0.8,1.5,196
2023,11,23,13,0,1.9000000000000001,0,0,0,-1.5,78.45,93.15,0.8,1.7000000000000002,190
2023,11,23,14,0,5,112,112,0,-0.8,66.35,82.15,0.8,3.1,187
2023,11,23,15,0,7.800000000000001,293,293,0,0.1,58.120000000000005,72.41,0.8,2.8000000000000003,180
2023,11,23,16,0,11.600000000000001,447,447,0,1.4000000000000001,49.43,64.26,0.9,2.6,172
2023,11,23,17,0,15.4,555,555,0,1.1,38.01,58.44,0.9,3.4000000000000004,178
2023,11,23,18,0,17.8,601,601,0,0.30000000000000004,30.7,55.730000000000004,1,3.7,177
2023,11,23,19,0,18.7,587,587,0,0.5,29.35,56.56,1,3.6,174
2023,11,23,20,0,18.8,508,508,0,0.9,30.060000000000002,60.81,1.1,3.5,169
2023,11,23,21,0,18.1,376,376,0,1.4000000000000001,32.68,67.81,1.1,3.2,162
2023,11,23,22,0,15.600000000000001,206,206,0,4.6000000000000005,47.81,76.79,1.1,1.8,151
2023,11,23,23,0,11.3,36,36,0,3.9000000000000004,60.370000000000005,86.99,1.1,1.7000000000000002,141
2023,11,24,0,0,10,0,0,0,3.3000000000000003,63.18,98.47,1.1,2.1,140
2023,11,24,1,0,9.4,0,0,0,3.1,64.85,110.29,1.1,2.6,143
2023,11,24,2,0,8.4,0,0,0,2.9000000000000004,68.42,122.44,1.1,2.8000000000000003,147
2023,11,24,3,0,7.2,0,0,0,2.7,73.23,134.68,1,2.6,150
2023,11,24,4,0,5.9,0,0,0,2.6,79.54,146.69,1,2,152
2023,11,24,5,0,4.800000000000001,0,0,7,2.8000000000000003,86.71000000000001,157.68,1,1.4000000000000001,151
2023,11,24,6,0,4.5,0,0,8,3,90.18,164.85,1,1,144
2023,11,24,7,0,4.3,0,0,5,3.3000000000000003,93.03,162.43,1,0.9,118
2023,11,24,8,0,4.2,0,0,7,3.4000000000000004,94.29,152.91,1.1,1.2000000000000002,75
2023,11,24,9,0,4.2,0,0,7,3.3000000000000003,93.76,141.3,1.1,2,53
2023,11,24,10,0,4.2,0,0,8,3.1,92.52,129.13,1.1,2.7,45
2023,11,24,11,0,4,0,0,7,2.6,90.29,116.91,1.1,3.2,40
2023,11,24,12,0,3.7,0,0,7,1.8,87.15,104.9,1.1,3.4000000000000004,36
2023,11,24,13,0,3.2,0,0,8,0.7000000000000001,83.62,93.32000000000001,1.1,3.6,30
2023,11,24,14,0,3.4000000000000004,106,52,7,-0.8,73.9,82.33,1.1,4.5,30
2023,11,24,15,0,4.5,284,185,7,-1.9000000000000001,63.13,72.61,1.1,5,33
2023,11,24,16,0,6.4,440,440,0,-2.1,54.42,64.47,1.1,5,32
2023,11,24,17,0,8.3,547,547,0,-1.9000000000000001,48.67,58.660000000000004,1.1,4.7,29
2023,11,24,18,0,9.8,596,596,0,-1.4000000000000001,45.49,55.93,1.1,4.4,29
2023,11,24,19,0,10.8,582,582,0,-1,43.94,56.75,1.1,4.1000000000000005,31
2023,11,24,20,0,11.3,505,505,0,-0.7000000000000001,43.38,60.97,1.1,3.9000000000000004,33
2023,11,24,21,0,11,374,374,0,-0.5,44.85,67.94,1.1,3.7,36
2023,11,24,22,0,9.9,204,204,0,-0.30000000000000004,48.99,76.89,1.1,3.2,37
2023,11,24,23,0,6.4,35,35,0,0.4,65.32000000000001,87.05,1.1,1.8,35
2023,11,25,0,0,5.1000000000000005,0,0,0,-0.1,69.16,98.53,1.1,2.1,32
2023,11,25,1,0,4.6000000000000005,0,0,0,-0.5,69.53,110.34,1.1,2.5,31
2023,11,25,2,0,4,0,0,8,-0.8,70.72,122.48,1.2000000000000002,2.9000000000000004,30
2023,11,25,3,0,3.4000000000000004,0,0,0,-1.2000000000000002,72.05,134.72,1.2000000000000002,3,28
2023,11,25,4,0,2.7,0,0,8,-1.5,74.02,146.74,1.3,3,25
2023,11,25,5,0,2.1,0,0,8,-1.8,75.57000000000001,157.78,1.4000000000000001,2.8000000000000003,21
2023,11,25,6,0,1.5,0,0,7,-2.1,77.11,165.03,1.4000000000000001,2.6,19
2023,11,25,7,0,1,0,0,0,-2.4000000000000004,78.16,162.64000000000001,1.5,2.4000000000000004,18
2023,11,25,8,0,0.6000000000000001,0,0,0,-2.6,78.91,153.09,1.6,2.3000000000000003,17
2023,11,25,9,0,0.2,0,0,0,-2.9000000000000004,79.87,141.46,1.6,2.2,18
2023,11,25,10,0,-0.2,0,0,0,-3.1,80.96000000000001,129.29,1.7000000000000002,2.1,20
2023,11,25,11,0,-0.5,0,0,4,-3.2,81.72,117.07000000000001,1.7000000000000002,2,24
2023,11,25,12,0,-0.8,0,0,4,-3.4000000000000004,82.8,105.07000000000001,1.7000000000000002,1.7000000000000002,30
2023,11,25,13,0,-0.5,0,0,4,-3.3000000000000003,81.48,93.49,1.7000000000000002,2.1,39
2023,11,25,14,0,0.8,95,13,4,-2.3000000000000003,79.7,82.51,1.7000000000000002,1.9000000000000001,61
2023,11,25,15,0,3.4000000000000004,268,99,4,0.2,79.81,72.81,1.7000000000000002,1.9000000000000001,118
2023,11,25,16,0,6.300000000000001,419,152,5,1.9000000000000001,73.26,64.67,1.8,2.3000000000000003,149
2023,11,25,17,0,8.9,523,141,5,3,66.53,58.870000000000005,1.9000000000000001,2.7,168
2023,11,25,18,0,10.9,571,132,5,3.9000000000000004,62.14,56.13,1.9000000000000001,3.1,179
2023,11,25,19,0,12.3,554,68,7,4.7,59.660000000000004,56.93,2,3.5,186
2023,11,25,20,0,12.600000000000001,476,20,5,5.300000000000001,61.07,61.120000000000005,2,3.5,189
2023,11,25,21,0,12.100000000000001,344,65,4,5.9,65.66,68.06,2.1,3,193
2023,11,25,22,0,10.600000000000001,178,29,4,6.7,76.92,76.98,2.1,1.8,207
2023,11,25,23,0,8.200000000000001,27,6,4,6.5,89.10000000000001,87.12,2.1,1.6,270
2023,11,26,0,0,6.1000000000000005,0,0,4,5.2,93.91,98.58,2,3.3000000000000003,318
2023,11,26,1,0,4,0,0,4,3.1,93.65,110.38,1.9000000000000001,4.3,336
2023,11,26,2,0,2.2,0,0,4,1.2000000000000002,93.4,122.51,1.9000000000000001,4.5,344
2023,11,26,3,0,1.4000000000000001,0,0,4,0.2,91.71000000000001,134.75,1.8,4.4,342
2023,11,26,4,0,0.9,0,0,4,-0.4,91.17,146.79,1.7000000000000002,4.5,338
2023,11,26,5,0,0.6000000000000001,0,0,4,-0.9,89.66,157.86,1.6,4.6000000000000005,336
2023,11,26,6,0,0,0,0,4,-1.7000000000000002,88.52,165.20000000000002,1.4000000000000001,4.6000000000000005,334
2023,11,26,7,0,-1.1,0,0,4,-2.8000000000000003,88.42,162.84,1,4.4,330
2023,11,26,8,0,-2.5,0,0,4,-3.9000000000000004,89.82000000000001,153.27,0.7000000000000001,4.1000000000000005,323
2023,11,26,9,0,-3.6,0,0,4,-4.9,90.54,141.62,0.6000000000000001,3.6,316
2023,11,26,10,0,-4.2,0,0,0,-5.7,89.2,129.45,0.6000000000000001,3.3000000000000003,306
2023,11,26,11,0,-4.6000000000000005,0,0,0,-6.300000000000001,87.68,117.23,0.6000000000000001,3.1,297
2023,11,26,12,0,-5,0,0,0,-6.800000000000001,87.01,105.23,0.6000000000000001,2.9000000000000004,289
2023,11,26,13,0,-5.2,0,0,0,-7.2,86.05,93.67,0.6000000000000001,3.1,284
2023,11,26,14,0,-3.6,106,106,0,-6.6000000000000005,79.48,82.69,0.5,3.6,284
2023,11,26,15,0,-0.5,290,290,0,-6.5,63.660000000000004,73,0.5,4.5,305
2023,11,26,16,0,2,453,453,0,-6.300000000000001,54.370000000000005,64.88,0.4,5.1000000000000005,319
2023,11,26,17,0,3.8000000000000003,564,564,0,-5.7,49.85,59.07,0.4,5,321
2023,11,26,18,0,5.4,614,614,0,-5.5,45.21,56.33,0.4,4.9,323
2023,11,26,19,0,6.800000000000001,600,600,0,-5.7,40.63,57.1,0.4,4.9,325
2023,11,26,20,0,7.5,518,518,0,-5.7,38.660000000000004,61.26,0.5,4.800000000000001,330
2023,11,26,21,0,7.300000000000001,384,384,0,-5,41.35,68.17,0.5,4.6000000000000005,334
2023,11,26,22,0,6.1000000000000005,211,211,0,-3.3000000000000003,50.94,77.06,0.5,3.5,338
2023,11,26,23,0,2.3000000000000003,36,36,0,-2.1,72.84,87.18,0.5,1.7000000000000002,341
2023,11,27,0,0,0.7000000000000001,0,0,0,-2.4000000000000004,80.01,98.63,0.5,1.6,344
2023,11,27,1,0,-0.1,0,0,0,-2.6,83.2,110.41,0.5,1.5,345
2023,11,27,2,0,-1,0,0,0,-2.9000000000000004,86.73,122.54,0.4,1.4000000000000001,345
2023,11,27,3,0,-1.6,0,0,0,-3.4000000000000004,87.55,134.78,0.4,1.3,341
2023,11,27,4,0,-2.1,0,0,0,-3.9000000000000004,87.46000000000001,146.83,0.4,1.2000000000000002,331
2023,11,27,5,0,-2.4000000000000004,0,0,0,-4.4,86.37,157.94,0.4,1.3,318
2023,11,27,6,0,-2.8000000000000003,0,0,0,-4.7,86.62,165.36,0.4,1.3,306
2023,11,27,7,0,-3.1,0,0,0,-5,86.83,163.04,0.4,1.4000000000000001,296
2023,11,27,8,0,-3.4000000000000004,0,0,0,-5.2,87.09,153.44,0.4,1.5,291
2023,11,27,9,0,-3.7,0,0,0,-5.5,87.44,141.78,0.4,1.6,289
2023,11,27,10,0,-4,0,0,0,-5.7,87.97,129.6,0.4,1.6,288
2023,11,27,11,0,-4.2,0,0,0,-5.800000000000001,88.41,117.39,0.5,1.7000000000000002,288
2023,11,27,12,0,-4.3,0,0,0,-5.9,88.34,105.39,0.5,1.8,289
2023,11,27,13,0,-4.2,0,0,0,-6,87.48,93.84,0.5,1.8,291
2023,11,27,14,0,-1.4000000000000001,103,103,0,-5,76.43,82.87,0.5,3,293
2023,11,27,15,0,1.2000000000000002,285,285,0,-3.6,70.45,73.19,0.5,2.6,292
2023,11,27,16,0,4.9,441,441,0,-2.6,58.5,65.07000000000001,0.6000000000000001,2.8000000000000003,292
2023,11,27,17,0,8.3,551,551,0,-3.2,44.24,59.27,0.6000000000000001,3.2,303
2023,11,27,18,0,10.200000000000001,601,601,0,-3.5,38.14,56.52,0.6000000000000001,2.9000000000000004,314
2023,11,27,19,0,11.200000000000001,584,584,0,-3.4000000000000004,35.730000000000004,57.27,0.7000000000000001,2.5,320
2023,11,27,20,0,11.700000000000001,508,508,0,-3.3000000000000003,34.910000000000004,61.4,0.7000000000000001,2,319
2023,11,27,21,0,11.4,376,376,0,-3,36.44,68.28,0.7000000000000001,1.6,311
2023,11,27,22,0,9.700000000000001,205,205,0,1.2000000000000002,55.59,77.14,0.7000000000000001,0.8,291
2023,11,27,23,0,6.800000000000001,34,34,0,-1.8,54.32,87.24,0.7000000000000001,1.1,262
2023,11,28,0,0,5.1000000000000005,0,0,0,-2.3000000000000003,58.89,98.67,0.7000000000000001,1.3,249
2023,11,28,1,0,3.9000000000000004,0,0,0,-2.3000000000000003,64,110.44,0.7000000000000001,1.4000000000000001,246
2023,11,28,2,0,3,0,0,0,-2.4000000000000004,67.66,122.56,0.7000000000000001,1.4000000000000001,247
2023,11,28,3,0,2.3000000000000003,0,0,0,-2.6,70.09,134.8,0.7000000000000001,1.4000000000000001,250
2023,11,28,4,0,1.9000000000000001,0,0,7,-2.8000000000000003,71.23,146.86,0.7000000000000001,1.4000000000000001,253
2023,11,28,5,0,1.4000000000000001,0,0,0,-2.9000000000000004,72.95,158.01,0.7000000000000001,1.5,258
2023,11,28,6,0,0.9,0,0,0,-3.1,74.46000000000001,165.52,0.7000000000000001,1.6,264
2023,11,28,7,0,0.5,0,0,0,-3.2,76.17,163.23,0.6000000000000001,1.7000000000000002,271
2023,11,28,8,0,0,0,0,0,-3.4000000000000004,78.04,153.61,0.6000000000000001,1.7000000000000002,276
2023,11,28,9,0,-0.6000000000000001,0,0,0,-3.6,80.44,141.94,0.6000000000000001,1.6,278
2023,11,28,10,0,-1.2000000000000002,0,0,0,-3.7,82.82000000000001,129.76,0.5,1.5,279
2023,11,28,11,0,-1.6,0,0,0,-3.9000000000000004,84.28,117.54,0.5,1.4000000000000001,279
2023,11,28,12,0,-1.9000000000000001,0,0,0,-4,85.32000000000001,105.55,0.5,1.3,278
2023,11,28,13,0,-1.9000000000000001,0,0,0,-4.1000000000000005,84.75,94,0.5,1.2000000000000002,272
2023,11,28,14,0,1.3,100,100,0,-2.7,74.59,83.04,0.5,1.5,260
2023,11,28,15,0,4.1000000000000005,281,281,0,-2.2,63.52,73.37,0.5,2.1,246
2023,11,28,16,0,7.4,436,436,0,-0.7000000000000001,56.65,65.26,0.6000000000000001,2.1,224
2023,11,28,17,0,11.700000000000001,546,546,0,-1.6,39.52,59.46,0.6000000000000001,3.9000000000000004,226
2023,11,28,18,0,13.9,598,598,0,-2.2,32.75,56.7,0.6000000000000001,4.5,224
2023,11,28,19,0,14.8,585,585,0,-2.1,31.11,57.43,0.6000000000000001,4.6000000000000005,220
2023,11,28,20,0,15.100000000000001,505,505,0,-1.9000000000000001,31.12,61.53,0.7000000000000001,4.5,218
2023,11,28,21,0,14.600000000000001,374,374,0,-1.3,33.61,68.38,0.7000000000000001,4,215
2023,11,28,22,0,12,203,203,0,1.2000000000000002,47.47,77.22,0.7000000000000001,2.2,209
2023,11,28,23,0,7.6000000000000005,34,34,0,0.6000000000000001,61.31,87.29,0.7000000000000001,1.8,204
2023,11,29,0,0,6.4,0,0,0,0,63.46,98.7,0.7000000000000001,2,202
2023,11,29,1,0,6,0,0,0,-0.30000000000000004,63.77,110.46000000000001,0.6000000000000001,2.3000000000000003,201
2023,11,29,2,0,5.5,0,0,0,-0.5,65.09,122.58,0.6000000000000001,2.5,201
2023,11,29,3,0,5.2,0,0,0,-0.6000000000000001,66.14,134.82,0.6000000000000001,2.7,202
2023,11,29,4,0,4.800000000000001,0,0,0,-0.5,68.38,146.89000000000001,0.7000000000000001,3,205
2023,11,29,5,0,4.4,0,0,0,-0.4,71.14,158.08,0.7000000000000001,3.1,209
2023,11,29,6,0,3.7,0,0,0,-0.2,75.45,165.67000000000002,0.7000000000000001,3,214
2023,11,29,7,0,3.1,0,0,0,-0.1,79.53,163.42000000000002,0.7000000000000001,2.9000000000000004,221
2023,11,29,8,0,2.5,0,0,0,0.1,84.13,153.78,0.7000000000000001,2.8000000000000003,227
2023,11,29,9,0,2,0,0,0,0.30000000000000004,88.44,142.09,0.7000000000000001,2.5,235
2023,11,29,10,0,1.6,0,0,0,0.5,92.39,129.91,0.8,2,244
2023,11,29,11,0,1.4000000000000001,0,0,0,0.7000000000000001,95.15,117.7,0.8,1.6,253
2023,11,29,12,0,1.4000000000000001,0,0,0,0.9,96.44,105.71000000000001,0.8,1.4000000000000001,258
2023,11,29,13,0,1.4000000000000001,0,0,0,1.1,97.84,94.17,0.8,1.2000000000000002,258
2023,11,29,14,0,3.7,94,94,0,1.5,85.64,83.22,0.8,2.1,253
2023,11,29,15,0,6.300000000000001,272,272,0,2.2,75.09,73.55,0.8,2.1,239
2023,11,29,16,0,9.600000000000001,428,428,0,3.5,65.81,65.45,0.8,1.9000000000000001,212
2023,11,29,17,0,13.200000000000001,538,410,3,4.6000000000000005,55.92,59.65,0.8,2.4000000000000004,211
2023,11,29,18,0,16.2,590,434,7,4.800000000000001,46.61,56.88,0.8,3.6,209
2023,11,29,19,0,17.1,574,454,7,4.4,43.08,57.59,0.9,4.3,200
2023,11,29,20,0,17,497,497,0,4.5,43.550000000000004,61.65,1,4.6000000000000005,193
2023,11,29,21,0,16.2,367,289,8,4.9,47.22,68.47,1,4.6000000000000005,189
2023,11,29,22,0,14.4,198,198,0,5.7,55.82,77.29,1.1,3.6,183
2023,11,29,23,0,10.8,32,17,3,5.800000000000001,71.39,87.34,1.2000000000000002,2.4000000000000004,175
2023,11,30,0,0,10,0,0,7,5.7,74.87,98.73,1.4000000000000001,3.1,173
2023,11,30,1,0,9.700000000000001,0,0,8,5.7,76.35000000000001,110.48,1.6,3.7,173
2023,11,30,2,0,9.1,0,0,8,5.6000000000000005,78.76,122.59,1.7000000000000002,3.9000000000000004,175
2023,11,30,3,0,8.6,0,0,7,5.4,80.17,134.83,1.8,4.1000000000000005,177
2023,11,30,4,0,8.200000000000001,0,0,3,4.9,79.85000000000001,146.91,1.9000000000000001,4.1000000000000005,178
2023,11,30,5,0,7.9,0,0,0,4.4,78.63,158.13,2,4.2,179
2023,11,30,6,0,7.7,0,0,3,4.2,78.35000000000001,165.81,2.1,4.3,181
2023,11,30,7,0,7.5,0,0,3,4.3,80.02,163.61,2.2,4.2,183
2023,11,30,8,0,7.5,0,0,3,4.6000000000000005,81.7,153.94,2.2,4.2,185
2023,11,30,9,0,8,0,0,3,5.1000000000000005,81.99,142.25,2.2,4.3,190
2023,11,30,10,0,8.700000000000001,0,0,3,6,82.89,130.06,2.2,4.4,193
2023,11,30,11,0,9.200000000000001,0,0,3,6.9,85.42,117.85000000000001,2.2,4.3,194
2023,11,30,12,0,9.3,0,0,3,7.7,89.52,105.87,2.3000000000000003,4,191
2023,11,30,13,0,9.4,0,0,3,8.3,93.10000000000001,94.34,2.3000000000000003,3.8000000000000003,190
2023,11,30,14,0,10.3,77,11,5,9.1,92.3,83.39,2.3000000000000003,3.9000000000000004,188
2023,11,30,15,0,11.4,238,238,1,10,91.06,73.73,2.4000000000000004,3.9000000000000004,183
2023,11,30,16,0,12.600000000000001,383,107,7,10.8,88.77,65.64,2.5,3.7,173
2023,11,30,17,0,13.3,488,9,7,11.3,87.67,59.83,2.6,3.6,164
2023,11,30,18,0,13.700000000000001,533,19,8,11.600000000000001,87.03,57.050000000000004,2.8000000000000003,3.5,155
2023,11,30,19,0,13.9,520,22,5,11.8,86.96000000000001,57.730000000000004,2.9000000000000004,3.5,148
2023,11,30,20,0,13.8,448,24,4,11.9,88.17,61.77,3,3.8000000000000003,149
2023,11,30,21,0,13.4,324,47,3,12,91.33,68.56,3,3.7,152
2023,11,30,22,0,12.8,168,9,3,12.200000000000001,96.01,77.35000000000001,2.9000000000000004,3,154
2023,11,30,23,0,11.9,24,5,5,11.9,100,87.38,2.8000000000000003,1.8,164
2023,12,1,0,0,11.9,0,0,4,11.9,100,98.76,2.7,1.9000000000000001,206
2023,12,1,1,0,12.3,0,0,1,12.3,100,110.49000000000001,2.3000000000000003,3.5,251
2023,12,1,2,0,11.4,0,0,7,11.3,99.15,122.59,1.9000000000000001,4.6000000000000005,281
2023,12,1,3,0,9,0,0,3,8.4,96.07000000000001,134.83,1.6,4.9,290
2023,12,1,4,0,6.6000000000000005,0,0,0,5.800000000000001,94.32000000000001,146.92000000000002,1.4000000000000001,4.2,284
2023,12,1,5,0,5.1000000000000005,0,0,0,4.1000000000000005,93.13,158.18,1.3,3.7,278
2023,12,1,6,0,4.3,0,0,3,3.2,92.73,165.94,1.2000000000000002,3.4000000000000004,276
2023,12,1,7,0,3.9000000000000004,0,0,3,2.7,92.07000000000001,163.79,1.2000000000000002,3.3000000000000003,278
2023,12,1,8,0,3.5,0,0,3,2.4000000000000004,92.51,154.11,1.2000000000000002,3.1,282
2023,12,1,9,0,3.3000000000000003,0,0,3,2.1,92.06,142.4,1.2000000000000002,3.1,286
2023,12,1,10,0,3.1,0,0,3,1.9000000000000001,91.77,130.21,1.2000000000000002,3.3000000000000003,292
2023,12,1,11,0,2.9000000000000004,0,0,3,1.6,90.97,118,1.2000000000000002,3.2,296
2023,12,1,12,0,2.7,0,0,3,1.1,89.24,106.03,1.2000000000000002,3.2,297
2023,12,1,13,0,2.4000000000000004,0,0,4,0.7000000000000001,88.52,94.5,1.1,3.1,300
2023,12,1,14,0,3.3000000000000003,83,15,4,0.6000000000000001,82.49,83.55,1.1,3.8000000000000003,303
2023,12,1,15,0,4.7,254,39,4,0.4,73.48,73.91,1.1,4.4,315
2023,12,1,16,0,6,409,76,4,0.4,67.08,65.82000000000001,1.1,4.3,315
2023,12,1,17,0,7.300000000000001,518,84,4,0.5,62.09,60.01,1.1,4,312
2023,12,1,18,0,8.4,570,114,5,0.8,58.6,57.21,1.1,3.6,309
2023,12,1,19,0,9.200000000000001,562,178,7,0.9,55.95,57.870000000000005,1,3.2,306
2023,12,1,20,0,9.4,489,76,4,0.8,55.050000000000004,61.88,1,2.8000000000000003,305
2023,12,1,21,0,8.9,360,172,8,0.7000000000000001,56.61,68.64,1,2.2,308
2023,12,1,22,0,7.800000000000001,194,30,8,1.3,63.7,77.4,1,1.3,314
2023,12,1,23,0,5.9,30,13,7,1.8,74.92,87.4,1,0.7000000000000001,334
2023,12,2,0,0,5.2,0,0,4,1,74.06,98.77,1,0.6000000000000001,358
2023,12,2,1,0,4.6000000000000005,0,0,4,0.6000000000000001,75.45,110.5,1,0.5,43
2023,12,2,2,0,3.8000000000000003,0,0,4,0.6000000000000001,79.63,122.59,1,0.7000000000000001,76
2023,12,2,3,0,2.9000000000000004,0,0,3,0.6000000000000001,85.12,134.83,1.1,0.8,86
2023,12,2,4,0,2.2,0,0,0,0.6000000000000001,89.26,146.93,1.1,0.9,93
2023,12,2,5,0,1.4000000000000001,0,0,0,0.6000000000000001,94.22,158.22,1.1,1,99
2023,12,2,6,0,1,0,0,0,0.6000000000000001,97.31,166.06,1.1,1,105
2023,12,2,7,0,0.9,0,0,0,0.7000000000000001,98.61,163.97,1.2000000000000002,0.9,114
2023,12,2,8,0,0.7000000000000001,0,0,7,0.7000000000000001,100,154.27,1.2000000000000002,1,119
2023,12,2,9,0,0.4,0,0,7,0.4,100,142.55,1.3,1,121
2023,12,2,10,0,-0.1,0,0,8,-0.1,100,130.36,1.3,1.1,121
2023,12,2,11,0,-0.4,0,0,0,-0.4,100,118.15,1.3,1.1,122
2023,12,2,12,0,-0.5,0,0,3,-0.5,100,106.18,1.4000000000000001,1.1,129
2023,12,2,13,0,0.1,0,0,4,0.1,100,94.66,1.4000000000000001,1.1,142
2023,12,2,14,0,2.3000000000000003,78,14,7,1.6,94.9,83.72,1.6,2.6,164
2023,12,2,15,0,4.1000000000000005,247,110,8,2.1,87.12,74.08,1.7000000000000002,3.6,182
2023,12,2,16,0,6.4,398,81,8,3,78.73,65.99,1.8,4.1000000000000005,182
2023,12,2,17,0,8.700000000000001,508,149,7,4.1000000000000005,72.81,60.18,1.7000000000000002,4.3,182
2023,12,2,18,0,11.200000000000001,562,81,7,5.2,66.78,57.370000000000005,1.6,4.5,193
2023,12,2,19,0,13.8,556,556,0,5.9,58.870000000000005,58,1.3,5,216
2023,12,2,20,0,15.600000000000001,487,487,0,5.4,50.54,61.980000000000004,1.1,5.1000000000000005,233
2023,12,2,21,0,15.9,362,362,0,4.1000000000000005,45.4,68.71000000000001,1,4.3,241
2023,12,2,22,0,13.4,197,197,0,4.4,54.410000000000004,77.45,0.9,2.2,243
2023,12,2,23,0,9,31,31,0,2.4000000000000004,63.49,87.43,0.8,1.8,251
2023,12,3,0,0,7.4,0,0,5,1.5,65.97,98.78,0.8,1.9000000000000001,268
2023,12,3,1,0,6.6000000000000005,0,0,0,1.5,69.86,110.5,0.8,2.7,307
2023,12,3,2,0,5.5,0,0,0,1.8,76.86,122.58,0.8,3.9000000000000004,338
2023,12,3,3,0,3.7,0,0,0,1.6,85.99,134.82,0.8,3,349
2023,12,3,4,0,2,0,0,0,1,92.78,146.93,0.7000000000000001,1.7000000000000002,352
2023,12,3,5,0,1,0,0,0,0.2,94.53,158.25,0.6000000000000001,1.1,350
2023,12,3,6,0,0.4,0,0,0,-0.30000000000000004,95.26,166.18,0.6000000000000001,1,322
2023,12,3,7,0,-0.1,0,0,0,-0.6000000000000001,96.72,164.14000000000001,0.6000000000000001,1.1,305
2023,12,3,8,0,-0.4,0,0,0,-0.7000000000000001,97.59,154.43,0.5,1.1,299
2023,12,3,9,0,-0.7000000000000001,0,0,0,-0.8,99.12,142.70000000000002,0.5,1.1,286
2023,12,3,10,0,-1.1,0,0,0,-1.1,100,130.51,0.6000000000000001,1.1,264
2023,12,3,11,0,-1.5,0,0,0,-1.5,100,118.3,0.6000000000000001,1.2000000000000002,245
2023,12,3,12,0,-1.9000000000000001,0,0,0,-1.9000000000000001,100,106.33,0.6000000000000001,1.3,232
2023,12,3,13,0,-2,0,0,8,-2,100,94.82000000000001,0.6000000000000001,1.4000000000000001,223
2023,12,3,14,0,1,85,85,0,-0.4,90.10000000000001,83.88,0.6000000000000001,2.9000000000000004,216
2023,12,3,15,0,3.9000000000000004,262,262,0,0,75.51,74.25,0.6000000000000001,3.2,205
2023,12,3,16,0,7.7,420,420,0,-0.30000000000000004,57.02,66.16,0.6000000000000001,3.7,208
2023,12,3,17,0,10.8,528,528,0,-1.1,43.67,60.34,0.7000000000000001,4.3,218
2023,12,3,18,0,13,580,580,0,-1.4000000000000001,36.96,57.52,0.7000000000000001,4.5,226
2023,12,3,19,0,14.600000000000001,568,568,0,-1.2000000000000002,33.77,58.13,0.7000000000000001,4.7,230
2023,12,3,20,0,15.600000000000001,491,491,0,-0.9,32.44,62.08,0.8,4.800000000000001,234
2023,12,3,21,0,15.8,362,259,8,0.30000000000000004,34.77,68.78,0.9,3.9000000000000004,238
2023,12,3,22,0,13.3,194,194,0,3.2,50.370000000000005,77.49,1,1.9000000000000001,248
2023,12,3,23,0,9.8,31,31,0,2,58.34,87.45,1,2.2,288
2023,12,4,0,0,10,0,0,0,0.9,53.11,98.79,1,4.1000000000000005,328
2023,12,4,1,0,8.6,0,0,0,0.2,55.38,110.49000000000001,0.9,4.3,341
2023,12,4,2,0,7,0,0,0,-0.2,60.33,122.57000000000001,0.8,3.5,341
2023,12,4,3,0,6.1000000000000005,0,0,8,-0.7000000000000001,61.76,134.81,0.7000000000000001,3.4000000000000004,336
2023,12,4,4,0,4.800000000000001,0,0,5,-1.5,63.63,146.93,0.6000000000000001,2.8000000000000003,329
2023,12,4,5,0,3.8000000000000003,0,0,0,-2.4000000000000004,63.870000000000005,158.27,0.5,2.7,323
2023,12,4,6,0,3.2,0,0,0,-3.1,63.550000000000004,166.29,0.5,2.9000000000000004,322
2023,12,4,7,0,2.7,0,0,0,-3.6,63.42,164.3,0.5,3.1,322
2023,12,4,8,0,2.2,0,0,0,-3.9000000000000004,64.23,154.58,0.5,3.1,322
2023,12,4,9,0,1.6,0,0,0,-3.9000000000000004,66.94,142.85,0.6000000000000001,2.9000000000000004,323
2023,12,4,10,0,1,0,0,0,-3.8000000000000003,70.06,130.65,0.7000000000000001,2.7,326
2023,12,4,11,0,0.5,0,0,0,-3.9000000000000004,72.24,118.45,0.8,2.4000000000000004,331
2023,12,4,12,0,-0.1,0,0,0,-4.1000000000000005,74.60000000000001,106.48,0.9,2,333
2023,12,4,13,0,-0.5,0,0,0,-4.2,76,94.97,1,1.6,330
2023,12,4,14,0,2.1,79,79,0,-3.8000000000000003,65.08,84.03,1,2.3000000000000003,315
2023,12,4,15,0,4.7,250,181,8,-3.4000000000000004,55.74,74.41,1.1,2.3000000000000003,290
2023,12,4,16,0,8.3,404,260,7,-2.3000000000000003,47.07,66.32000000000001,1.1,2.1,263
2023,12,4,17,0,11.4,514,273,7,-2.5,37.7,60.5,1.1,2.1,255
2023,12,4,18,0,12.3,563,563,0,-2.4000000000000004,35.79,57.660000000000004,1.1,2.4000000000000004,246
2023,12,4,19,0,13,552,445,8,-2.5,33.96,58.25,1.1,2.7,240
2023,12,4,20,0,13.3,482,389,8,-2.6,33.230000000000004,62.17,1,2.9000000000000004,234
2023,12,4,21,0,13.100000000000001,359,359,0,-2.5,33.86,68.84,1,2.9000000000000004,228
2023,12,4,22,0,11,195,137,8,0.6000000000000001,48.52,77.52,0.9,1.6,217
2023,12,4,23,0,7,31,31,1,-0.2,60.050000000000004,87.46000000000001,0.8,1.5,205
2023,12,5,0,0,5.9,0,0,0,-1,61.050000000000004,98.79,0.8,1.6,200
2023,12,5,1,0,5.300000000000001,0,0,0,-1.5,61.75,110.48,0.8,1.7000000000000002,198
2023,12,5,2,0,4.800000000000001,0,0,0,-1.8,62.29,122.55,0.8,1.7000000000000002,195
2023,12,5,3,0,4.4,0,0,0,-2,62.940000000000005,134.79,0.7000000000000001,1.8,195
2023,12,5,4,0,3.9000000000000004,0,0,0,-2.1,65.06,146.91,0.8,1.7000000000000002,200
2023,12,5,5,0,3.3000000000000003,0,0,0,-2,68.08,158.29,0.8,1.5,211
2023,12,5,6,0,2.7,0,0,0,-2.1,70.89,166.38,0.8,1.4000000000000001,232
2023,12,5,7,0,2.1,0,0,0,-2.2,73.29,164.47,0.8,1.4000000000000001,259
2023,12,5,8,0,1.6,0,0,0,-2.4000000000000004,74.72,154.74,0.8,1.4000000000000001,280
2023,12,5,9,0,1.3,0,0,0,-2.7,74.5,143,0.8,1.4000000000000001,293
2023,12,5,10,0,1.1,0,0,0,-3.1,73.61,130.8,0.9,1.3,305
2023,12,5,11,0,1.1,0,0,0,-3.3000000000000003,72.45,118.60000000000001,0.9,1.4000000000000001,318
2023,12,5,12,0,1.1,0,0,0,-3.3000000000000003,72.36,106.63,0.9,1.5,328
2023,12,5,13,0,1.2000000000000002,0,0,0,-3,73.46000000000001,95.12,1,1.7000000000000002,337
2023,12,5,14,0,4.1000000000000005,77,77,0,-1.8,65.4,84.19,1,3,349
2023,12,5,15,0,7,249,249,0,-1,56.94,74.57000000000001,1,3.7,0
2023,12,5,16,0,10.4,404,404,0,-0.30000000000000004,47.410000000000004,66.48,1,3.9000000000000004,9
2023,12,5,17,0,13,511,511,0,-1.3,37.08,60.65,1.1,4.2,17
2023,12,5,18,0,14.4,563,563,0,-1.7000000000000002,32.84,57.800000000000004,1.1,3.8000000000000003,15
2023,12,5,19,0,15.200000000000001,552,552,0,-1.8,31.07,58.36,1.1,3.5,10
2023,12,5,20,0,15.3,478,478,0,-1.7000000000000002,31.01,62.25,1.2000000000000002,3.5,6
2023,12,5,21,0,14.700000000000001,354,354,0,-1.4000000000000001,33.11,68.89,1.2000000000000002,3.2,5
2023,12,5,22,0,12.3,191,191,0,1.7000000000000002,48.410000000000004,77.55,1.2000000000000002,1.7000000000000002,8
2023,12,5,23,0,8,30,30,0,1.2000000000000002,62.31,87.47,1.3,1.3,10
2023,12,6,0,0,6.800000000000001,0,0,0,0.6000000000000001,64.78,98.78,1.3,1.3,13
2023,12,6,1,0,6.1000000000000005,0,0,0,0.30000000000000004,66.47,110.46000000000001,1.4000000000000001,1.3,21
2023,12,6,2,0,5.6000000000000005,0,0,0,0.1,67.62,122.53,1.4000000000000001,1.3,30
2023,12,6,3,0,5,0,0,0,-0.30000000000000004,68.62,134.77,1.4000000000000001,1.3,41
2023,12,6,4,0,4.4,0,0,0,-0.7000000000000001,69.56,146.9,1.4000000000000001,1.2000000000000002,57
2023,12,6,5,0,3.8000000000000003,0,0,0,-1,70.8,158.3,1.4000000000000001,1.2000000000000002,75
2023,12,6,6,0,3.1,0,0,0,-1.3,72.84,166.47,1.4000000000000001,1.2000000000000002,90
2023,12,6,7,0,2.5,0,0,0,-1.5,74.7,164.62,1.4000000000000001,1.3,103
2023,12,6,8,0,2.1,0,0,0,-1.7000000000000002,75.8,154.89000000000001,1.4000000000000001,1.3,113
2023,12,6,9,0,1.7000000000000002,0,0,0,-1.9000000000000001,77.07000000000001,143.14000000000001,1.4000000000000001,1.3,121
2023,12,6,10,0,1.4000000000000001,0,0,0,-2,77.89,130.94,1.3,1.3,127
2023,12,6,11,0,1.1,0,0,0,-2.1,79.04,118.74000000000001,1.3,1.3,135
2023,12,6,12,0,0.8,0,0,0,-2.1,80.66,106.78,1.3,1.2000000000000002,147
2023,12,6,13,0,0.7000000000000001,0,0,0,-2.1,81.61,95.27,1.2000000000000002,1.2000000000000002,165
2023,12,6,14,0,3.7,74,74,0,-1.1,70.76,84.34,1.2000000000000002,2,187
2023,12,6,15,0,6.5,243,243,0,-0.8,59.550000000000004,74.72,1.2000000000000002,2.7,199
2023,12,6,16,0,10.100000000000001,396,396,0,-0.4,48.11,66.64,1.2000000000000002,3.3000000000000003,199
2023,12,6,17,0,13.200000000000001,504,504,0,-0.7000000000000001,38.2,60.800000000000004,1.3,4.5,201
2023,12,6,18,0,15.100000000000001,555,555,0,0,35.56,57.93,1.3,4.9,208
2023,12,6,19,0,16.3,546,546,0,0.8,35.09,58.46,1.3,4.9,211
2023,12,6,20,0,16.8,478,478,0,1.6,35.97,62.32,1.2000000000000002,4.7,209
2023,12,6,21,0,16.6,354,354,0,2.4000000000000004,38.39,68.93,1.2000000000000002,4.3,203
2023,12,6,22,0,14.4,191,191,0,3.8000000000000003,48.84,77.57000000000001,1.2000000000000002,2.8000000000000003,192
2023,12,6,23,0,10.8,30,30,0,3.6,61.17,87.47,1.2000000000000002,2.5,182
2023,12,7,0,0,10.3,0,0,0,3.4000000000000004,62.120000000000005,98.77,1.1,3.3000000000000003,177
2023,12,7,1,0,10,0,0,0,3.3000000000000003,63.01,110.44,1.1,4,175
2023,12,7,2,0,9.3,0,0,0,3.2,65.52,122.5,1.1,4.3,176
2023,12,7,3,0,8.6,0,0,0,3,67.97,134.73,1,4.5,179
2023,12,7,4,0,8.1,0,0,0,2.9000000000000004,69.68,146.87,1,4.5,182
2023,12,7,5,0,7.6000000000000005,0,0,0,2.8000000000000003,71.48,158.3,1,4.5,185
2023,12,7,6,0,7.1000000000000005,0,0,0,2.7,73.53,166.55,1.1,4.5,188
2023,12,7,7,0,6.800000000000001,0,0,0,2.6,74.75,164.77,1.2000000000000002,4.4,191
2023,12,7,8,0,6.5,0,0,0,2.7,76.47,155.04,1.3,4.4,193
2023,12,7,9,0,6.5,0,0,7,2.9000000000000004,77.78,143.28,1.3,4.3,193
2023,12,7,10,0,6.6000000000000005,0,0,6,3.4000000000000004,80.24,131.08,1.4000000000000001,4.2,192
2023,12,7,11,0,6.5,0,0,7,4.2,84.96000000000001,118.88,1.4000000000000001,4.2,189
2023,12,7,12,0,6.4,0,0,8,4.800000000000001,89.69,106.92,1.5,4.5,186
2023,12,7,13,0,6.4,0,0,0,5.4,93.07000000000001,95.42,1.5,4.9,183
2023,12,7,14,0,7.5,69,69,0,5.800000000000001,89.04,84.49,1.5,5.7,182
2023,12,7,15,0,10.3,240,170,3,6.6000000000000005,77.78,74.88,1.4000000000000001,6,183
2023,12,7,16,0,13.9,393,393,0,7.7,66.3,66.79,1.4000000000000001,7.6000000000000005,194
2023,12,7,17,0,16.5,503,503,0,8.6,59.480000000000004,60.94,1.4000000000000001,8.200000000000001,200
2023,12,7,18,0,18.400000000000002,556,556,0,9.200000000000001,55.07,58.050000000000004,1.4000000000000001,8.3,203
2023,12,7,19,0,19.6,546,546,0,9.600000000000001,52.32,58.56,1.4000000000000001,8.200000000000001,203
2023,12,7,20,0,20.200000000000003,476,368,3,9.8,51.35,62.39,1.4000000000000001,8,201
2023,12,7,21,0,20.1,353,270,3,10.4,53.5,68.97,1.3,7.6000000000000005,198
2023,12,7,22,0,19,189,189,0,11,59.89,77.59,1.3,6.9,193
2023,12,7,23,0,17.2,29,29,0,11.700000000000001,69.91,87.48,1.4000000000000001,6.6000000000000005,189
2023,12,8,0,0,16.2,0,0,7,12.4,77.97,98.75,1.5,6.6000000000000005,188
2023,12,8,1,0,15.5,0,0,0,13,85.02,110.41,1.6,6.6000000000000005,188
2023,12,8,2,0,15,0,0,0,13.5,90.87,122.47,1.6,6.4,188
2023,12,8,3,0,14.700000000000001,0,0,0,13.8,94.34,134.7,1.5,6.6000000000000005,190
2023,12,8,4,0,14.4,0,0,0,13.9,96.54,146.84,1.4000000000000001,6.6000000000000005,192
2023,12,8,5,0,14.200000000000001,0,0,8,13.8,97.16,158.29,1.4000000000000001,6.5,197
2023,12,8,6,0,13.9,0,0,0,13.600000000000001,98.10000000000001,166.63,1.4000000000000001,6.4,200
2023,12,8,7,0,13.8,0,0,8,13.600000000000001,98.49000000000001,164.92000000000002,1.4000000000000001,6.2,202
2023,12,8,8,0,13.5,0,0,7,13.5,100,155.18,1.4000000000000001,5.800000000000001,201
2023,12,8,9,0,13.700000000000001,0,0,7,13.700000000000001,100,143.42000000000002,1.3,5.4,201
2023,12,8,10,0,13.700000000000001,0,0,3,13.700000000000001,100,131.22,1.3,4.9,200
2023,12,8,11,0,13.9,0,0,7,13.9,100,119.02,1.2000000000000002,5,200
2023,12,8,12,0,13.700000000000001,0,0,7,13.700000000000001,100,107.07000000000001,1.2000000000000002,5,201
2023,12,8,13,0,13.4,0,0,3,13.4,100,95.57000000000001,1.2000000000000002,4.9,202
2023,12,8,14,0,13.8,66,28,3,13,95.22,84.64,1.2000000000000002,5.1000000000000005,204
2023,12,8,15,0,14.8,236,61,3,12.100000000000001,83.82000000000001,75.02,1.2000000000000002,5.5,210
2023,12,8,16,0,16.5,392,130,3,11,69.8,66.93,1.2000000000000002,5.300000000000001,212
2023,12,8,17,0,18,504,504,0,9.600000000000001,57.77,61.08,1.2000000000000002,5.4,217
2023,12,8,18,0,19.1,558,558,0,8,48.54,58.17,1.2000000000000002,5.5,226
2023,12,8,19,0,19.5,551,551,0,6.2,41.93,58.65,1.1,5.6000000000000005,236
2023,12,8,20,0,19.3,480,480,0,4.9,38.77,62.45,1.1,5.5,245
2023,12,8,21,0,18.6,354,354,0,4.5,39.22,69.01,1.2000000000000002,5,250
2023,12,8,22,0,16.6,191,191,0,5.300000000000001,47.18,77.60000000000001,1.2000000000000002,3.4000000000000004,257
2023,12,8,23,0,12.700000000000001,30,30,0,5.9,63.07,87.46000000000001,1.1,2.1,272
2023,12,9,0,0,11.100000000000001,0,0,0,5.800000000000001,70,98.73,1.1,1.8,289
2023,12,9,1,0,10.100000000000001,0,0,0,5.800000000000001,74.55,110.38,1,1.7000000000000002,312
2023,12,9,2,0,9.200000000000001,0,0,0,5.5,77.88,122.43,1.1,1.7000000000000002,338
2023,12,9,3,0,8.4,0,0,0,4.9,78.88,134.66,1.1,1.8,355
2023,12,9,4,0,7.6000000000000005,0,0,0,4,77.8,146.81,1,1.9000000000000001,359
2023,12,9,5,0,6.800000000000001,0,0,0,3,76.84,158.28,1,2,359
2023,12,9,6,0,6.1000000000000005,0,0,0,2.3000000000000003,76.74,166.69,1,2.1,359
2023,12,9,7,0,5.4,0,0,0,1.9000000000000001,77.93,165.06,1,2.3000000000000003,359
2023,12,9,8,0,4.800000000000001,0,0,0,1.6,79.52,155.32,1,2.4000000000000004,359
2023,12,9,9,0,4.3,0,0,1,1.3,81.13,143.56,1,2.4000000000000004,355
2023,12,9,10,0,3.9000000000000004,0,0,8,1.2000000000000002,82.76,131.36,1,2.5,348
2023,12,9,11,0,3.6,0,0,0,1.2000000000000002,84.28,119.16,1,2.8000000000000003,343
2023,12,9,12,0,3.3000000000000003,0,0,7,1.3,86.5,107.21000000000001,0.9,3.2,339
2023,12,9,13,0,3,0,0,8,1.4000000000000001,89.38,95.71000000000001,0.9,3.7,335
2023,12,9,14,0,4.2,68,68,1,1.5,82.34,84.77,0.9,4.6000000000000005,335
2023,12,9,15,0,6.7,238,238,0,0.4,64.1,75.16,0.9,5.800000000000001,347
2023,12,9,16,0,8.8,392,392,0,-1.3,49.230000000000004,67.07000000000001,0.9,6.4,356
2023,12,9,17,0,10.200000000000001,503,503,0,-1.9000000000000001,42.86,61.2,0.9,6.300000000000001,351
2023,12,9,18,0,10.9,558,310,5,-2.3000000000000003,39.69,58.27,0.8,6.300000000000001,343
2023,12,9,19,0,11.200000000000001,550,550,0,-2.9000000000000004,37.08,58.730000000000004,0.8,6.300000000000001,337
2023,12,9,20,0,11.100000000000001,483,483,0,-3.7,35.17,62.5,0.7000000000000001,6.300000000000001,333
2023,12,9,21,0,10.600000000000001,361,361,0,-4.3,34.83,69.03,0.7000000000000001,6.1000000000000005,333
2023,12,9,22,0,9.4,198,198,0,-4.5,37.24,77.60000000000001,0.6000000000000001,5.2,335
2023,12,9,23,0,6.9,32,32,0,-4.1000000000000005,45.31,87.44,0.6000000000000001,3.7,337
2023,12,10,0,0,5.6000000000000005,0,0,0,-4.800000000000001,47.14,98.7,0.5,3.9000000000000004,338
2023,12,10,1,0,4.800000000000001,0,0,0,-5.9,45.88,110.34,0.4,4.2,341
2023,12,10,2,0,4,0,0,0,-6.800000000000001,45.14,122.38,0.4,4.6000000000000005,343
2023,12,10,3,0,2.8000000000000003,0,0,0,-7.1000000000000005,48.25,134.61,0.30000000000000004,4.1000000000000005,342
2023,12,10,4,0,1.7000000000000002,0,0,0,-7.2,51.72,146.77,0.30000000000000004,3.7,340
2023,12,10,5,0,0.9,0,0,0,-7.4,53.9,158.26,0.30000000000000004,3.5,338
2023,12,10,6,0,0.1,0,0,0,-7.6000000000000005,56.2,166.74,0.30000000000000004,3.4000000000000004,334
2023,12,10,7,0,-0.6000000000000001,0,0,0,-7.800000000000001,58.07,165.20000000000002,0.30000000000000004,3.2,331
2023,12,10,8,0,-1.3,0,0,0,-8,60.13,155.46,0.30000000000000004,2.9000000000000004,330
2023,12,10,9,0,-1.9000000000000001,0,0,0,-8.3,61.800000000000004,143.70000000000002,0.30000000000000004,2.7,327
2023,12,10,10,0,-2.6,0,0,0,-8.5,63.82,131.49,0.30000000000000004,2.6,324
2023,12,10,11,0,-3,0,0,0,-8.8,64.32000000000001,119.3,0.30000000000000004,2.8000000000000003,321
2023,12,10,12,0,-3.5,0,0,0,-9,65.52,107.34,0.30000000000000004,2.9000000000000004,316
2023,12,10,13,0,-3.9000000000000004,0,0,0,-9.200000000000001,66.52,95.85000000000001,0.30000000000000004,3,310
2023,12,10,14,0,-2.6,71,71,0,-9.200000000000001,60.46,84.9,0.30000000000000004,3.6,304
2023,12,10,15,0,0.1,249,249,0,-8.6,51.9,75.3,0.30000000000000004,2.9000000000000004,295
2023,12,10,16,0,4.3,404,404,0,-9.1,37.15,67.2,0.4,2.4000000000000004,295
2023,12,10,17,0,7,519,519,0,-10.100000000000001,28.48,61.32,0.4,2.4000000000000004,289
2023,12,10,18,0,8.700000000000001,569,569,0,-10.200000000000001,25.2,58.370000000000005,0.5,2.5,280
2023,12,10,19,0,9.8,557,557,0,-10,23.62,58.800000000000004,0.6000000000000001,2.4000000000000004,268
2023,12,10,20,0,10.100000000000001,487,487,0,-9.8,23.67,62.54,0.6000000000000001,2.4000000000000004,252
2023,12,10,21,0,9.8,362,281,7,-9.4,24.91,69.05,0.6000000000000001,2.5,235
2023,12,10,22,0,7.800000000000001,195,166,7,-4.800000000000001,40.57,77.59,0.7000000000000001,1.5,222
2023,12,10,23,0,3.8000000000000003,32,19,7,-4.7,53.800000000000004,87.42,0.7000000000000001,1.3,207
2023,12,11,0,0,2.6,0,0,7,-5.5,55.15,98.67,0.7000000000000001,1.5,192
2023,12,11,1,0,2,0,0,7,-6.1000000000000005,54.910000000000004,110.3,0.7000000000000001,1.7000000000000002,182
2023,12,11,2,0,1.7000000000000002,0,0,0,-6.7,53.6,122.33,0.8,2.1,178
2023,12,11,3,0,1.5,0,0,0,-7.1000000000000005,52.620000000000005,134.56,0.8,2.4000000000000004,179
2023,12,11,4,0,1.2000000000000002,0,0,7,-7.4,52.730000000000004,146.72,0.8,2.6,182
2023,12,11,5,0,1,0,0,0,-7.5,52.97,158.24,0.8,2.8000000000000003,182
2023,12,11,6,0,0.7000000000000001,0,0,0,-7.5,54.42,166.79,0.8,2.9000000000000004,182
2023,12,11,7,0,0.30000000000000004,0,0,0,-7.2,57.25,165.33,0.8,3,184
2023,12,11,8,0,-0.1,0,0,0,-6.7,60.94,155.6,0.8,2.7,190
2023,12,11,9,0,-0.7000000000000001,0,0,0,-6.300000000000001,65.77,143.83,0.9,2.4000000000000004,200
2023,12,11,10,0,-1.5,0,0,0,-5.9,71.71000000000001,131.63,0.9,1.8,210
2023,12,11,11,0,-2.1,0,0,0,-5.800000000000001,75.86,119.43,0.9,1.4000000000000001,218
2023,12,11,12,0,-2.5,0,0,0,-5.6000000000000005,79,107.48,1,1.2000000000000002,226
2023,12,11,13,0,-2.5,0,0,4,-5.5,80.04,95.98,1,1,240
2023,12,11,14,0,0.2,64,64,0,-4.7,69.87,85.04,1,1.3,264
2023,12,11,15,0,2.8000000000000003,232,232,0,-4.4,59.120000000000005,75.43,1.1,1.4000000000000001,297
2023,12,11,16,0,6.5,386,386,0,-3.9000000000000004,47.34,67.33,1.1,1.2000000000000002,334
2023,12,11,17,0,9.9,497,497,0,-3.9000000000000004,37.730000000000004,61.44,1.1,1.5,2
2023,12,11,18,0,12.4,548,548,0,-3.9000000000000004,31.91,58.47,1.2000000000000002,1.9000000000000001,30
2023,12,11,19,0,14.200000000000001,541,541,0,-3.7,28.75,58.870000000000005,1.2000000000000002,2.2,46
2023,12,11,20,0,15.100000000000001,471,471,0,-3.5,27.57,62.58,1.3,2.3000000000000003,51
2023,12,11,21,0,14.8,351,351,0,-2.5,30.35,69.06,1.3,1.9000000000000001,62
2023,12,11,22,0,12.100000000000001,190,190,0,3,53.76,77.58,1.3,0.9,78
2023,12,11,23,0,9.1,30,30,0,0.1,53.18,87.4,1.3,1.3,92
2023,12,12,0,0,7.9,0,0,7,-0.4,55.71,98.63,1.3,1.3,106
2023,12,12,1,0,7.1000000000000005,0,0,3,-0.7000000000000001,57.800000000000004,110.25,1.3,1.3,120
2023,12,12,2,0,6.4,0,0,7,-0.9,59.38,122.28,1.2000000000000002,1.3,135
2023,12,12,3,0,5.7,0,0,7,-1.3,60.53,134.5,1.2000000000000002,1.4000000000000001,148
2023,12,12,4,0,5,0,0,7,-1.7000000000000002,61.95,146.67000000000002,1.2000000000000002,1.4000000000000001,157
2023,12,12,5,0,4.4,0,0,7,-2,63.28,158.21,1.1,1.4000000000000001,162
2023,12,12,6,0,4,0,0,0,-2.2,64.01,166.83,1.1,1.4000000000000001,165
2023,12,12,7,0,3.6,0,0,0,-2.4000000000000004,64.89,165.45000000000002,1.1,1.4000000000000001,166
2023,12,12,8,0,3.4000000000000004,0,0,0,-2.6,65.02,155.73,1,1.3,165
2023,12,12,9,0,3.2,0,0,0,-2.6,65.51,143.97,1,1.3,164
2023,12,12,10,0,2.9000000000000004,0,0,0,-2.5,67.74,131.76,1,1.3,160
2023,12,12,11,0,2.4000000000000004,0,0,0,-2.2,71.84,119.56,1,1.2000000000000002,155
2023,12,12,12,0,1.6,0,0,7,-1.8,78.16,107.61,1,1.2000000000000002,150
2023,12,12,13,0,0.9,0,0,7,-1.4000000000000001,84.74,96.12,1,1.3,148
2023,12,12,14,0,3.3000000000000003,61,41,7,-0.4,76.88,85.17,1,1.6,149
2023,12,12,15,0,6.300000000000001,229,165,4,0.2,65.01,75.56,1,2.7,150
2023,12,12,16,0,9,384,295,8,1.3,58.53,67.45,1,2.3000000000000003,147
2023,12,12,17,0,11.9,496,361,7,1.6,49.46,61.550000000000004,1,2.7,163
2023,12,12,18,0,13.3,552,370,7,1.6,45.03,58.550000000000004,1,2.9000000000000004,168
2023,12,12,19,0,13.8,545,412,7,2,44.68,58.93,1,2.8000000000000003,169
2023,12,12,20,0,14,477,376,7,2.6,46.1,62.61,1,2.8000000000000003,168
2023,12,12,21,0,13.700000000000001,354,221,7,3.6,50.57,69.06,1,2.5,167
2023,12,12,22,0,11.600000000000001,190,137,7,5,64.12,77.56,1.1,1.4000000000000001,165
2023,12,12,23,0,8.6,30,18,7,4.1000000000000005,73.18,87.36,1.2000000000000002,1.5,159
2023,12,13,0,0,7.9,0,0,7,4,76.39,98.58,1.2000000000000002,1.8,153
2023,12,13,1,0,8.1,0,0,7,4.2,76.57000000000001,110.2,1.2000000000000002,2.1,151
2023,12,13,2,0,8.5,0,0,7,4.3,75.13,122.22,1.3,2.7,152
2023,12,13,3,0,8.6,0,0,7,4.3,74.5,134.44,1.3,3.4000000000000004,153
2023,12,13,4,0,8.200000000000001,0,0,7,4.1000000000000005,75.49,146.61,1.3,3.5,152
2023,12,13,5,0,7.7,0,0,7,3.8000000000000003,76.48,158.17000000000002,1.3,3.4000000000000004,151
2023,12,13,6,0,7.2,0,0,7,3.6,77.92,166.86,1.4000000000000001,3.2,150
2023,12,13,7,0,6.800000000000001,0,0,7,3.5,79.53,165.57,1.4000000000000001,3,149
2023,12,13,8,0,6.4,0,0,7,3.5,81.75,155.86,1.5,2.8000000000000003,148
2023,12,13,9,0,5.9,0,0,7,3.6,84.93,144.09,1.5,2.3000000000000003,147
2023,12,13,10,0,5.300000000000001,0,0,7,3.6,88.9,131.89000000000001,1.5,1.7000000000000002,143
2023,12,13,11,0,4.9,0,0,7,3.6,91.2,119.69,1.6,1.5,142
2023,12,13,12,0,4.5,0,0,4,3.6,93.62,107.74000000000001,1.6,1.3,138
2023,12,13,13,0,4,0,0,7,3.5,96.69,96.25,1.6,1.2000000000000002,133
2023,12,13,14,0,5.7,55,8,7,3.8000000000000003,87.77,85.29,1.6,2,130
2023,12,13,15,0,7.5,217,5,7,4.3,80.39,75.69,1.6,2.6,124
2023,12,13,16,0,10.200000000000001,370,195,7,4.7,68.78,67.56,1.6,2.7,123
2023,12,13,17,0,13.3,479,393,8,2.8000000000000003,48.910000000000004,61.65,1.7000000000000002,3.3000000000000003,127
2023,12,13,18,0,14.5,534,279,8,1.4000000000000001,41.14,58.63,1.7000000000000002,3.8000000000000003,119
2023,12,13,19,0,15.100000000000001,528,360,3,0.6000000000000001,37.37,58.980000000000004,1.7000000000000002,4.5,116
2023,12,13,20,0,15.4,464,464,0,-0.1,34.78,62.63,1.6,4.800000000000001,118
2023,12,13,21,0,14.8,344,344,1,-0.30000000000000004,35.59,69.06,1.6,4.5,121
2023,12,13,22,0,12.8,187,78,7,1,44.49,77.54,1.6,2.8000000000000003,121
2023,12,13,23,0,9.3,30,17,3,2.1,60.64,87.33,1.6,1.7000000000000002,117
2023,12,14,0,0,8.5,0,0,7,2.5,65.76,98.53,1.6,1.7000000000000002,108
2023,12,14,1,0,8.1,0,0,7,2.8000000000000003,69.18,110.14,1.6,1.8,97
2023,12,14,2,0,7.5,0,0,7,3,72.91,122.15,1.5,2.1,91
2023,12,14,3,0,6.7,0,0,4,3,77.33,134.38,1.5,2.2,92
2023,12,14,4,0,5.800000000000001,0,0,7,3,81.94,146.55,1.5,2.2,96
2023,12,14,5,0,5.2,0,0,8,2.8000000000000003,84.46000000000001,158.12,1.5,2.5,103
2023,12,14,6,0,4.9,0,0,7,2.6,85.01,166.88,1.5,2.6,110
2023,12,14,7,0,4.5,0,0,4,2.4000000000000004,86.26,165.68,1.6,2.5,115
2023,12,14,8,0,4,0,0,5,2.2,88.24,155.99,1.6,2.3000000000000003,118
2023,12,14,9,0,3.3000000000000003,0,0,4,2.1,91.96000000000001,144.22,1.6,1.9000000000000001,118
2023,12,14,10,0,2.9000000000000004,0,0,4,2.1,94.4,132.01,1.6,1.6,112
2023,12,14,11,0,2.6,0,0,5,2.1,96.34,119.82000000000001,1.6,1.5,105
2023,12,14,12,0,2.4000000000000004,0,0,7,2.1,97.82000000000001,107.87,1.5,1.7000000000000002,101
2023,12,14,13,0,2.6,0,0,8,2.1,96.54,96.37,1.5,2,102
2023,12,14,14,0,4.6000000000000005,56,20,7,2.2,84.71000000000001,85.41,1.5,3.2,105
2023,12,14,15,0,6.5,221,120,7,2.6,75.92,75.8,1.4000000000000001,2.9000000000000004,103
2023,12,14,16,0,9.5,375,217,7,2.3000000000000003,60.92,67.67,1.4000000000000001,3.2,119
2023,12,14,17,0,12.4,488,397,8,1.1,45.9,61.74,1.3,4,136
2023,12,14,18,0,14,542,426,2,0.4,39.5,58.71,1.4000000000000001,4,138
2023,12,14,19,0,14.8,534,534,0,0.2,36.92,59.03,1.5,4.1000000000000005,137
2023,12,14,20,0,14.9,467,253,3,0.4,37.18,62.65,1.6,4.1000000000000005,135
2023,12,14,21,0,14.4,345,67,4,1.3,40.92,69.05,1.7000000000000002,3.6,132
2023,12,14,22,0,12.700000000000001,187,68,7,3,51.72,77.51,1.7000000000000002,2.4000000000000004,126
2023,12,14,23,0,10.700000000000001,31,13,4,3.3000000000000003,60.34,87.29,1.7000000000000002,2.4000000000000004,124
2023,12,15,0,0,10.5,0,0,4,3.5,62.050000000000004,98.47,1.8,3,126
2023,12,15,1,0,10.100000000000001,0,0,4,4.1000000000000005,66.19,110.07000000000001,1.9000000000000001,3.5,127
2023,12,15,2,0,10,0,0,4,4.5,68.43,122.08,2.1,4.3,128
2023,12,15,3,0,9.5,0,0,7,4.9,73.24,134.3,2.2,4.7,127
2023,12,15,4,0,8.9,0,0,7,5.5,79.11,146.48,2.2,4.9,130
2023,12,15,5,0,8.4,0,0,7,5.9,84.11,158.07,2.3000000000000003,4.4,137
2023,12,15,6,0,8,0,0,6,6.300000000000001,88.96000000000001,166.89000000000001,2.5,3.4000000000000004,143
2023,12,15,7,0,7.9,0,0,6,6.6000000000000005,91.69,165.79,2.7,3,152
2023,12,15,8,0,8.200000000000001,0,0,6,6.800000000000001,90.95,156.11,2.8000000000000003,4.1000000000000005,157
2023,12,15,9,0,8.4,0,0,6,7.2,92.24,144.34,2.7,4.4,159
2023,12,15,10,0,8.5,0,0,7,7.6000000000000005,93.82000000000001,132.14000000000001,2.7,4.2,164
2023,12,15,11,0,8.4,0,0,7,7.800000000000001,96.17,119.94,2.6,3.3000000000000003,163
2023,12,15,12,0,8.3,0,0,7,7.9,97.36,107.99000000000001,2.5,3.2,152
2023,12,15,13,0,8.3,0,0,7,8,97.76,96.49000000000001,2.4000000000000004,3.5,156
2023,12,15,14,0,8.5,48,9,7,8.1,97.64,85.53,2.2,3.8000000000000003,154
2023,12,15,15,0,8.9,201,13,7,8.4,96.67,75.92,2,3.2,163
2023,12,15,16,0,9.4,350,42,8,8.8,95.87,67.78,1.8,3,188
2023,12,15,17,0,10,461,30,3,9.1,93.83,61.83,1.7000000000000002,3.2,211
2023,12,15,18,0,10.3,514,125,3,9.1,92.28,58.77,1.6,3.2,229
2023,12,15,19,0,10.600000000000001,511,109,3,8.8,88.57000000000001,59.06,1.5,2.9000000000000004,245
2023,12,15,20,0,10.8,451,29,3,8.200000000000001,83.75,62.660000000000004,1.4000000000000001,2.9000000000000004,258
2023,12,15,21,0,10.8,334,52,3,7.2,78.7,69.03,1.4000000000000001,2.8000000000000003,274
2023,12,15,22,0,9.9,179,62,3,6.5,79.49,77.47,1.5,2.3000000000000003,292
2023,12,15,23,0,8.5,29,8,3,5.9,83.65,87.24,1.5,1.9000000000000001,309
2023,12,16,0,0,7.6000000000000005,0,0,4,5.1000000000000005,84.16,98.41,1.4000000000000001,2.1,319
2023,12,16,1,0,6.4,0,0,4,4.4,87.06,110,1.4000000000000001,1.8,323
2023,12,16,2,0,4.9,0,0,4,3.6,91.3,122.01,1.4000000000000001,1.5,322
2023,12,16,3,0,4,0,0,3,3.1,94.02,134.23,1.4000000000000001,1.5,318
2023,12,16,4,0,3.6,0,0,0,2.8000000000000003,94.23,146.41,1.5,1.8,313
2023,12,16,5,0,3.2,0,0,0,2.4000000000000004,94.76,158.01,1.5,2.2,310
2023,12,16,6,0,2.7,0,0,0,2.1,95.69,166.89000000000001,1.5,2.4000000000000004,308
2023,12,16,7,0,2.2,0,0,0,1.7000000000000002,96.39,165.89000000000001,1.5,2.7,307
2023,12,16,8,0,1.8,0,0,0,1.3,96.47,156.23,1.5,2.8000000000000003,310
2023,12,16,9,0,1.3,0,0,0,0.9,97.46000000000001,144.47,1.4000000000000001,2.6,310
2023,12,16,10,0,1.1,0,0,0,0.7000000000000001,96.83,132.26,1.4000000000000001,2.6,311
2023,12,16,11,0,0.9,0,0,0,0.4,96.46000000000001,120.06,1.3,2.7,313
2023,12,16,12,0,0.7000000000000001,0,0,0,0.1,95.87,108.11,1.1,2.8000000000000003,313
2023,12,16,13,0,0.5,0,0,0,-0.2,94.83,96.61,1,2.6,312
2023,12,16,14,0,1.8,53,53,0,-0.4,85.5,85.64,0.9,3.5,309
2023,12,16,15,0,4.2,220,220,0,-0.30000000000000004,72.76,76.03,0.9,3.7,315
2023,12,16,16,0,7.1000000000000005,379,379,0,0,60.58,67.88,0.8,4.4,330
2023,12,16,17,0,9.4,495,495,0,0.5,53.72,61.910000000000004,0.8,4.6000000000000005,333
2023,12,16,18,0,10.8,556,556,0,0.9,50.38,58.83,0.7000000000000001,4.5,328
2023,12,16,19,0,11.8,551,551,0,1.2000000000000002,48.32,59.09,0.7000000000000001,4.5,325
2023,12,16,20,0,12.200000000000001,484,484,0,1.3,47.26,62.660000000000004,0.7000000000000001,4.2,323
2023,12,16,21,0,12,362,362,0,1.2000000000000002,47.72,69.01,0.7000000000000001,3.6,318
2023,12,16,22,0,10,199,199,0,2.6,59.95,77.43,0.7000000000000001,1.9000000000000001,313
2023,12,16,23,0,6.1000000000000005,35,35,0,1.8,74.06,87.18,0.7000000000000001,1.3,315
2023,12,17,0,0,5.4,0,0,0,1,73.47,98.35000000000001,0.7000000000000001,1.3,322
2023,12,17,1,0,5.9,0,0,0,0.4,67.87,109.93,0.7000000000000001,1.2000000000000002,321
2023,12,17,2,0,6.1000000000000005,0,0,0,0,64.94,121.93,0.7000000000000001,1,298
2023,12,17,3,0,5.7,0,0,0,-0.2,65.69,134.15,0.6000000000000001,1,257
2023,12,17,4,0,5,0,0,0,-0.4,68.28,146.33,0.7000000000000001,1.2000000000000002,235
2023,12,17,5,0,4.1000000000000005,0,0,0,-0.4,72.28,157.95000000000002,0.7000000000000001,1.4000000000000001,225
2023,12,17,6,0,3,0,0,0,-0.5,78,166.88,0.7000000000000001,1.4000000000000001,223
2023,12,17,7,0,2.2,0,0,0,-0.5,82.34,165.98,0.7000000000000001,1.5,225
2023,12,17,8,0,1.9000000000000001,0,0,0,-0.6000000000000001,83.45,156.35,0.8,1.6,228
2023,12,17,9,0,1.6,0,0,0,-0.9,83.49,144.58,0.8,1.6,231
2023,12,17,10,0,1.1,0,0,7,-1.3,84.03,132.38,0.8,1.5,233
2023,12,17,11,0,0.7000000000000001,0,0,0,-1.6,84.54,120.18,0.8,1.4000000000000001,232
2023,12,17,12,0,0.5,0,0,7,-1.7000000000000002,84.94,108.23,0.8,1.2000000000000002,233
2023,12,17,13,0,0.4,0,0,0,-1.7000000000000002,85.69,96.73,0.8,1.2000000000000002,238
2023,12,17,14,0,2.7,54,54,0,-0.5,79.26,85.75,0.8,1.1,248
2023,12,17,15,0,5.300000000000001,222,222,0,-0.4,66.8,76.13,0.8,1.3,255
2023,12,17,16,0,8.200000000000001,379,379,0,0.9,60.160000000000004,67.97,0.8,0.8,246
2023,12,17,17,0,11.8,493,493,0,1.8,50.42,61.99,0.8,1.1,255
2023,12,17,18,0,14.100000000000001,550,550,0,3,47.01,58.88,0.8,1.2000000000000002,273
2023,12,17,19,0,15.9,546,546,0,3.6,43.67,59.11,0.8,1.5,291
2023,12,17,20,0,16.7,480,480,0,4.2,43.35,62.65,0.8,1.8,306
2023,12,17,21,0,16.6,359,359,0,5.6000000000000005,48.22,68.98,0.8,1.6,308
2023,12,17,22,0,13.8,198,198,0,7.9,67.72,77.39,0.8,1,310
2023,12,17,23,0,10.3,35,35,0,4.7,68.22,87.13,0.8,1.4000000000000001,321
2023,12,18,0,0,8.9,0,0,0,4.4,73.17,98.27,0.8,1.7000000000000002,335
2023,12,18,1,0,8.200000000000001,0,0,0,4.2,76.03,109.85000000000001,0.8,2.1,346
2023,12,18,2,0,7.800000000000001,0,0,0,3.8000000000000003,75.92,121.85000000000001,0.8,2.7,354
2023,12,18,3,0,7.300000000000001,0,0,0,3.2,75.13,134.07,0.8,3.4000000000000004,358
2023,12,18,4,0,6.6000000000000005,0,0,0,2.6,75.8,146.25,0.8,3.7,359
2023,12,18,5,0,5.800000000000001,0,0,0,2.3000000000000003,78.45,157.88,0.8,3.6,358
2023,12,18,6,0,5,0,0,0,2.2,81.9,166.87,0.8,3.3000000000000003,357
2023,12,18,7,0,4.2,0,0,0,2,85.83,166.06,0.8,3,358
2023,12,18,8,0,3.6,0,0,0,1.9000000000000001,88.71000000000001,156.46,0.8,2.9000000000000004,356
2023,12,18,9,0,3.3000000000000003,0,0,0,1.8,90.02,144.70000000000002,0.9,3,352
2023,12,18,10,0,3.1,0,0,0,1.8,90.86,132.49,0.9,3.3000000000000003,350
2023,12,18,11,0,2.9000000000000004,0,0,0,1.7000000000000002,91.56,120.3,0.9,3.5,351
2023,12,18,12,0,2.7,0,0,0,1.5,91.66,108.34,0.9,3.7,354
2023,12,18,13,0,2.3000000000000003,0,0,0,1,90.91,96.84,0.9,3.7,0
2023,12,18,14,0,3.3000000000000003,53,53,0,0.2,80.18,85.85000000000001,0.8,4.3,7
2023,12,18,15,0,5.300000000000001,220,220,0,-2,59.18,76.23,0.7000000000000001,4.7,19
2023,12,18,16,0,7.5,378,378,0,-6,37.78,68.05,0.7000000000000001,4.800000000000001,28
2023,12,18,17,0,9.3,493,493,0,-8.1,28.53,62.050000000000004,0.7000000000000001,4.4,29
2023,12,18,18,0,10.5,553,553,0,-8.9,24.73,58.92,0.7000000000000001,4,28
2023,12,18,19,0,11.200000000000001,549,549,0,-8.8,23.73,59.13,0.7000000000000001,3.5,27
2023,12,18,20,0,11.4,483,367,2,-8.4,24.13,62.64,0.7000000000000001,3.1,28
2023,12,18,21,0,10.9,363,363,0,-7.800000000000001,26.07,68.94,0.7000000000000001,2.6,31
2023,12,18,22,0,8.700000000000001,201,201,0,-2,46.86,77.33,0.7000000000000001,1.2000000000000002,35
2023,12,18,23,0,5.2,36,36,0,-2.6,56.99,87.06,0.7000000000000001,1.2000000000000002,46
2023,12,19,0,0,4,0,0,0,-3.4000000000000004,58.75,98.2,0.7000000000000001,1.2000000000000002,60
2023,12,19,1,0,3.2,0,0,0,-3.7,60.64,109.77,0.7000000000000001,1.3,77
2023,12,19,2,0,2.4000000000000004,0,0,0,-4,62.800000000000004,121.76,0.7000000000000001,1.3,94
2023,12,19,3,0,1.7000000000000002,0,0,0,-4.3,64.61,133.98,0.7000000000000001,1.3,112
2023,12,19,4,0,1.1,0,0,0,-4.5,66.35,146.16,0.7000000000000001,1.4000000000000001,125
2023,12,19,5,0,0.7000000000000001,0,0,0,-4.800000000000001,66.78,157.81,0.7000000000000001,1.5,137
2023,12,19,6,0,0.4,0,0,0,-5.1000000000000005,66.75,166.85,0.7000000000000001,1.6,146
2023,12,19,7,0,0.1,0,0,0,-5.300000000000001,66.88,166.14000000000001,0.8,1.8,151
2023,12,19,8,0,0,0,0,7,-5.6000000000000005,66.16,156.56,0.8,2,154
2023,12,19,9,0,0,0,0,7,-5.800000000000001,65.08,144.81,0.8,2.3000000000000003,153
2023,12,19,10,0,0.1,0,0,7,-6,63.550000000000004,132.6,0.8,2.7,151
2023,12,19,11,0,0.30000000000000004,0,0,7,-6.1000000000000005,62.09,120.41,0.8,3.1,151
2023,12,19,12,0,0.2,0,0,7,-6.1000000000000005,62.79,108.45,0.7000000000000001,3.3000000000000003,153
2023,12,19,13,0,-0.2,0,0,7,-5.9,65.38,96.94,0.8,3.3000000000000003,157
2023,12,19,14,0,0.9,51,51,0,-5.7,61.36,85.94,0.8,4.1000000000000005,161
2023,12,19,15,0,3.4000000000000004,219,219,0,-5.1000000000000005,53.69,76.32000000000001,0.8,4.4,163
2023,12,19,16,0,6.9,375,375,0,-5.6000000000000005,40.68,68.13,0.9,5.800000000000001,168
2023,12,19,17,0,9.700000000000001,490,490,1,-6,32.46,62.11,0.9,6.7,177
2023,12,19,18,0,11.700000000000001,549,549,0,-5.300000000000001,29.94,58.96,0.9,6.9,184
2023,12,19,19,0,12.700000000000001,544,544,0,-4.6000000000000005,29.76,59.13,1,6.9,187
2023,12,19,20,0,12.5,479,479,1,-4.2,30.93,62.620000000000005,1,6.800000000000001,186
2023,12,19,21,0,11.5,357,336,8,-3.9000000000000004,33.72,68.9,1.1,6.300000000000001,184
2023,12,19,22,0,9.600000000000001,197,66,7,-3.3000000000000003,40.29,77.27,1.1,5.6000000000000005,176
2023,12,19,23,0,7.6000000000000005,35,21,7,-2.3000000000000003,49.46,86.99,1.2000000000000002,5.1000000000000005,166
2023,12,20,0,0,6.800000000000001,0,0,7,-1.5,55.61,98.12,1.2000000000000002,5.300000000000001,160
2023,12,20,1,0,6.6000000000000005,0,0,8,-0.8,59.24,109.68,1.3,5.300000000000001,160
2023,12,20,2,0,6.5,0,0,8,-0.30000000000000004,61.83,121.67,1.3,5.2,163
2023,12,20,3,0,6.4,0,0,0,0.1,64.19,133.89000000000001,1.3,5.300000000000001,167
2023,12,20,4,0,6.2,0,0,4,0.5,67.08,146.07,1.3,5.300000000000001,170
2023,12,20,5,0,6.1000000000000005,0,0,7,1,69.78,157.73,1.3,5.2,173
2023,12,20,6,0,6,0,0,5,1.5,72.8,166.82,1.3,5,175
2023,12,20,7,0,6.1000000000000005,0,0,3,2,75.13,166.21,1.3,4.800000000000001,178
2023,12,20,8,0,5.800000000000001,0,0,7,2.6,79.87,156.67000000000002,1.3,4.4,178
2023,12,20,9,0,5.5,0,0,8,3.1,84.55,144.92000000000002,1.3,4,178
2023,12,20,10,0,5.1000000000000005,0,0,7,3.6,89.81,132.71,1.3,3.9000000000000004,178
2023,12,20,11,0,5,0,0,7,4.1000000000000005,93.71000000000001,120.51,1.4000000000000001,3.9000000000000004,176
2023,12,20,12,0,4.9,0,0,7,4.6000000000000005,97.76,108.56,1.4000000000000001,4,172
2023,12,20,13,0,5.1000000000000005,0,0,7,5,99.01,97.04,1.4000000000000001,4.1000000000000005,169
2023,12,20,14,0,5.9,43,24,7,5.4,96.62,86.04,1.4000000000000001,4.4,168
2023,12,20,15,0,7.1000000000000005,200,19,7,6.1000000000000005,93.67,76.4,1.4000000000000001,4.5,169
2023,12,20,16,0,9.1,355,51,8,7.2,88.15,68.21000000000001,1.3,5.300000000000001,175
2023,12,20,17,0,10.9,471,77,5,8.3,84,62.17,1.3,5.7,183
2023,12,20,18,0,12.3,532,140,3,8.9,79.81,58.980000000000004,1.3,5.9,187
2023,12,20,19,0,14.100000000000001,528,126,3,9.3,72.71000000000001,59.13,1.4000000000000001,6.1000000000000005,191
2023,12,20,20,0,15.3,461,79,3,9.5,68.21000000000001,62.59,1.5,6.1000000000000005,192
2023,12,20,21,0,15.3,344,125,3,9.700000000000001,69.08,68.85000000000001,1.6,5.6000000000000005,189
2023,12,20,22,0,14.3,185,28,3,10,75.48,77.21000000000001,1.7000000000000002,4.3,180
2023,12,20,23,0,12.700000000000001,32,7,4,10.200000000000001,85,86.92,1.9000000000000001,3.6,171
2023,12,21,0,0,12.4,0,0,7,10.5,88.25,98.03,2.1,4.1000000000000005,169
2023,12,21,1,0,12.200000000000001,0,0,7,10.700000000000001,90.57000000000001,109.59,2.1,4.3,166
2023,12,21,2,0,11.600000000000001,0,0,7,10.700000000000001,94.04,121.58,2.1,4,163
2023,12,21,3,0,11.200000000000001,0,0,6,10.3,94.5,133.79,2.1,4,162
2023,12,21,4,0,10.8,0,0,7,9.8,93.56,145.98,2.2,3.9000000000000004,161
2023,12,21,5,0,10.9,0,0,7,9.200000000000001,89.05,157.65,2.2,4.2,165
2023,12,21,6,0,10.9,0,0,7,8.6,85.97,166.78,2.3000000000000003,4.2,166
2023,12,21,7,0,11,0,0,3,8.3,83.35000000000001,166.28,2.4000000000000004,4.800000000000001,170
2023,12,21,8,0,11,0,0,5,8.200000000000001,83.03,156.77,2.5,4.9,174
2023,12,21,9,0,10.9,0,0,7,8.4,84.29,145.02,2.5,4.6000000000000005,176
2023,12,21,10,0,10.8,0,0,7,8.700000000000001,86.78,132.82,2.5,4.4,178
2023,12,21,11,0,10.8,0,0,7,9.3,90.31,120.62,2.5,4.3,180
2023,12,21,12,0,10.8,0,0,6,10,94.99,108.66,2.6,4.1000000000000005,181
2023,12,21,13,0,11.100000000000001,0,0,7,10.8,98.05,97.14,2.6,4,182
2023,12,21,14,0,12,39,13,7,11.5,96.94,86.13,2.6,4.2,186
2023,12,21,15,0,13.3,188,49,7,12.200000000000001,93.28,76.49,2.7,4.3,189
2023,12,21,16,0,14.3,336,77,5,12.9,91.10000000000001,68.27,2.8000000000000003,4.4,193
2023,12,21,17,0,14.9,447,177,7,13.3,90,62.21,2.8000000000000003,4.3,195
2023,12,21,18,0,15.5,504,91,7,13.5,88,59,2.9000000000000004,4.1000000000000005,197
2023,12,21,19,0,15.8,502,198,7,13.700000000000001,87.29,59.13,2.9000000000000004,3.8000000000000003,196
2023,12,21,20,0,15.8,441,39,7,13.8,87.88,62.56,3,3.4000000000000004,190
2023,12,21,21,0,15.4,329,47,8,13.9,90.77,68.79,3,3,183
2023,12,21,22,0,14.5,179,16,5,13.9,95.96000000000001,77.14,3.1,2.7,179
2023,12,21,23,0,13.700000000000001,32,7,8,13.600000000000001,99.53,86.84,3.1,3,177
2023,12,22,0,0,13.5,0,0,4,13.4,99.32000000000001,97.94,3,3.4000000000000004,178
2023,12,22,1,0,13.100000000000001,0,0,4,13.100000000000001,99.98,109.5,3,3.1,172
2023,12,22,2,0,12.600000000000001,0,0,5,12.600000000000001,100,121.48,2.8000000000000003,2.7,169
2023,12,22,3,0,12.3,0,0,5,12.3,100,133.69,2.7,2.8000000000000003,171
2023,12,22,4,0,12,0,0,4,12,99.87,145.88,2.7,2.9000000000000004,174
2023,12,22,5,0,11.700000000000001,0,0,4,11.700000000000001,99.79,157.56,2.6,3.2,178
2023,12,22,6,0,11.700000000000001,0,0,4,11.5,98.8,166.73,2.5,3.5,183
2023,12,22,7,0,11.5,0,0,4,11.4,99.13,166.34,2.4000000000000004,3.6,186
2023,12,22,8,0,11.3,0,0,4,11.200000000000001,99.49000000000001,156.86,2.4000000000000004,3.5,185
2023,12,22,9,0,11,0,0,3,11,100,145.12,2.3000000000000003,3,183
2023,12,22,10,0,10.700000000000001,0,0,3,10.700000000000001,100,132.92000000000002,2.3000000000000003,2.5,185
2023,12,22,11,0,10.5,0,0,3,10.5,100,120.72,2.3000000000000003,2.1,189
2023,12,22,12,0,10.3,0,0,3,10.3,100,108.76,2.3000000000000003,1.8,194
2023,12,22,13,0,10.100000000000001,0,0,3,10.100000000000001,100,97.23,2.2,1.4000000000000001,194
2023,12,22,14,0,11.4,41,41,1,11.100000000000001,97.73,86.21000000000001,2.2,2.1,192
2023,12,22,15,0,12.9,196,37,3,11.9,93.41,76.56,2.1,2.5,196
2023,12,22,16,0,15,349,349,1,13.100000000000001,88.21000000000001,68.33,2.1,2.5,210
2023,12,22,17,0,16.900000000000002,465,465,1,13.5,80.24,62.25,2,2.6,226
2023,12,22,18,0,18.3,522,522,1,13.3,72.44,59.02,1.9000000000000001,2.6,233
2023,12,22,19,0,19.200000000000003,524,524,1,12.9,66.99,59.11,1.8,2.5,233
2023,12,22,20,0,19.5,465,465,0,12.600000000000001,64.31,62.51,1.7000000000000002,2.4000000000000004,230
2023,12,22,21,0,19.1,347,347,0,12.3,64.82000000000001,68.73,1.7000000000000002,2.2,227
2023,12,22,22,0,17.1,193,193,0,13.100000000000001,77.53,77.06,1.6,1,221
2023,12,22,23,0,14.200000000000001,36,36,0,11.700000000000001,84.87,86.76,1.6,1.1,211
2023,12,23,0,0,13,0,0,0,11.600000000000001,91.39,97.85000000000001,1.5,1.1,201
2023,12,23,1,0,11.8,0,0,0,11.700000000000001,99.5,109.4,1.5,1.2000000000000002,195
2023,12,23,2,0,10.8,0,0,0,10.8,100,121.38,1.5,1.4000000000000001,192
2023,12,23,3,0,10.100000000000001,0,0,0,10.100000000000001,100,133.59,1.4000000000000001,1.5,191
2023,12,23,4,0,9.600000000000001,0,0,1,9.600000000000001,100,145.78,1.4000000000000001,1.7000000000000002,191
2023,12,23,5,0,9.200000000000001,0,0,1,9.200000000000001,100,157.46,1.4000000000000001,1.7000000000000002,191
2023,12,23,6,0,8.9,0,0,1,8.9,100,166.68,1.4000000000000001,1.7000000000000002,188
2023,12,23,7,0,8.700000000000001,0,0,2,8.700000000000001,100,166.39000000000001,1.5,1.8,184
2023,12,23,8,0,8.700000000000001,0,0,3,8.700000000000001,100,156.95000000000002,1.6,1.9000000000000001,180
2023,12,23,9,0,8.700000000000001,0,0,3,8.700000000000001,100,145.22,1.8,1.9000000000000001,178
2023,12,23,10,0,8.8,0,0,3,8.8,100,133.02,1.8,1.8,177
2023,12,23,11,0,9.3,0,0,3,9.3,100,120.82000000000001,1.9000000000000001,1.9000000000000001,176
2023,12,23,12,0,9.9,0,0,3,9.9,100,108.85000000000001,2,2.1,174
2023,12,23,13,0,10.5,0,0,3,10.5,100,97.32000000000001,2,2.5,170
2023,12,23,14,0,12.200000000000001,42,42,0,12,98.67,86.29,2,3.5,164
2023,12,23,15,0,13.8,199,22,3,13.100000000000001,95.53,76.63,2.1,3.9000000000000004,160
2023,12,23,16,0,15.9,354,46,3,14.4,90.98,68.39,2,4.5,164
2023,12,23,17,0,17.400000000000002,468,76,3,14.8,84.92,62.28,2,5.1000000000000005,169
2023,12,23,18,0,18.7,527,84,3,14.8,77.85000000000001,59.02,2,5.300000000000001,169
2023,12,23,19,0,19.400000000000002,525,525,1,14.4,72.89,59.09,2.1,5.5,172
2023,12,23,20,0,19.400000000000002,462,75,3,14.200000000000001,71.9,62.47,2.2,5.5,173
2023,12,23,21,0,18.6,343,189,3,14.4,76.64,68.66,2.4000000000000004,4.7,167
2023,12,23,22,0,17.2,188,188,0,14.700000000000001,85.47,76.98,2.5,4,151
2023,12,23,23,0,15.9,35,35,0,14.8,93.15,86.67,2.5,4,143
2023,12,24,0,0,15.5,0,0,3,14.9,96.29,97.75,2.8000000000000003,4.7,152
2023,12,24,1,0,15.4,0,0,3,14.9,96.92,109.29,3.1,5.5,156
2023,12,24,2,0,15.200000000000001,0,0,7,14.8,97.42,121.27,3.2,5.4,160
2023,12,24,3,0,15,0,0,8,14.700000000000001,97.88,133.48,3.2,5.300000000000001,159
2023,12,24,4,0,14.9,0,0,4,14.600000000000001,98.14,145.67000000000002,3.2,4.9,157
2023,12,24,5,0,14.8,0,0,4,14.600000000000001,98.77,157.36,3.2,4.7,156
2023,12,24,6,0,14.8,0,0,8,14.700000000000001,99.09,166.62,3.1,4.800000000000001,153
2023,12,24,7,0,15,0,0,9,14.8,98.74000000000001,166.43,3.1,5,147
2023,12,24,8,0,14.9,0,0,9,14.8,99.18,157.03,3.2,4.7,138
2023,12,24,9,0,14.9,0,0,9,14.8,99.07000000000001,145.31,3.3000000000000003,5.2,141
2023,12,24,10,0,14.9,0,0,9,14.700000000000001,98.74000000000001,133.11,3.3000000000000003,5.6000000000000005,147
2023,12,24,11,0,14.700000000000001,0,0,6,14.5,98.57000000000001,120.91,3.3000000000000003,6,151
2023,12,24,12,0,14.600000000000001,0,0,6,14.3,98.19,108.94,3.3000000000000003,6.300000000000001,165
2023,12,24,13,0,14.5,0,0,6,14.3,98.91,97.41,3,5.7,179
2023,12,24,14,0,14.700000000000001,40,8,6,14.4,98.33,86.37,2.6,4.9,189
2023,12,24,15,0,15,197,150,7,14.700000000000001,98.11,76.7,2.3000000000000003,4,194
2023,12,24,16,0,15.8,350,138,6,15.100000000000001,95.77,68.43,2.2,3.9000000000000004,198
2023,12,24,17,0,16.8,466,18,6,15.3,90.87,62.31,2.1,4,201
2023,12,24,18,0,17.6,525,114,7,14.9,84.37,59.02,2.2,4.2,204
2023,12,24,19,0,18.2,524,140,7,14.4,78.74,59.050000000000004,2.3000000000000003,4.2,210
2023,12,24,20,0,18.5,463,209,7,13.600000000000001,73.37,62.410000000000004,2.3000000000000003,4.1000000000000005,220
2023,12,24,21,0,17.7,350,194,7,12.700000000000001,72.45,68.59,2.2,3.5,238
2023,12,24,22,0,15.9,197,59,7,12,77.74,76.89,2,3,271
2023,12,24,23,0,13.9,39,23,8,10.3,78.81,86.58,1.8,4.3,298
2023,12,25,0,0,11.5,0,0,3,7.7,77.54,97.64,1.6,6.2,312
2023,12,25,1,0,8.700000000000001,0,0,3,5,77.5,109.19,1.4000000000000001,7.2,321
2023,12,25,2,0,6.7,0,0,3,3,77.41,121.16,1.2000000000000002,7,323
2023,12,25,3,0,5.6000000000000005,0,0,3,1.7000000000000002,75.84,133.37,1.2000000000000002,6.6000000000000005,321
2023,12,25,4,0,4.800000000000001,0,0,4,0.6000000000000001,74.38,145.57,1.1,6.5,320
2023,12,25,5,0,4,0,0,4,-0.2,73.9,157.26,1.1,6.6000000000000005,320
2023,12,25,6,0,3.3000000000000003,0,0,4,-0.9,73.93,166.55,1,6.6000000000000005,322
2023,12,25,7,0,2.6,0,0,1,-1.4000000000000001,75.14,166.46,0.9,6.5,324
2023,12,25,8,0,2,0,0,4,-1.8,75.93,157.11,0.8,6.4,326
2023,12,25,9,0,1.5,0,0,4,-2.3000000000000003,75.65,145.4,0.7000000000000001,6.1000000000000005,326
2023,12,25,10,0,1.1,0,0,4,-2.9000000000000004,74.45,133.21,0.7000000000000001,5.7,325
2023,12,25,11,0,0.7000000000000001,0,0,4,-3.6,72.93,121,0.7000000000000001,5.2,324
2023,12,25,12,0,0.30000000000000004,0,0,4,-4.2,71.79,109.02,0.6000000000000001,4.800000000000001,323
2023,12,25,13,0,0,0,0,4,-4.6000000000000005,70.92,97.49000000000001,0.6000000000000001,4.5,320
2023,12,25,14,0,0.9,46,46,1,-4.9,65.13,86.43,0.6000000000000001,5,317
2023,12,25,15,0,2.5,215,105,4,-5.6000000000000005,55.13,76.75,0.6000000000000001,5.9,320
2023,12,25,16,0,3.8000000000000003,376,265,2,-5.800000000000001,49.63,68.47,0.6000000000000001,6.2,320
2023,12,25,17,0,5,495,495,0,-5.7,45.86,62.32,0.6000000000000001,6.2,316
2023,12,25,18,0,5.9,556,556,0,-5.7,43.1,59.01,0.6000000000000001,6.1000000000000005,310
2023,12,25,19,0,6.5,560,560,0,-5.800000000000001,40.99,59.01,0.5,6,305
2023,12,25,20,0,6.7,496,496,0,-6.1000000000000005,39.67,62.34,0.5,5.9,302
2023,12,25,21,0,6.4,377,377,0,-6.4,39.5,68.5,0.5,5.800000000000001,300
2023,12,25,22,0,5.5,215,215,0,-6.5,41.660000000000004,76.79,0.5,5,299
2023,12,25,23,0,3.1,46,46,0,-5.800000000000001,52.21,86.47,0.5,3.4000000000000004,298
2023,12,26,0,0,1.9000000000000001,0,0,0,-5.6000000000000005,57.38,97.54,0.5,3.3000000000000003,300
2023,12,26,1,0,1.1,0,0,0,-5.6000000000000005,61.11,109.08,0.5,3,302
2023,12,26,2,0,0.1,0,0,0,-5.4,66.27,121.05,0.5,2.5,303
2023,12,26,3,0,-0.7000000000000001,0,0,0,-5.5,70.09,133.26,0.5,2.1,299
2023,12,26,4,0,-1.4000000000000001,0,0,0,-5.7,72.73,145.45000000000002,0.5,2,292
2023,12,26,5,0,-2,0,0,0,-5.9,74.39,157.15,0.5,1.8,282
2023,12,26,6,0,-2.4000000000000004,0,0,0,-6.300000000000001,74.52,166.47,0.5,1.7000000000000002,271
2023,12,26,7,0,-2.7,0,0,0,-6.7,74.13,166.49,0.5,1.8,263
2023,12,26,8,0,-2.9000000000000004,0,0,0,-7,73.49,157.19,0.5,1.7000000000000002,255
2023,12,26,9,0,-3.2,0,0,0,-7.2,73.72,145.49,0.5,1.7000000000000002,251
2023,12,26,10,0,-3.4000000000000004,0,0,0,-7.4,73.86,133.29,0.5,1.6,248
2023,12,26,11,0,-3.7,0,0,4,-7.5,74.81,121.09,0.6000000000000001,1.6,240
2023,12,26,12,0,-3.7,0,0,4,-7.5,75.03,109.11,0.6000000000000001,1.6,230
2023,12,26,13,0,-3.7,0,0,4,-7.300000000000001,75.91,97.56,0.7000000000000001,1.6,220
2023,12,26,14,0,-1.1,44,8,4,-6.6000000000000005,66.04,86.49,0.7000000000000001,2.8000000000000003,212
2023,12,26,15,0,1.2000000000000002,211,56,4,-5.7,59.92,76.8,0.7000000000000001,3.2,203
2023,12,26,16,0,4.5,370,165,4,-5,50.230000000000004,68.51,0.8,4.4,207
2023,12,26,17,0,7.1000000000000005,489,335,4,-4.6000000000000005,43.07,62.33,0.8,6,219
2023,12,26,18,0,8.5,549,394,5,-3.8000000000000003,41.68,58.99,0.9,6.5,230
2023,12,26,19,0,8.8,549,382,8,-3.7,41.03,58.97,0.9,6.2,245
2023,12,26,20,0,8.5,488,330,8,-4.6000000000000005,39.15,62.27,0.9,5.6000000000000005,260
2023,12,26,21,0,7.9,370,228,5,-5.300000000000001,38.81,68.42,0.9,5,267
2023,12,26,22,0,6.7,211,147,5,-4.6000000000000005,44.33,76.69,0.9,3.7,266
2023,12,26,23,0,3.6,45,22,5,-3,61.99,86.37,0.9,2.1,256
2023,12,27,0,0,2.7,0,0,5,-3,66.19,97.42,0.9,2.3000000000000003,249
2023,12,27,1,0,2.4000000000000004,0,0,0,-2.8000000000000003,68.31,108.96000000000001,0.9,2.6,254
2023,12,27,2,0,2.1,0,0,5,-2.6,71.23,120.94,0.9,2.7,266
2023,12,27,3,0,1.4000000000000001,0,0,4,-2.4000000000000004,75.87,133.14000000000001,0.9,2.4000000000000004,272
2023,12,27,4,0,0.9,0,0,4,-2.4000000000000004,78.63,145.34,1,2.2,270
2023,12,27,5,0,0.8,0,0,4,-2.4000000000000004,79.33,157.04,1.1,2.3000000000000003,268
2023,12,27,6,0,0.9,0,0,4,-2.3000000000000003,79.44,166.39000000000001,1.1,2.6,270
2023,12,27,7,0,0.8,0,0,5,-2.1,80.8,166.51,1,2.9000000000000004,280
2023,12,27,8,0,0.30000000000000004,0,0,4,-2,84.47,157.26,1,3.1,296
2023,12,27,9,0,-0.4,0,0,5,-1.9000000000000001,89.7,145.57,0.9,2.7,308
2023,12,27,10,0,-0.8,0,0,4,-1.7000000000000002,93.32000000000001,133.38,0.9,2.5,313
2023,12,27,11,0,-1,0,0,1,-1.7000000000000002,95.11,121.17,0.9,2.7,314
2023,12,27,12,0,-1.2000000000000002,0,0,4,-1.8,95.44,109.18,0.7000000000000001,3.1,318
2023,12,27,13,0,-1.3,0,0,4,-2.3000000000000003,93.03,97.63,0.5,3.5,323
2023,12,27,14,0,-0.1,44,7,4,-2.5,83.86,86.55,0.5,4.2,324
2023,12,27,15,0,1.8,214,86,4,-4,65.2,76.85000000000001,0.5,5.4,329
2023,12,27,16,0,3,378,264,4,-5.6000000000000005,53.22,68.53,0.5,5.9,332
2023,12,27,17,0,4,499,348,4,-5.9,48.32,62.34,0.5,5.7,333
2023,12,27,18,0,4.800000000000001,564,564,0,-6,45.410000000000004,58.96,0.5,5.6000000000000005,333
2023,12,27,19,0,5.300000000000001,565,565,0,-6,43.84,58.910000000000004,0.5,5.5,333
2023,12,27,20,0,5.5,498,498,0,-6,43.27,62.2,0.6000000000000001,5.300000000000001,333
2023,12,27,21,0,5.300000000000001,379,379,0,-5.9,44.29,68.32000000000001,0.6000000000000001,4.9,333
2023,12,27,22,0,4.3,216,216,0,-5.4,49.480000000000004,76.58,0.7000000000000001,3.7,334
2023,12,27,23,0,1,47,23,4,-4.2,68.5,86.26,0.8,1.8,337
2023,12,28,0,0,-0.1,0,0,4,-4.3,73.53,97.31,0.8,1.6,344
2023,12,28,1,0,-0.6000000000000001,0,0,4,-4.5,75.19,108.84,0.9,1.6,351
2023,12,28,2,0,-0.6000000000000001,0,0,0,-4.4,75.55,120.82000000000001,1,1.7000000000000002,356
2023,12,28,3,0,-0.5,0,0,1,-4.6000000000000005,73.94,133.02,1,2.2,359
2023,12,28,4,0,-0.9,0,0,0,-5,73.56,145.22,1,2.4000000000000004,1
2023,12,28,5,0,-1.5,0,0,4,-5.5,74.4,156.92000000000002,1,2.4000000000000004,1
2023,12,28,6,0,-2.2,0,0,4,-5.800000000000001,76.21000000000001,166.29,1,2.2,357
2023,12,28,7,0,-2.9000000000000004,0,0,4,-6.2,78.22,166.52,0.9,2,351
2023,12,28,8,0,-3.5,0,0,4,-6.5,80,157.32,0.9,1.9000000000000001,344
2023,12,28,9,0,-3.7,0,0,4,-6.6000000000000005,80.5,145.65,0.8,1.8,334
2023,12,28,10,0,-3.8000000000000003,0,0,4,-6.5,81.53,133.46,0.7000000000000001,1.9000000000000001,324
2023,12,28,11,0,-4,0,0,4,-6.300000000000001,84.14,121.25,0.7000000000000001,1.9000000000000001,318
2023,12,28,12,0,-4,0,0,0,-5.9,86.91,109.26,0.6000000000000001,1.9000000000000001,317
2023,12,28,13,0,-4,0,0,0,-5.4,90.04,97.7,0.7000000000000001,1.8,318
2023,12,28,14,0,-1.5,42,42,0,-4.6000000000000005,79.21000000000001,86.60000000000001,0.7000000000000001,2.7,318
2023,12,28,15,0,0.9,209,115,5,-5.5,62.34,76.89,0.7000000000000001,3.4000000000000004,330
2023,12,28,16,0,2.6,368,251,5,-6.1000000000000005,52.81,68.55,0.8,3.5,333
2023,12,28,17,0,4,487,315,5,-5.7,49.160000000000004,62.33,0.8,3.5,330
2023,12,28,18,0,5,551,551,1,-5.4,47.14,58.93,0.8,3.5,329
2023,12,28,19,0,5.7,553,273,5,-5.1000000000000005,45.910000000000004,58.85,0.8,3.7,332
2023,12,28,20,0,5.9,492,264,8,-4.9,45.96,62.11,0.8,3.9000000000000004,336
2023,12,28,21,0,5.5,375,262,5,-4.6000000000000005,48.06,68.22,0.8,4,342
2023,12,28,22,0,4.4,216,165,7,-4,54.24,76.47,0.8,3.4000000000000004,347
2023,12,28,23,0,1.1,49,49,0,-3.3000000000000003,72.72,86.14,0.7000000000000001,1.9000000000000001,349
2023,12,29,0,0,0.2,0,0,0,-3.3000000000000003,77.05,97.19,0.7000000000000001,2.1,349
2023,12,29,1,0,-0.30000000000000004,0,0,0,-3.4000000000000004,79.46000000000001,108.72,0.8,2.1,344
2023,12,29,2,0,-0.8,0,0,0,-3.6,81.62,120.69,0.7000000000000001,2.2,336
2023,12,29,3,0,-1.3,0,0,0,-3.8000000000000003,83.38,132.9,0.7000000000000001,2.3000000000000003,327
2023,12,29,4,0,-1.8,0,0,0,-4,85.08,145.09,0.8,2.6,317
2023,12,29,5,0,-2.2,0,0,0,-4.2,86.26,156.8,0.8,2.8000000000000003,310
2023,12,29,6,0,-2.5,0,0,0,-4.3,87.21000000000001,166.20000000000002,0.8,3,304
2023,12,29,7,0,-2.9000000000000004,0,0,7,-4.4,89.55,166.52,0.8,3.2,298
2023,12,29,8,0,-3,0,0,0,-4.2,91.32000000000001,157.38,0.8,3.4000000000000004,292
2023,12,29,9,0,-3,0,0,0,-4,92.98,145.72,0.8,3.5,285
2023,12,29,10,0,-3,0,0,0,-3.8000000000000003,93.99,133.53,0.8,3.6,280
2023,12,29,11,0,-3.1,0,0,5,-3.8000000000000003,94.94,121.32000000000001,0.8,3.7,279
2023,12,29,12,0,-3.3000000000000003,0,0,1,-3.9000000000000004,95.87,109.32000000000001,0.7000000000000001,3.7,281
2023,12,29,13,0,-3.3000000000000003,0,0,0,-4,95.03,97.76,0.7000000000000001,3.6,284
2023,12,29,14,0,-1.9000000000000001,42,42,0,-3.9000000000000004,85.91,86.64,0.7000000000000001,4.2,290
2023,12,29,15,0,0.8,209,209,0,-3.8000000000000003,71.32000000000001,76.92,0.7000000000000001,4.1000000000000005,298
2023,12,29,16,0,4.3,370,370,0,-4.9,51.230000000000004,68.57000000000001,0.7000000000000001,4.9,323
2023,12,29,17,0,6.5,494,494,0,-5.4,42.37,62.32,0.6000000000000001,5,331
2023,12,29,18,0,8,558,558,0,-4.9,39.56,58.89,0.6000000000000001,4.9,331
2023,12,29,19,0,9.1,564,564,0,-4.3,38.68,58.78,0.5,4.800000000000001,331
2023,12,29,20,0,9.8,502,502,0,-3.8000000000000003,38.03,62.02,0.5,4.6000000000000005,331
2023,12,29,21,0,9.9,384,384,0,-3.7,38.24,68.11,0.5,4.1000000000000005,331
2023,12,29,22,0,7.5,223,223,0,-1.6,52.620000000000005,76.36,0.5,2.1,328
2023,12,29,23,0,3.2,52,52,0,-2.2,67.48,86.03,0.5,1.6,322
2023,12,30,0,0,2.2,0,0,0,-2.8000000000000003,69.35000000000001,97.06,0.5,1.6,317
2023,12,30,1,0,1.7000000000000002,0,0,0,-3.2,70.18,108.60000000000001,0.5,1.7000000000000002,312
2023,12,30,2,0,1.2000000000000002,0,0,0,-3.4000000000000004,71.33,120.57000000000001,0.5,1.8,306
2023,12,30,3,0,0.8,0,0,0,-3.6,72.15,132.77,0.4,1.9000000000000001,305
2023,12,30,4,0,0.5,0,0,0,-3.8000000000000003,72.65,144.97,0.4,2,307
2023,12,30,5,0,0,0,0,0,-4,74.26,156.68,0.4,2,310
2023,12,30,6,0,-0.4,0,0,0,-4.2,75.41,166.09,0.4,2,313
2023,12,30,7,0,-0.9,0,0,0,-4.4,77.10000000000001,166.51,0.4,1.9000000000000001,314
2023,12,30,8,0,-1.4000000000000001,0,0,0,-4.6000000000000005,78.95,157.43,0.5,1.8,314
2023,12,30,9,0,-1.8,0,0,0,-4.7,80.36,145.79,0.5,1.8,312
2023,12,30,10,0,-2.2,0,0,0,-4.9,81.7,133.6,0.5,1.8,310
2023,12,30,11,0,-2.5,0,0,0,-5.2,81.82000000000001,121.39,0.5,1.8,309
2023,12,30,12,0,-2.8000000000000003,0,0,0,-5.5,81.59,109.39,0.5,1.7000000000000002,309
2023,12,30,13,0,-2.9000000000000004,0,0,0,-5.7,80.8,97.81,0.5,1.5,309
2023,12,30,14,0,-0.1,42,42,0,-4.7,71.39,86.69,0.5,2,311
2023,12,30,15,0,2.8000000000000003,210,210,0,-4.5,58.76,76.95,0.6000000000000001,2.4000000000000004,309
2023,12,30,16,0,5.800000000000001,373,373,0,-3,53.300000000000004,68.57000000000001,0.6000000000000001,1.6,290
2023,12,30,17,0,9.4,491,491,0,-1.3,47.24,62.300000000000004,0.7000000000000001,1.4000000000000001,254
2023,12,30,18,0,13.100000000000001,555,555,0,-2.4000000000000004,34.07,58.84,0.7000000000000001,2.4000000000000004,257
2023,12,30,19,0,14.200000000000001,557,431,8,-2.4000000000000004,31.6,58.71,0.7000000000000001,2.5,251
2023,12,30,20,0,14.600000000000001,496,394,8,-2.2,31.36,61.92,0.7000000000000001,2.5,244
2023,12,30,21,0,14.3,385,385,0,0.9,40.2,68,0.6000000000000001,1.7000000000000002,236
2023,12,30,22,0,11.600000000000001,224,224,0,3.3000000000000003,56.9,76.24,0.6000000000000001,1,212
2023,12,30,23,0,8.8,53,53,0,-0.7000000000000001,51.27,85.91,0.6000000000000001,1.4000000000000001,194
2023,12,31,0,0,6.9,0,0,0,-1,57.33,96.93,0.6000000000000001,1.5,188
2023,12,31,1,0,5.4,0,0,0,-0.8,64.12,108.47,0.7000000000000001,1.6,189
2023,12,31,2,0,4.4,0,0,0,-0.9,68.55,120.44,0.7000000000000001,1.6,190
2023,12,31,3,0,3.8000000000000003,0,0,0,-1,70.95,132.64000000000001,0.7000000000000001,1.7000000000000002,189
2023,12,31,4,0,3.2,0,0,0,-1.1,73.52,144.84,0.7000000000000001,1.7000000000000002,190
2023,12,31,5,0,2.5,0,0,0,-1.2000000000000002,76.7,156.55,0.7000000000000001,1.6,197
2023,12,31,6,0,1.8,0,0,0,-1.3,80.16,165.98,0.8,1.4000000000000001,208
2023,12,31,7,0,1.5,0,0,0,-1.1,82.66,166.5,0.8,1.4000000000000001,226
2023,12,31,8,0,1.5,0,0,1,-1,83.33,157.48,0.8,1.2000000000000002,251
2023,12,31,9,0,1.4000000000000001,0,0,7,-1,83.94,145.85,0.8,1.1,309
2023,12,31,10,0,1.7000000000000002,0,0,7,-0.9,82.95,133.67000000000002,0.8,1.5,358
2023,12,31,11,0,2,0,0,7,-0.7000000000000001,82.36,121.45,0.9,2.5,18
2023,12,31,12,0,1.8,0,0,7,-0.6000000000000001,84.28,109.45,0.9,3.4000000000000004,21
2023,12,31,13,0,1.4000000000000001,0,0,7,-0.6000000000000001,86.79,97.86,0.9,3.7,21
2023,12,31,14,0,1.8,40,22,7,-0.6000000000000001,84.13,86.72,0.9,4.2,22
2023,12,31,15,0,3.1,206,142,7,-1.1,73.72,76.97,0.9,4.800000000000001,28
2023,12,31,16,0,4.6000000000000005,367,184,6,-2,62.050000000000004,68.57000000000001,0.9,5.300000000000001,36
2023,12,31,17,0,5.9,488,160,6,-2.4000000000000004,55.25,62.28,0.9,5.1000000000000005,37
2023,12,31,18,0,6.6000000000000005,554,376,7,-2.5,52.33,58.79,0.9,4.9,36
2023,12,31,19,0,6.7,557,474,8,-2.5,51.730000000000004,58.63,0.9,4.7,32
2023,12,31,20,0,6.5,497,389,7,-2.6,52.15,61.82,0.9,4.5,26
2023,12,31,21,0,5.7,381,286,7,-2.6,55.120000000000005,67.88,0.9,4.3,22
2023,12,31,22,0,4.6000000000000005,222,159,7,-2.4000000000000004,60.65,76.11,0.9,3.7,20
2023,12,31,23,0,3.2,53,28,7,-2,68.56,85.78,1,3.1,20
